General parameters 

20 67 720 750


Customer schedules 

0 0	0 [0,720]	
1 31	1 [0,59]	2 [190,247]	3 [378,720]	
2 52	4 [0,720]	
3 80	5 [0,36]	6 [231,275]	7 [529,552]	8 [615,720]	
4 60	9 [0,79]	10 [92,98]	11 [142,350]	12 [398,425]	13 [486,720]	
5 69	14 [0,14]	15 [59,169]	16 [311,425]	17 [529,720]	
6 40	18 [0,720]	
7 29	19 [0,62]	20 [63,358]	21 [359,720]	
8 62	22 [0,33]	23 [257,262]	24 [438,502]	25 [705,720]	
9 36	26 [0,43]	27 [149,186]	28 [465,500]	29 [673,720]	
10 56	30 [0,22]	31 [111,154]	32 [329,372]	33 [506,529]	34 [678,720]	
11 68	35 [0,720]	
12 46	36 [0,92]	37 [134,248]	38 [383,469]	39 [566,566]	40 [647,720]	
13 35	41 [0,101]	42 [140,269]	43 [345,359]	44 [404,425]	45 [516,557]	46 [639,720]	
14 31	47 [0,720]	
15 64	48 [0,27]	49 [66,93]	50 [177,180]	51 [216,303]	52 [429,720]	
16 55	53 [0,6]	54 [50,170]	55 [319,392]	56 [520,545]	57 [605,640]	58 [705,720]	
17 28	59 [0,720]	
18 56	60 [0,720]	
19 49	61 [0,720]	
20 33	62 [0,29]	63 [223,236]	64 [402,443]	65 [488,720]	
21 0	66 [0,720]	


Location coordinates

0 	 0.0 0.0
1 	 -45.4947571916 115.397416084
2 	 -89.0298030481 66.5765845466
3 	 -45.4947571916 115.397416084
4 	 2.9190561026 -24.9756657508
5 	 12.3695048108 -41.9005337649
6 	 -16.5890943663 -134.909848809
7 	 9.42512395067 -10.7839554344
8 	 12.3695048108 -41.9005337649
9 	 40.1244898289 90.4438368121
10 	 34.8200885476 93.7509404409
11 	 22.409026817 111.786887218
12 	 45.0543262011 120.432608282
13 	 40.1244898289 90.4438368121
14 	 -1.69261026499 0.795651039849
15 	 -20.5622566873 13.4448907432
16 	 49.8812694409 6.17809804809
17 	 -1.69261026499 0.795651039849
18 	 67.4469768592 13.8937171119
19 	 110.389635962 -97.1577503939
20 	 110.155704671 -96.9446985269
21 	 110.389635962 -97.1577503939
22 	 36.0262650844 47.4728570105
23 	 141.200782532 8.46632577791
24 	 72.8837401048 -47.0266021046
25 	 36.0262650844 47.4728570105
26 	 32.9833332189 -37.4370152708
27 	 80.1244801575 -12.7702134824
28 	 -39.8383562959 -84.3817550922
29 	 32.9833332189 -37.4370152708
30 	 -85.4590530229 -92.1761929383
31 	 -78.8727731204 -136.196655556
32 	 -9.9112597541 -82.5754339073
33 	 -48.4324947332 -27.8059231114
34 	 -85.4590530229 -92.1761929383
35 	 -78.6916006613 -18.5163291485
36 	 3.3029771156 -2.26676022321
37 	 -8.06855539378 -19.7619108937
38 	 9.94355648209 45.5482329066
39 	 42.2476490995 9.27573665332
40 	 3.3029771156 -2.26676022321
41 	 -87.7052573591 -58.1420625629
42 	 -103.83721842 -68.8733036978
43 	 -76.2709424117 -42.9396262588
44 	 -86.0294134507 -63.301379317
45 	 -77.0562981142 -18.5237620116
46 	 -87.7052573591 -58.1420625629
47 	 -67.3739676628 5.45550886378
48 	 53.1270276388 131.421724592
49 	 71.3115737721 138.845719064
50 	 102.47839066 167.250777633
51 	 112.468730092 152.340282237
52 	 53.1270276388 131.421724592
53 	 59.5071728575 36.9747734906
54 	 77.4391030506 50.0197209363
55 	 3.61485018797 60.3834363992
56 	 66.9917066163 68.0106724513
57 	 89.6770987283 48.755634824
58 	 59.5071728575 36.9747734906
59 	 -28.7936958526 -24.8486757545
60 	 94.261932893 118.716803727
61 	 14.3548158037 28.9508773371
62 	 75.1273784028 52.0895587393
63 	 153.701150754 108.990849769
64 	 78.5426399883 74.2604512772
65 	 75.1273784028 52.0895587393
66 	 0.0 0.0


Travel time matrix 

(32, 54) 318
(31, 6) 125
(53, 53) 0
(57, 50) 238
(40, 22) 119
(21, 28) 302
(4, 36) 45
(43, 3) 322
(8, 63) 413
(7, 25) 128
(65, 50) 237
(46, 12) 445
(29, 44) 243
(33, 41) 99
(16, 47) 235
(36, 34) 253
(1, 64) 261
(58, 19) 287
(41, 57) 414
(61, 38) 34
(44, 34) 58
(9, 0) 198
(48, 37) 326
(12, 59) 326
(34, 8) 220
(15, 30) 248
(37, 13) 240
(24, 14) 177
(62, 31) 486
(45, 61) 206
(66, 66) 0
(49, 58) 205
(13, 20) 400
(52, 17) 283
(0, 55) 121
(20, 58) 286
(3, 2) 131
(25, 49) 196
(64, 20) 348
(28, 10) 386
(50, 27) 362
(31, 15) 321
(53, 62) 43
(1, 40) 255
(57, 59) 279
(40, 29) 92
(21, 37) 283
(4, 35) 163
(8, 38) 175
(7, 22) 128
(65, 11) 159
(46, 23) 477
(29, 37) 89
(33, 34) 149
(16, 38) 112
(36, 41) 213
(58, 26) 158
(41, 34) 68
(22, 12) 147
(61, 63) 321
(44, 25) 329
(9, 9) 0
(66, 42) 249
(12, 50) 148
(34, 3) 422
(17, 57) 206
(37, 54) 220
(59, 9) 269
(24, 21) 125
(42, 20) 432
(45, 54) 338
(49, 51) 87
(13, 13) 0
(52, 24) 359
(0, 14) 4
(38, 31) 405
(3, 11) 136
(25, 58) 51
(28, 1) 400
(50, 18) 314
(53, 7) 138
(1, 33) 286
(57, 60) 140
(40, 4) 45
(21, 46) 404
(4, 42) 231
(8, 45) 185
(7, 15) 77
(65, 12) 149
(46, 30) 68
(29, 62) 198
(33, 59) 40
(16, 29) 94
(54, 46) 394
(2, 64) 335
(58, 37) 176
(41, 43) 38
(22, 7) 128
(5, 53) 184
(61, 56) 131
(44, 16) 305
(9, 50) 198
(66, 37) 43
(47, 5) 185
(12, 41) 445
(34, 26) 261
(17, 50) 393
(37, 63) 413
(59, 14) 75
(24, 28) 238
(62, 9) 104
(45, 47) 52
(10, 19) 411
(49, 52) 39
(13, 6) 465
(0, 5) 87
(38, 22) 52
(25, 3) 212
(45, 64) 362
(28, 24) 238
(50, 13) 198
(53, 0) 140
(1, 58) 262
(40, 11) 231
(21, 55) 381
(4, 17) 52
(26, 34) 261
(7, 4) 31
(65, 5) 226
(46, 33) 99
(11, 65) 159
(33, 60) 409
(16, 20) 239
(54, 33) 296
(19, 1) 527
(17, 64) 218
(41, 44) 11
(22, 30) 370
(5, 62) 226
(61, 49) 248
(44, 15) 202
(9, 59) 269
(66, 60) 303
(47, 2) 130
(12, 32) 421
(34, 21) 392
(17, 43) 173
(37, 56) 231
(59, 7) 81
(42, 53) 389
(62, 48) 165
(45, 40) 164
(10, 26) 262
(49, 45) 433
(13, 63) 230
(0, 28) 187
(38, 9) 108
(25, 4) 159
(63, 19) 421
(28, 23) 407
(50, 4) 433
(14, 38) 92
(53, 9) 114
(1, 51) 324
(21, 48) 471
(4, 24) 147
(26, 45) 223
(65, 30) 431
(46, 40) 213
(29, 48) 340
(33, 53) 252
(16, 11) 218
(54, 56) 42
(19, 6) 265
(58, 55) 121
(41, 21) 404
(22, 17) 120
(5, 39) 119
(44, 6) 199
(9, 60) 122
(66, 55) 121
(47, 11) 278
(30, 49) 558
(34, 44) 58
(17, 44) 212
(56, 1) 244
(37, 33) 82
(59, 28) 121
(42, 60) 546
(62, 59) 258
(29, 54) 196
(10, 5) 275
(49, 38) 223
(30, 64) 467
(13, 56) 70
(35, 23) 443
(0, 19) 294
(38, 0) 93
(25, 13) 86
(63, 24) 351
(50, 63) 155
(14, 41) 209
(53, 18) 49
(1, 52) 200
(21, 57) 295
(4, 7) 31
(26, 52) 340
(65, 23) 158
(46, 51) 581
(29, 9) 256
(51, 36) 379
(16, 2) 302
(54, 51) 216
(19, 15) 343
(2, 45) 172
(58, 62) 43
(41, 30) 68
(22, 40) 119
(5, 32) 93
(9, 37) 240
(66, 14) 4
(47, 16) 235
(30, 56) 442
(34, 39) 326
(17, 37) 43
(56, 8) 245
(37, 42) 215
(59, 21) 314
(42, 39) 331
(23, 11) 315
(6, 65) 417
(62, 34) 431
(45, 26) 223
(10, 12) 57
(13, 49) 115
(35, 28) 153
(18, 60) 216
(55, 65) 144
(38, 59) 161
(60, 12) 98
(25, 22) 0
(63, 1) 399
(27, 64) 174
(50, 54) 239
(14, 48) 283
(53, 27) 108
(1, 13) 178
(21, 66) 294
(4, 14) 52
(26, 63) 380
(46, 58) 350
(29, 2) 321
(51, 45) 510
(54, 10) 122
(19, 20) 1
(2, 36) 230
(58, 57) 65
(41, 7) 216
(22, 35) 265
(5, 41) 203
(9, 46) 392
(66, 9) 198
(47, 25) 223
(30, 35) 148
(34, 62) 431
(17, 30) 250
(56, 15) 206
(55, 41) 299
(59, 42) 174
(42, 46) 39
(23, 0) 283
(6, 56) 438
(62, 37) 219
(45, 19) 407
(10, 55) 91
(32, 8) 93
(13, 42) 429
(35, 5) 188
(18, 55) 158
(38, 50) 306
(60, 11) 144
(25, 31) 433
(63, 14) 379
(11, 28) 411
(50, 49) 84
(14, 59) 75
(1, 6) 503
(39, 17) 90
(26, 6) 219
(42, 64) 464
(46, 61) 268
(29, 27) 106
(51, 50) 36
(39, 26) 95
(54, 13) 110
(19, 29) 196
(2, 63) 493
(41, 8) 203
(22, 58) 51
(5, 18) 157
(27, 45) 315
(66, 0) 0
(47, 38) 174
(30, 42) 59
(34, 57) 449
(17, 23) 286
(56, 22) 74
(55, 38) 32
(20, 4) 258
(59, 35) 100
(42, 41) 39
(23, 25) 224
(6, 51) 629
(62, 44) 396
(45, 12) 370
(10, 62) 116
(32, 15) 193
(13, 35) 322
(35, 10) 319
(18, 46) 342
(38, 53) 101
(60, 2) 381
(43, 58) 315
(63, 55) 316
(11, 21) 453
(50, 40) 393
(14, 2) 218
(18, 65) 78
(1, 31) 508
(39, 14) 90
(22, 66) 119
(26, 1) 344
(48, 30) 526
(29, 20) 195
(51, 59) 453
(15, 33) 100
(54, 4) 211
(19, 34) 392
(2, 54) 335
(22, 61) 57
(5, 27) 148
(27, 34) 367
(66, 27) 162
(47, 47) 0
(30, 45) 148
(34, 48) 526
(17, 8) 90
(0, 64) 216
(56, 29) 222
(37, 64) 256
(20, 3) 526
(59, 56) 267
(42, 16) 342
(23, 22) 224
(6, 42) 219
(64, 45) 362
(45, 5) 185
(10, 57) 142
(49, 66) 312
(32, 6) 106
(31, 54) 486
(35, 51) 512
(18, 41) 342
(57, 2) 359
(38, 44) 290
(60, 25) 184
(43, 51) 543
(63, 60) 120
(11, 10) 44
(50, 35) 519
(14, 5) 90
(36, 18) 132
(1, 16) 290
(39, 7) 77
(43, 64) 388
(26, 8) 42
(48, 21) 471
(51, 0) 379
(15, 46) 196
(54, 31) 486
(19, 43) 389
(2, 49) 351
(22, 52) 171
(5, 4) 39
(9, 65) 104
(66, 18) 138
(47, 52) 349
(30, 20) 391
(52, 33) 378
(17, 1) 245
(56, 36) 190
(55, 52) 173
(20, 10) 410
(3, 50) 314
(59, 49) 384
(42, 27) 384
(23, 47) 417
(6, 45) 262
(64, 36) 215
(10, 32) 364
(32, 29) 125
(31, 63) 675
(35, 56) 339
(18, 32) 247
(57, 11) 184
(38, 39) 97
(17, 28) 187
(60, 16) 242
(43, 40) 178
(8, 22) 185
(63, 37) 413
(11, 3) 136
(14, 12) 257
(36, 25) 119
(55, 43) 261
(39, 60) 242
(61, 15) 76
(26, 19) 196
(48, 12) 27
(51, 9) 190
(15, 55) 106
(54, 22) 83
(19, 48) 471
(2, 8) 297
(24, 37) 171
(5, 13) 270
(27, 48) 293
(47, 61) 170
(30, 31) 89
(34, 66) 251
(56, 43) 362
(55, 13) 95
(20, 17) 297
(3, 59) 282
(59, 54) 259
(42, 2) 273
(23, 36) 277
(6, 36) 268
(64, 59) 292
(10, 43) 352
(32, 20) 242
(31, 36) 314
(35, 33) 63
(18, 27) 59
(57, 12) 169
(40, 52) 285
(60, 47) 395
(43, 33) 63
(8, 29) 42
(7, 63) 375
(63, 34) 625
(28, 64) 396
(11, 56) 125
(33, 11) 313
(14, 23) 286
(36, 0) 8
(39, 53) 65
(31, 66) 315
(61, 8) 142
(26, 26) 0
(48, 3) 200
(12, 25) 147
(51, 14) 379
(15, 60) 312
(19, 57) 295
(2, 3) 131
(24, 44) 319
(65, 16) 105
(27, 9) 221
(47, 58) 261
(30, 6) 162
(52, 55) 173
(56, 50) 211
(55, 10) 91
(20, 24) 125
(3, 32) 402
(42, 13) 429
(23, 61) 257
(6, 31) 125
(64, 50) 192
(28, 40) 186
(32, 43) 155
(31, 45) 235
(35, 38) 219
(18, 18) 0
(57, 21) 295
(40, 59) 78
(21, 7) 266
(4, 65) 211
(60, 38) 223
(43, 38) 247
(8, 4) 39
(7, 52) 298
(63, 43) 551
(11, 49) 112
(39, 66) 87
(33, 12) 351
(14, 30) 250
(53, 65) 43
(36, 15) 57
(39, 50) 338
(61, 1) 210
(44, 63) 590
(48, 58) 189
(12, 16) 229
(51, 23) 293
(15, 5) 129
(19, 62) 307
(2, 26) 321
(24, 51) 406
(27, 14) 166
(60, 34) 554
(49, 29) 361
(30, 9) 443
(52, 62) 165
(0, 44) 214
(56, 57) 60
(55, 3) 147
(20, 39) 252
(3, 41) 357
(23, 58) 173
(6, 22) 380
(64, 9) 83
(28, 39) 249
(47, 49) 385
(32, 34) 152
(13, 64) 83
(56, 2) 312
(35, 47) 53
(18, 13) 163
(57, 30) 449
(40, 34) 253
(21, 0) 294
(60, 61) 240
(43, 31) 187
(8, 11) 308
(7, 45) 174
(65, 46) 393
(11, 54) 165
(33, 5) 125
(16, 59) 169
(36, 54) 181
(58, 7) 138
(39, 43) 259
(61, 26) 138
(44, 54) 397
(7, 66) 29
(48, 49) 39
(12, 15) 251
(51, 28) 563
(15, 2) 173
(37, 17) 43
(2, 21) 516
(55, 49) 207
(24, 58) 170
(27, 7) 141
(49, 22) 196
(52, 5) 356
(0, 35) 162
(55, 24) 256
(20, 46) 403
(3, 46) 357
(23, 51) 293
(6, 9) 465
(64, 0) 216
(28, 62) 357
(32, 57) 330
(31, 19) 386
(53, 34) 388
(18, 4) 151
(57, 39) 123
(40, 41) 213
(21, 9) 400
(4, 55) 170
(60, 52) 86
(43, 20) 388
(8, 50) 455
(7, 42) 254
(65, 39) 108
(46, 3) 357
(11, 47) 278
(33, 30) 149
(16, 50) 339
(36, 61) 66
(58, 14) 142
(39, 32) 211
(61, 19) 317
(44, 45) 91
(9, 21) 400
(48, 40) 285
(12, 6) 525
(16, 65) 105
(15, 11) 215
(37, 26) 89
(24, 1) 402
(62, 18) 78
(27, 28) 279
(49, 15) 311
(52, 12) 27
(0, 58) 140
(55, 17) 120
(20, 53) 286
(3, 23) 430
(25, 38) 52
(6, 0) 272
(64, 7) 219
(28, 53) 314
(40, 65) 180
(32, 48) 446
(31, 24) 352
(14, 64) 218
(53, 43) 315
(57, 40) 201
(40, 16) 95
(21, 18) 238
(4, 62) 211
(60, 51) 76
(43, 13) 354
(8, 57) 238
(7, 35) 177
(65, 56) 36
(46, 10) 390
(11, 36) 231
(33, 23) 386
(16, 41) 304
(36, 36) 0
(37, 20) 282
(58, 9) 114
(41, 55) 299
(61, 44) 272
(44, 36) 216
(9, 30) 443
(48, 47) 349
(12, 61) 193
(34, 14) 250
(15, 16) 142
(37, 3) 280
(41, 64) 425
(24, 8) 121
(62, 21) 307
(27, 21) 179
(49, 0) 312
(13, 26) 256
(52, 11) 73
(0, 49) 312
(20, 60) 432
(3, 28) 400
(23, 65) 158
(64, 30) 467
(28, 12) 443
(32, 55) 287
(31, 1) 508
(53, 52) 189
(57, 49) 184
(40, 23) 277
(21, 27) 179
(4, 37) 24
(43, 2) 220
(8, 32) 93
(7, 24) 146
(65, 49) 174
(46, 13) 392
(29, 43) 219
(33, 40) 115
(16, 32) 214
(36, 35) 167
(58, 16) 65
(41, 56) 399
(22, 10) 93
(61, 37) 107
(44, 35) 91
(9, 7) 212
(48, 38) 192
(12, 52) 27
(34, 9) 443
(15, 25) 132
(37, 12) 300
(24, 15) 222
(42, 23) 513
(45, 60) 439
(49, 57) 184
(13, 19) 400
(52, 18) 237
(0, 8) 87
(20, 59) 313
(3, 5) 335
(25, 48) 171
(64, 21) 349
(28, 11) 411
(50, 24) 432
(31, 14) 314
(53, 61) 92
(1, 47) 224
(57, 58) 65
(40, 30) 253
(21, 36) 286
(4, 44) 194
(8, 39) 119
(7, 17) 32
(65, 10) 116
(46, 20) 403
(29, 36) 92
(33, 33) 0
(16, 39) 16
(36, 42) 252
(58, 27) 108
(41, 33) 99
(22, 13) 86
(61, 62) 130
(26, 64) 241
(9, 8) 270
(66, 43) 175
(12, 51) 149
(34, 0) 251
(17, 56) 192
(37, 53) 176
(59, 8) 89
(24, 22) 203
(62, 7) 181
(45, 53) 295
(49, 50) 84
(13, 12) 61
(52, 25) 171
(0, 15) 49
(38, 28) 278
(3, 10) 166
(25, 57) 107
(28, 2) 318
(50, 19) 529
(66, 10) 200
(53, 6) 376
(1, 32) 402
(40, 5) 81
(21, 45) 407
(4, 43) 162
(8, 46) 203
(7, 14) 32
(65, 3) 272
(46, 31) 157
(29, 61) 138
(33, 58) 252
(16, 30) 335
(54, 47) 303
(2, 65) 330
(15, 31) 321
(41, 42) 39
(22, 4) 159
(5, 52) 356
(61, 55) 66
(44, 17) 212
(9, 49) 115
(66, 34) 251
(47, 4) 153
(12, 42) 482
(51, 65) 214
(34, 27) 367
(17, 49) 312
(37, 62) 219
(59, 1) 282
(24, 29) 82
(62, 14) 185
(45, 46) 82
(10, 16) 178
(49, 43) 468
(13, 5) 270
(0, 6) 272
(38, 23) 273
(25, 2) 253
(63, 21) 421
(28, 25) 304
(50, 10) 200
(33, 66) 112
(53, 15) 167
(1, 57) 301
(40, 12) 259
(21, 54) 302
(4, 18) 151
(26, 35) 226
(7, 7) 0
(65, 4) 211
(46, 38) 285
(11, 64) 135
(33, 51) 483
(16, 21) 239
(52, 43) 434
(54, 38) 135
(19, 0) 294
(58, 45) 295
(41, 19) 404
(22, 31) 433
(5, 61) 142
(61, 48) 219
(44, 8) 201
(9, 58) 114
(66, 61) 65
(47, 13) 274
(12, 33) 351
(34, 18) 372
(17, 42) 247
(37, 39) 116
(59, 6) 221
(42, 50) 627
(62, 49) 174
(29, 55) 204
(10, 27) 232
(49, 44) 512
(13, 62) 104
(35, 17) 159
(0, 29) 100
(38, 14) 92
(25, 11) 131
(63, 18) 257
(28, 16) 255
(50, 5) 455
(14, 39) 90
(53, 8) 184
(1, 50) 314
(21, 63) 421
(4, 25) 159
(26, 42) 280
(65, 29) 198
(46, 41) 0
(29, 15) 148
(33, 52) 378
(16, 12) 229
(54, 57) 25
(19, 9) 400
(58, 52) 189
(41, 20) 403
(22, 22) 0
(5, 38) 175
(44, 7) 218
(9, 35) 322
(66, 52) 284
(47, 10) 270
(30, 54) 432
(34, 45) 148
(17, 35) 159
(50, 65) 237
(37, 32) 126
(59, 31) 244
(42, 61) 307
(23, 13) 260
(62, 56) 36
(45, 32) 186
(10, 2) 254
(49, 37) 355
(30, 65) 431
(13, 55) 95
(35, 22) 265
(0, 20) 293
(38, 1) 178
(25, 12) 147
(63, 27) 285
(27, 65) 130
(50, 60) 98
(14, 46) 209
(53, 17) 142
(1, 11) 136
(21, 56) 342
(4, 0) 50
(26, 53) 158
(65, 22) 79
(46, 48) 472
(29, 8) 42
(12, 64) 114
(51, 39) 318
(16, 3) 290
(54, 48) 170
(19, 14) 298
(2, 42) 273
(58, 63) 237
(41, 29) 245
(22, 41) 325
(5, 47) 185
(61, 66) 65
(9, 36) 199
(66, 15) 49
(47, 19) 410
(30, 57) 449
(34, 36) 253
(17, 36) 12
(56, 9) 70
(37, 41) 177
(59, 20) 313
(42, 36) 252
(23, 10) 272
(62, 35) 338
(45, 25) 262
(10, 13) 13
(13, 48) 86
(35, 31) 235
(18, 61) 110
(55, 64) 152
(38, 56) 123
(60, 13) 122
(25, 21) 325
(63, 0) 377
(50, 55) 291
(14, 49) 312
(53, 26) 158
(1, 12) 181
(21, 65) 307
(4, 15) 90
(26, 60) 335
(46, 59) 135
(29, 1) 344
(51, 44) 586
(39, 27) 87
(54, 11) 165
(19, 23) 220
(2, 37) 237
(41, 6) 209
(22, 32) 276
(5, 40) 81
(9, 45) 320
(66, 6) 272
(47, 24) 300
(30, 32) 152
(34, 63) 625
(17, 29) 103
(56, 16) 128
(55, 40) 125
(59, 45) 97
(42, 47) 166
(23, 3) 430
(6, 57) 424
(62, 42) 432
(45, 18) 296
(10, 52) 84
(32, 9) 360
(13, 41) 392
(35, 4) 163
(18, 52) 237
(38, 51) 296
(60, 4) 341
(25, 30) 370
(63, 9) 230
(11, 31) 535
(50, 46) 590
(14, 56) 192
(1, 5) 335
(39, 16) 16
(26, 7) 71
(46, 66) 210
(29, 26) 0
(51, 53) 254
(54, 2) 335
(19, 28) 302
(2, 60) 381
(41, 15) 196
(22, 59) 194
(5, 17) 90
(62, 66) 183
(27, 44) 347
(66, 1) 248
(47, 33) 77
(30, 43) 100
(34, 54) 432
(17, 22) 120
(56, 23) 190
(37, 65) 219
(20, 5) 224
(59, 34) 176
(24, 64) 243
(23, 24) 176
(6, 48) 551
(62, 45) 336
(45, 11) 328
(10, 63) 240
(32, 0) 166
(13, 34) 443
(35, 13) 322
(18, 47) 270
(38, 42) 323
(60, 3) 279
(43, 61) 231
(63, 54) 193
(11, 20) 453
(50, 41) 590
(14, 3) 245
(36, 20) 286
(1, 30) 422
(39, 9) 162
(26, 14) 103
(48, 31) 597
(29, 19) 196
(51, 58) 254
(15, 32) 193
(54, 5) 225
(19, 37) 283
(2, 55) 186
(22, 50) 274
(5, 26) 42
(27, 37) 177
(66, 24) 173
(47, 46) 134
(30, 18) 372
(65, 64) 45
(34, 49) 558
(17, 15) 45
(0, 65) 183
(56, 30) 442
(55, 62) 144
(20, 12) 454
(59, 59) 0
(42, 17) 247
(23, 17) 286
(6, 43) 219
(64, 46) 425
(45, 4) 160
(10, 38) 108
(49, 65) 174
(32, 7) 149
(31, 49) 626
(35, 50) 519
(18, 38) 131
(57, 1) 301
(38, 45) 216
(29, 65) 198
(43, 50) 552
(8, 16) 122
(63, 63) 0
(11, 13) 55
(50, 32) 548
(14, 10) 200
(36, 19) 286
(1, 23) 430
(29, 64) 241
(39, 6) 311
(26, 9) 256
(48, 22) 171
(51, 3) 324
(15, 41) 196
(54, 28) 357
(19, 42) 432
(2, 14) 218
(22, 53) 51
(5, 3) 335
(9, 64) 83
(66, 19) 294
(47, 55) 180
(30, 21) 392
(52, 34) 526
(17, 0) 4
(56, 37) 231
(55, 55) 0
(20, 11) 453
(3, 53) 262
(59, 48) 353
(42, 24) 356
(23, 46) 477
(6, 34) 162
(64, 37) 256
(10, 33) 295
(32, 30) 152
(31, 62) 486
(35, 59) 100
(18, 33) 246
(57, 10) 142
(38, 36) 97
(3, 66) 248
(60, 17) 304
(43, 43) 0
(8, 23) 277
(63, 36) 374
(65, 60) 139
(11, 2) 241
(14, 13) 198
(36, 26) 92
(39, 63) 299
(61, 14) 65
(26, 16) 94
(48, 13) 86
(51, 8) 436
(15, 54) 209
(54, 23) 152
(19, 51) 499
(2, 9) 263
(24, 38) 224
(5, 12) 331
(27, 51) 336
(47, 60) 395
(30, 28) 93
(52, 41) 472
(56, 44) 403
(55, 12) 146
(20, 18) 238
(3, 58) 262
(42, 3) 387
(23, 39) 198
(6, 37) 231
(64, 60) 94
(10, 40) 202
(32, 21) 242
(31, 39) 379
(35, 32) 188
(18, 24) 122
(57, 19) 295
(40, 53) 137
(60, 40) 303
(43, 32) 155
(8, 30) 220
(7, 62) 181
(63, 45) 527
(28, 65) 357
(11, 59) 291
(33, 10) 295
(14, 20) 297
(36, 1) 255
(31, 43) 187
(39, 52) 245
(61, 7) 80
(26, 27) 106
(48, 4) 329
(12, 26) 317
(51, 17) 379
(15, 63) 397
(19, 56) 342
(2, 0) 222
(24, 45) 305
(27, 8) 148
(10, 64) 96
(49, 27) 304
(30, 7) 250
(52, 48) 0
(56, 51) 191
(55, 5) 205
(20, 25) 325
(3, 35) 276
(42, 10) 427
(23, 60) 240
(6, 28) 111
(64, 51) 170
(28, 41) 109
(32, 44) 157
(31, 44) 146
(35, 41) 81
(18, 19) 238
(57, 20) 294
(40, 60) 303
(21, 6) 265
(4, 66) 50
(60, 39) 242
(43, 25) 288
(8, 5) 0
(7, 55) 143
(63, 42) 626
(11, 48) 73
(33, 3) 286
(14, 31) 314
(53, 64) 84
(36, 8) 81
(39, 45) 245
(61, 0) 65
(44, 56) 403
(48, 59) 353
(12, 17) 257
(51, 22) 260
(15, 4) 90
(19, 65) 307
(2, 27) 373
(24, 52) 359
(27, 1) 359
(49, 28) 499
(30, 14) 250
(52, 63) 206
(35, 65) 338
(0, 45) 159
(56, 58) 64
(55, 2) 186
(20, 32) 242
(3, 40) 255
(23, 53) 173
(6, 23) 426
(64, 10) 96
(28, 32) 60
(32, 35) 188
(31, 21) 386
(35, 46) 81
(18, 10) 173
(57, 29) 206
(40, 35) 167
(21, 15) 343
(60, 62) 139
(43, 30) 100
(8, 12) 331
(7, 44) 218
(65, 45) 336
(11, 41) 405
(33, 4) 103
(16, 60) 242
(36, 55) 125
(58, 4) 168
(39, 42) 331
(61, 25) 57
(44, 55) 306
(9, 19) 400
(48, 50) 122
(12, 8) 331
(51, 31) 692
(15, 13) 196
(37, 16) 127
(2, 18) 330
(24, 59) 208
(27, 6) 312
(49, 21) 478
(52, 6) 551
(0, 36) 8
(55, 27) 212
(20, 47) 409
(3, 17) 245
(23, 50) 327
(6, 14) 273
(64, 1) 261
(28, 63) 547
(32, 58) 276
(31, 18) 419
(53, 33) 252
(18, 5) 157
(57, 38) 159
(38, 64) 149
(21, 8) 225
(4, 48) 329
(60, 53) 178
(43, 23) 447
(8, 51) 436
(7, 37) 39
(65, 38) 131
(46, 0) 210
(11, 46) 405
(33, 29) 164
(16, 51) 318
(36, 62) 180
(58, 15) 167
(39, 35) 248
(61, 18) 110
(44, 46) 11
(9, 20) 400
(48, 41) 472
(12, 7) 272
(16, 66) 101
(15, 10) 195
(37, 25) 161
(24, 2) 395
(62, 19) 307
(27, 31) 403
(49, 14) 312
(52, 13) 86
(0, 59) 76
(55, 16) 143
(20, 54) 301
(3, 22) 212
(25, 37) 161
(6, 1) 503
(64, 24) 243
(28, 54) 357
(32, 49) 472
(31, 27) 403
(14, 65) 185
(53, 42) 389
(57, 47) 326
(40, 17) 12
(21, 17) 298
(4, 63) 403
(43, 12) 407
(8, 58) 184
(7, 34) 250
(63, 65) 194
(46, 11) 405
(11, 39) 208
(33, 22) 226
(16, 42) 342
(36, 37) 42
(55, 33) 205
(41, 54) 394
(61, 43) 231
(44, 37) 179
(9, 29) 256
(48, 32) 446
(12, 62) 149
(34, 15) 248
(15, 19) 343
(37, 2) 237
(24, 9) 283
(42, 22) 364
(27, 20) 179
(49, 7) 324
(13, 25) 86
(52, 20) 471
(0, 50) 392
(20, 61) 316
(3, 31) 508
(23, 64) 182
(64, 31) 526
(28, 13) 384
(50, 30) 641
(31, 0) 315
(53, 51) 254
(57, 48) 181
(40, 24) 165
(21, 26) 196
(4, 38) 142
(43, 5) 177
(8, 33) 125
(7, 27) 141
(65, 48) 165
(46, 18) 342
(29, 42) 280
(33, 47) 77
(16, 33) 208
(36, 44) 216
(58, 17) 142
(41, 63) 587
(22, 11) 131
(61, 36) 66
(44, 28) 102
(9, 6) 465
(48, 39) 245
(12, 53) 169
(34, 6) 162
(15, 24) 222
(37, 11) 270
(62, 26) 198
(24, 16) 116
(62, 29) 198
(45, 59) 97
(54, 64) 49
(49, 56) 142
(13, 18) 163
(52, 19) 471
(0, 9) 198
(38, 26) 172
(3, 4) 297
(25, 55) 70
(64, 22) 100
(28, 4) 146
(50, 25) 274
(31, 9) 512
(53, 60) 178
(1, 46) 357
(57, 57) 0
(40, 31) 314
(21, 35) 410
(4, 45) 160
(8, 40) 81
(7, 16) 88
(65, 9) 104
(46, 21) 404
(29, 35) 226
(33, 32) 134
(16, 24) 116
(36, 43) 178
(15, 28) 199
(41, 32) 163
(22, 2) 253
(61, 61) 0
(26, 65) 198
(9, 15) 196
(66, 40) 8
(12, 44) 451
(34, 1) 422
(17, 63) 379
(37, 52) 326
(59, 11) 291
(24, 23) 176
(62, 4) 211
(45, 52) 397
(10, 22) 93
(49, 49) 0
(13, 11) 55
(52, 26) 340
(0, 0) 0
(38, 29) 172
(3, 13) 178
(25, 56) 74
(8, 64) 267
(28, 3) 400
(47, 63) 488
(50, 16) 339
(53, 5) 184
(1, 39) 275
(57, 66) 204
(40, 6) 268
(21, 44) 399
(4, 20) 258
(8, 47) 185
(7, 9) 212
(65, 2) 330
(46, 28) 109
(29, 60) 335
(33, 57) 316
(16, 31) 384
(52, 42) 509
(54, 44) 397
(58, 35) 298
(41, 41) 0
(22, 5) 185
(5, 51) 436
(61, 54) 133
(44, 18) 343
(9, 48) 86
(58, 34) 388
(47, 7) 157
(12, 43) 407
(51, 64) 170
(34, 24) 329
(17, 48) 283
(37, 61) 107
(59, 0) 76
(24, 30) 329
(62, 15) 206
(45, 45) 0
(10, 17) 200
(49, 42) 543
(13, 4) 243
(0, 7) 29
(38, 20) 348
(25, 1) 212
(63, 20) 421
(28, 26) 173
(50, 11) 195
(33, 65) 294
(53, 14) 142
(1, 56) 244
(40, 13) 199
(21, 53) 287
(4, 19) 259
(26, 32) 125
(7, 6) 254
(65, 27) 130
(46, 39) 293
(29, 53) 158
(33, 50) 493
(16, 22) 87
(29, 66) 100
(54, 39) 108
(19, 3) 527
(58, 42) 389
(41, 18) 342
(22, 28) 304
(5, 60) 360
(44, 9) 398
(9, 57) 130
(66, 58) 140
(47, 12) 322
(12, 34) 499
(34, 19) 392
(17, 41) 209
(50, 64) 192
(37, 38) 135
(59, 25) 194
(42, 51) 619
(62, 54) 6
(45, 38) 216
(10, 24) 292
(49, 35) 435
(13, 61) 133
(35, 16) 262
(0, 30) 251
(38, 15) 89
(25, 10) 93
(63, 29) 380
(28, 17) 187
(50, 2) 433
(14, 36) 12
(53, 23) 173
(1, 49) 238
(58, 66) 140
(21, 62) 307
(4, 26) 65
(26, 43) 219
(65, 28) 357
(46, 46) 0
(29, 14) 103
(51, 33) 483
(16, 13) 170
(36, 64) 215
(19, 8) 225
(58, 53) 0
(41, 27) 348
(22, 23) 224
(5, 37) 60
(44, 0) 214
(9, 34) 443
(66, 53) 140
(47, 21) 410
(30, 55) 353
(34, 42) 59
(17, 34) 250
(56, 3) 244
(37, 47) 129
(59, 30) 176
(42, 58) 389
(23, 12) 295
(62, 57) 30
(45, 31) 235
(10, 3) 166
(49, 36) 313
(13, 54) 110
(35, 25) 265
(0, 21) 294
(38, 6) 365
(25, 19) 325
(63, 26) 380
(50, 61) 328
(14, 47) 132
(53, 16) 65
(1, 10) 166
(39, 29) 95
(4, 1) 297
(26, 50) 432
(65, 21) 307
(46, 49) 506
(29, 7) 71
(12, 65) 149
(51, 38) 296
(16, 4) 113
(39, 24) 128
(54, 49) 178
(19, 17) 298
(2, 43) 220
(58, 60) 178
(41, 28) 109
(22, 46) 325
(5, 46) 203
(61, 65) 130
(9, 43) 354
(66, 12) 257
(47, 18) 270
(30, 62) 431
(34, 37) 212
(17, 27) 166
(56, 10) 82
(37, 40) 42
(59, 23) 346
(42, 37) 215
(23, 5) 277
(62, 32) 319
(45, 24) 305
(10, 10) 0
(13, 47) 274
(35, 30) 148
(18, 58) 49
(38, 57) 159
(60, 14) 304
(25, 20) 325
(63, 3) 399
(11, 25) 131
(50, 52) 122
(14, 54) 186
(53, 25) 51
(1, 3) 0
(21, 64) 349
(4, 8) 39
(26, 61) 138
(46, 56) 399
(29, 0) 100
(51, 47) 464
(54, 8) 225
(19, 22) 325
(2, 34) 317
(41, 5) 203
(22, 33) 226
(5, 23) 277
(9, 44) 398
(66, 7) 29
(47, 27) 297
(30, 33) 149
(34, 60) 554
(15, 66) 49
(56, 17) 192
(37, 66) 43
(59, 44) 138
(42, 44) 37
(23, 2) 475
(6, 62) 417
(62, 43) 357
(45, 17) 156
(10, 53) 124
(32, 10) 364
(13, 40) 199
(35, 7) 177
(18, 53) 49
(38, 48) 192
(60, 5) 360
(25, 29) 170
(64, 64) 0
(63, 8) 413
(11, 30) 461
(50, 47) 469
(14, 57) 206
(44, 66) 214
(1, 4) 297
(39, 19) 253
(26, 4) 65
(60, 26) 335
(48, 25) 171
(29, 25) 170
(51, 52) 126
(54, 3) 278
(19, 31) 386
(2, 61) 220
(41, 14) 209
(22, 56) 74
(5, 16) 122
(27, 47) 297
(66, 30) 251
(47, 32) 210
(30, 40) 253
(65, 65) 0
(34, 55) 353
(17, 21) 298
(56, 24) 230
(55, 32) 287
(20, 6) 265
(59, 37) 43
(24, 65) 198
(23, 27) 129
(6, 49) 575
(64, 40) 215
(45, 10) 317
(10, 60) 129
(32, 1) 402
(13, 33) 295
(35, 12) 372
(18, 44) 343
(38, 43) 247
(15, 64) 232
(60, 28) 487
(43, 60) 470
(63, 49) 175
(11, 23) 315
(50, 38) 306
(14, 0) 4
(36, 21) 286
(1, 29) 344
(39, 8) 119
(22, 64) 100
(26, 15) 148
(48, 16) 251
(29, 18) 124
(51, 61) 315
(15, 35) 133
(54, 26) 196
(19, 36) 286
(2, 52) 312
(22, 51) 260
(5, 25) 185
(27, 36) 155
(66, 25) 119
(47, 41) 134
(30, 19) 392
(52, 36) 285
(17, 14) 0
(0, 66) 0
(56, 31) 502
(55, 57) 174
(20, 13) 400
(59, 58) 215
(42, 30) 59
(23, 16) 183
(6, 40) 268
(64, 47) 322
(45, 3) 275
(10, 39) 170
(49, 64) 130
(32, 24) 180
(31, 48) 597
(35, 53) 298
(18, 39) 51
(57, 0) 204
(38, 34) 335
(60, 27) 264
(43, 53) 315
(8, 17) 90
(63, 62) 194
(11, 12) 48
(50, 33) 493
(14, 11) 227
(36, 28) 186
(1, 22) 212
(39, 1) 275
(31, 64) 526
(43, 66) 175
(26, 22) 170
(48, 23) 302
(47, 65) 300
(51, 2) 438
(15, 40) 57
(54, 29) 196
(19, 45) 407
(2, 15) 173
(24, 32) 180
(5, 2) 297
(27, 61) 155
(66, 16) 101
(47, 54) 303
(30, 26) 261
(52, 35) 399
(17, 7) 32
(56, 38) 123
(55, 54) 149
(20, 20) 0
(3, 52) 200
(59, 51) 453
(42, 25) 364
(23, 41) 477
(6, 35) 264
(64, 38) 149
(10, 46) 390
(32, 31) 175
(31, 57) 500
(35, 58) 298
(18, 30) 372
(57, 9) 130
(38, 37) 135
(60, 18) 216
(43, 42) 76
(8, 24) 121
(63, 39) 299
(11, 5) 308
(14, 18) 141
(36, 27) 155
(50, 20) 529
(39, 62) 108
(66, 54) 184
(61, 13) 133
(26, 17) 103
(48, 14) 283
(12, 28) 443
(51, 11) 197
(15, 49) 311
(54, 20) 301
(19, 50) 529
(2, 6) 428
(24, 39) 128
(5, 11) 308
(27, 50) 362
(27, 58) 108
(30, 29) 261
(34, 64) 467
(56, 45) 336
(55, 15) 106
(20, 19) 1
(3, 61) 210
(42, 0) 249
(23, 38) 273
(6, 26) 219
(64, 61) 157
(10, 41) 390
(32, 22) 276
(31, 38) 405
(35, 35) 0
(18, 25) 92
(57, 18) 83
(40, 54) 181
(60, 41) 508
(43, 35) 49
(8, 31) 262
(7, 57) 200
(63, 44) 590
(28, 66) 187
(11, 58) 167
(33, 9) 295
(14, 21) 298
(36, 2) 230
(39, 55) 128
(61, 6) 333
(26, 24) 82
(48, 5) 356
(12, 27) 275
(51, 16) 318
(15, 62) 206
(19, 59) 314
(2, 1) 131
(48, 66) 284
(24, 46) 322
(27, 11) 275
(10, 65) 116
(49, 26) 361
(30, 4) 222
(52, 49) 39
(56, 52) 130
(55, 4) 170
(20, 26) 195
(3, 34) 422
(59, 65) 258
(42, 11) 441
(23, 63) 203
(6, 29) 219
(64, 52) 125
(28, 42) 132
(32, 45) 186
(25, 64) 100
(35, 40) 167
(18, 16) 38
(57, 27) 125
(40, 61) 66
(21, 5) 225
(60, 32) 453
(43, 24) 298
(8, 6) 195
(7, 54) 182
(65, 43) 357
(11, 51) 197
(33, 2) 205
(14, 28) 187
(36, 9) 199
(39, 44) 295
(61, 31) 379
(44, 57) 417
(48, 60) 86
(12, 18) 218
(51, 25) 260
(15, 7) 77
(19, 64) 349
(2, 24) 395
(24, 53) 170
(27, 0) 162
(49, 19) 478
(30, 15) 248
(52, 56) 130
(35, 64) 365
(0, 46) 210
(56, 59) 267
(55, 29) 204
(20, 33) 346
(3, 43) 322
(23, 52) 302
(6, 20) 265
(64, 11) 135
(28, 33) 114
(32, 36) 163
(31, 20) 386
(53, 39) 65
(18, 11) 216
(57, 28) 371
(40, 36) 0
(21, 14) 298
(60, 63) 120
(43, 17) 173
(8, 13) 270
(7, 47) 157
(65, 44) 396
(11, 40) 231
(33, 27) 259
(16, 61) 84
(36, 48) 285
(37, 22) 161
(58, 5) 184
(39, 37) 116
(61, 24) 192
(44, 48) 478
(9, 18) 163
(48, 51) 126
(12, 9) 61
(51, 30) 629
(15, 12) 251
(37, 31) 273
(2, 19) 516
(24, 60) 334
(27, 25) 149
(49, 20) 478
(52, 7) 298
(0, 37) 43
(55, 26) 204
(20, 40) 286
(3, 16) 290
(25, 35) 265
(6, 15) 297
(64, 2) 335
(28, 56) 372
(32, 59) 121
(31, 29) 298
(53, 32) 276
(18, 2) 330
(57, 37) 239
(38, 65) 131
(21, 23) 220
(4, 49) 355
(60, 54) 141
(43, 22) 288
(8, 52) 356
(7, 36) 21
(65, 37) 219
(46, 1) 357
(11, 33) 313
(33, 28) 114
(16, 52) 251
(36, 63) 374
(58, 12) 169
(39, 34) 326
(61, 17) 65
(44, 47) 142
(9, 27) 221
(48, 42) 509
(12, 0) 257
(15, 21) 343
(37, 24) 171
(20, 64) 348
(24, 3) 402
(62, 16) 105
(27, 30) 367
(49, 13) 115
(13, 31) 512
(52, 14) 283
(0, 60) 303
(55, 19) 381
(20, 55) 380
(3, 25) 212
(25, 36) 119
(6, 6) 0
(64, 25) 100
(28, 55) 302
(32, 50) 548
(31, 26) 298
(53, 41) 350
(57, 46) 414
(40, 18) 132
(21, 16) 239
(4, 56) 226
(43, 15) 159
(8, 59) 89
(7, 29) 71
(63, 64) 166
(46, 8) 203
(11, 38) 135
(33, 21) 347
(16, 43) 271
(36, 38) 97
(58, 23) 173
(41, 53) 350
(61, 42) 307
(44, 38) 290
(9, 28) 384
(48, 33) 378
(31, 47) 284
(12, 63) 218
(58, 44) 353
(34, 12) 499
(15, 18) 176
(37, 1) 280
(24, 10) 292
(62, 27) 130
(27, 23) 129
(49, 6) 575
(13, 24) 283
(52, 21) 471
(0, 51) 379
(20, 62) 306
(3, 30) 422
(25, 45) 262
(64, 16) 148
(28, 14) 187
(50, 31) 707
(31, 3) 508
(53, 50) 274
(57, 55) 174
(40, 25) 119
(21, 25) 325
(4, 39) 104
(43, 4) 162
(8, 34) 220
(7, 26) 71
(65, 55) 144
(46, 19) 404
(29, 41) 245
(33, 46) 99
(16, 34) 335
(36, 45) 164
(58, 30) 388
(41, 62) 393
(22, 8) 185
(61, 35) 209
(44, 29) 243
(9, 5) 270
(66, 46) 210
(12, 54) 155
(34, 7) 250
(15, 27) 208
(37, 10) 243
(24, 17) 177
(62, 2) 330
(45, 58) 295
(66, 65) 183
(49, 63) 175
(13, 17) 198
(52, 28) 470
(0, 10) 200
(38, 27) 182
(3, 7) 275
(25, 54) 83
(64, 23) 182
(28, 5) 135
(32, 64) 360
(31, 8) 262
(53, 59) 215
(1, 45) 275
(57, 56) 60
(40, 0) 8
(21, 34) 392
(4, 46) 193
(8, 41) 203
(7, 19) 266
(65, 8) 226
(46, 26) 245
(29, 34) 261
(33, 39) 196
(16, 25) 87
(54, 42) 433
(58, 25) 51
(41, 39) 293
(22, 3) 212
(61, 60) 240
(44, 20) 398
(9, 14) 198
(66, 41) 210
(12, 45) 370
(34, 30) 0
(17, 62) 185
(37, 51) 420
(59, 10) 269
(24, 24) 0
(62, 5) 226
(45, 51) 510
(10, 23) 272
(49, 48) 39
(13, 10) 13
(52, 27) 293
(0, 1) 248
(38, 18) 131
(3, 12) 181
(25, 63) 266
(8, 65) 226
(28, 28) 0
(50, 17) 393
(44, 64) 429
(1, 38) 178
(57, 65) 30
(40, 7) 21
(21, 43) 389
(4, 21) 259
(26, 38) 172
(7, 8) 63
(65, 1) 272
(46, 29) 245
(29, 59) 126
(33, 56) 300
(16, 16) 0
(54, 45) 338
(58, 32) 276
(41, 40) 213
(22, 26) 170
(5, 50) 455
(61, 53) 92
(44, 19) 399
(9, 55) 95
(66, 32) 166
(47, 6) 299
(12, 36) 259
(25, 44) 329
(34, 25) 370
(17, 55) 120
(37, 60) 344
(59, 3) 282
(24, 31) 352
(62, 12) 149
(45, 44) 91
(10, 30) 443
(49, 41) 506
(13, 3) 178
(0, 24) 173
(38, 21) 349
(25, 0) 119
(63, 23) 203
(28, 27) 279
(50, 8) 455
(33, 64) 326
(14, 34) 250
(53, 13) 114
(1, 63) 399
(40, 14) 12
(21, 52) 471
(4, 28) 146
(26, 33) 164
(7, 1) 275
(65, 26) 198
(46, 36) 213
(11, 66) 228
(33, 49) 410
(16, 23) 183
(54, 36) 181
(19, 2) 516
(58, 43) 315
(41, 17) 209
(22, 29) 170
(5, 59) 89
(44, 10) 396
(9, 56) 70
(66, 59) 76
(47, 15) 95
(12, 35) 372
(34, 16) 335
(17, 40) 12
(37, 37) 0
(59, 24) 208
(42, 48) 509
(62, 55) 144
(45, 37) 138
(10, 25) 93
(49, 34) 558
(13, 60) 122
(35, 19) 410
(0, 31) 315
(38, 12) 165
(25, 9) 86
(63, 28) 547
(28, 18) 291
(50, 3) 314
(14, 37) 43
(53, 22) 51
(1, 48) 200
(21, 61) 317
(4, 27) 156
(26, 40) 92
(65, 19) 307
(46, 47) 134
(29, 13) 256
(51, 32) 529
(16, 14) 104
(36, 65) 180
(19, 11) 453
(55, 63) 316
(41, 26) 245
(22, 20) 325
(5, 36) 81
(44, 1) 366
(9, 33) 295
(66, 50) 392
(47, 20) 409
(30, 52) 526
(34, 43) 100
(17, 33) 110
(56, 4) 226
(37, 46) 177
(59, 17) 75
(42, 59) 174
(23, 15) 324
(62, 62) 0
(45, 30) 148
(10, 0) 200
(13, 53) 114
(35, 24) 308
(0, 22) 119
(38, 7) 113
(25, 18) 92
(63, 5) 413
(50, 58) 274
(14, 44) 212
(53, 31) 443
(1, 9) 178
(39, 28) 249
(4, 2) 260
(26, 51) 411
(65, 20) 306
(46, 54) 394
(29, 6) 219
(12, 66) 257
(51, 41) 581
(16, 5) 122
(54, 54) 0
(19, 16) 239
(2, 40) 230
(58, 61) 92
(41, 3) 357
(22, 47) 223
(5, 45) 185
(61, 64) 157
(9, 42) 429
(66, 13) 198
(47, 29) 218
(30, 63) 625
(34, 34) 0
(17, 26) 103
(56, 11) 125
(55, 45) 226
(59, 22) 194
(42, 34) 59
(23, 4) 285
(62, 33) 294
(45, 23) 440
(10, 11) 44
(13, 46) 392
(35, 1) 276
(18, 59) 207
(55, 66) 121
(38, 62) 131
(60, 15) 312
(25, 27) 149
(63, 2) 493
(11, 24) 333
(50, 53) 274
(14, 55) 120
(53, 24) 170
(1, 2) 131
(39, 21) 253
(4, 9) 243
(26, 58) 158
(46, 57) 414
(29, 31) 298
(51, 46) 581
(54, 9) 110
(19, 25) 325
(2, 35) 171
(41, 4) 193
(22, 38) 52
(5, 22) 185
(27, 41) 348
(40, 43) 178
(47, 26) 218
(30, 38) 335
(65, 66) 183
(34, 61) 314
(17, 19) 298
(56, 18) 108
(55, 42) 336
(59, 47) 98
(42, 45) 114
(23, 29) 235
(6, 63) 595
(62, 40) 180
(45, 16) 259
(10, 50) 200
(32, 11) 394
(13, 39) 162
(35, 6) 264
(18, 50) 314
(38, 49) 223
(15, 65) 206
(60, 6) 553
(25, 28) 304
(64, 65) 45
(63, 11) 263
(11, 17) 227
(50, 44) 596
(14, 62) 185
(1, 27) 359
(39, 18) 51
(26, 5) 42
(46, 64) 425
(29, 24) 82
(51, 55) 285
(15, 37) 71
(54, 0) 184
(19, 30) 392
(2, 58) 303
(41, 13) 392
(22, 57) 107
(5, 31) 262
(62, 64) 45
(27, 46) 348
(66, 31) 315
(47, 35) 53
(30, 41) 68
(34, 52) 526
(17, 20) 297
(56, 25) 74
(55, 35) 228
(20, 7) 265
(59, 36) 78
(24, 66) 173
(23, 26) 235
(6, 54) 415
(64, 41) 425
(45, 9) 320
(10, 61) 136
(32, 2) 338
(13, 32) 360
(35, 15) 133
(18, 45) 296
(38, 40) 97
(60, 29) 335
(43, 63) 551
(63, 48) 206
(45, 39) 245
(11, 22) 131
(50, 39) 338
(14, 1) 245
(36, 22) 119
(1, 28) 400
(39, 11) 208
(22, 65) 79
(31, 65) 486
(26, 12) 317
(48, 17) 283
(29, 17) 103
(51, 60) 76
(15, 34) 248
(54, 27) 126
(19, 39) 253
(2, 53) 303
(22, 48) 171
(5, 24) 121
(27, 39) 87
(66, 22) 119
(47, 40) 142
(30, 16) 335
(52, 37) 326
(17, 13) 198
(56, 32) 338
(55, 56) 128
(20, 14) 297
(59, 61) 138
(42, 31) 144
(23, 19) 220
(6, 41) 209
(64, 32) 360
(45, 2) 172
(10, 36) 202
(32, 25) 276
(31, 51) 692
(35, 52) 399
(18, 36) 132
(57, 7) 200
(38, 35) 219
(54, 65) 6
(60, 20) 432
(43, 52) 434
(8, 18) 157
(63, 57) 176
(11, 15) 215
(14, 8) 90
(36, 29) 92
(1, 21) 527
(39, 0) 87
(26, 23) 235
(48, 8) 356
(47, 64) 322
(51, 5) 436
(15, 43) 159
(54, 18) 75
(19, 44) 399
(2, 12) 289
(24, 33) 246
(5, 1) 335
(27, 60) 264
(66, 17) 4
(27, 59) 219
(30, 27) 367
(52, 44) 478
(17, 6) 273
(56, 39) 127
(42, 65) 432
(20, 21) 1
(3, 55) 147
(59, 50) 465
(42, 6) 219
(23, 40) 277
(6, 32) 106
(64, 39) 149
(10, 47) 270
(32, 16) 214
(31, 56) 502
(35, 61) 209
(18, 31) 419
(57, 8) 238
(40, 48) 285
(60, 19) 433
(43, 45) 49
(8, 25) 185
(63, 38) 314
(11, 4) 276
(14, 19) 298
(36, 4) 45
(39, 57) 123
(61, 12) 193
(26, 30) 261
(48, 15) 278
(12, 29) 317
(51, 10) 195
(15, 48) 278
(54, 21) 302
(19, 53) 287
(2, 7) 250
(48, 65) 165
(24, 40) 165
(5, 10) 275
(27, 53) 108
(47, 62) 300
(30, 2) 317
(66, 35) 162
(34, 65) 431
(56, 46) 399
(55, 14) 120
(20, 28) 301
(3, 60) 279
(42, 1) 387
(23, 33) 386
(6, 27) 312
(64, 62) 45
(28, 44) 102
(32, 23) 353
(25, 65) 79
(35, 34) 148
(18, 22) 92
(57, 17) 206
(40, 55) 125
(60, 42) 546
(43, 34) 100
(8, 0) 87
(7, 56) 195
(63, 47) 488
(11, 61) 166
(33, 8) 125
(14, 26) 103
(36, 3) 255
(39, 54) 108
(61, 5) 142
(26, 25) 170
(48, 6) 551
(12, 20) 454
(51, 19) 499
(15, 57) 232
(19, 58) 287
(2, 30) 317
(24, 47) 300
(27, 10) 232
(49, 25) 196
(30, 5) 220
(52, 50) 122
(0, 40) 8
(44, 26) 243
(55, 7) 143
(20, 27) 179
(3, 37) 280
(59, 64) 292
(42, 8) 238
(23, 62) 158
(6, 18) 342
(64, 53) 84
(28, 43) 110
(32, 46) 163
(31, 46) 157
(35, 43) 49
(18, 17) 141
(57, 26) 206
(40, 62) 180
(21, 4) 259
(60, 33) 409
(43, 27) 318
(8, 7) 63
(7, 49) 324
(65, 42) 432
(11, 50) 195
(33, 1) 286
(14, 29) 103
(36, 10) 202
(37, 23) 304
(39, 47) 219
(61, 30) 314
(44, 58) 353
(48, 61) 219
(12, 19) 454
(51, 24) 406
(15, 6) 297
(37, 21) 283
(2, 25) 253
(24, 54) 194
(27, 3) 359
(49, 18) 250
(30, 12) 499
(52, 57) 181
(0, 47) 135
(56, 60) 115
(55, 28) 302
(20, 34) 391
(3, 42) 387
(23, 55) 294
(6, 21) 265
(64, 12) 114
(28, 34) 93
(32, 37) 126
(31, 23) 527
(53, 38) 101
(18, 8) 157
(57, 35) 363
(40, 37) 42
(21, 13) 400
(60, 56) 115
(43, 16) 271
(8, 14) 90
(7, 46) 216
(65, 35) 338
(11, 43) 367
(33, 26) 164
(16, 62) 105
(36, 49) 313
(58, 2) 303
(39, 36) 81
(61, 23) 257
(44, 49) 512
(9, 17) 198
(48, 52) 0
(12, 10) 57
(15, 15) 0
(37, 30) 212
(2, 16) 302
(24, 61) 192
(27, 24) 70
(49, 11) 112
(52, 0) 284
(0, 38) 93
(55, 21) 381
(20, 41) 403
(3, 19) 527
(60, 64) 94
(25, 34) 370
(6, 12) 525
(64, 3) 261
(28, 57) 371
(32, 60) 453
(31, 28) 130
(53, 47) 261
(18, 3) 304
(57, 36) 201
(40, 44) 216
(21, 22) 325
(4, 50) 433
(60, 55) 216
(43, 9) 354
(8, 53) 184
(7, 39) 77
(65, 36) 180
(46, 6) 209
(11, 32) 394
(33, 19) 347
(16, 53) 65
(36, 56) 190
(58, 13) 114
(41, 51) 581
(61, 16) 84
(44, 40) 216
(9, 26) 256
(48, 43) 434
(12, 1) 181
(15, 20) 342
(37, 7) 39
(20, 65) 306
(24, 4) 147
(62, 17) 185
(27, 17) 166
(49, 12) 64
(13, 30) 443
(52, 15) 278
(0, 61) 65
(55, 18) 158
(20, 48) 471
(3, 24) 402
(25, 43) 288
(6, 7) 254
(64, 26) 241
(28, 48) 470
(32, 51) 529
(31, 5) 262
(53, 40) 137
(57, 45) 360
(40, 19) 286
(21, 31) 386
(4, 57) 227
(43, 14) 173
(8, 60) 360
(7, 28) 177
(65, 61) 130
(46, 9) 392
(29, 47) 218
(33, 20) 346
(16, 44) 305
(66, 4) 50
(36, 39) 81
(58, 20) 286
(41, 52) 472
(61, 41) 268
(44, 39) 295
(9, 3) 178
(48, 34) 526
(12, 56) 114
(34, 13) 443
(15, 29) 148
(37, 0) 43
(64, 58) 84
(24, 11) 333
(62, 24) 198
(27, 22) 149
(49, 5) 380
(13, 23) 260
(52, 22) 171
(0, 52) 284
(20, 63) 421
(3, 1) 0
(23, 66) 283
(64, 17) 218
(28, 15) 199
(50, 28) 578
(31, 2) 406
(53, 49) 205
(1, 43) 322
(57, 54) 25
(40, 26) 92
(21, 24) 125
(4, 32) 118
(43, 7) 183
(8, 35) 188
(7, 21) 266
(65, 54) 6
(46, 16) 304
(29, 40) 92
(33, 45) 60
(16, 35) 262
(52, 40) 285
(36, 46) 213
(58, 31) 443
(41, 61) 268
(22, 9) 86
(61, 34) 314
(44, 30) 58
(9, 4) 243
(66, 47) 135
(12, 55) 146
(34, 4) 222
(15, 26) 148
(37, 9) 240
(24, 18) 122
(62, 3) 272
(45, 57) 360
(49, 62) 174
(13, 16) 170
(52, 29) 340
(0, 11) 228
(38, 24) 224
(3, 6) 503
(25, 53) 51
(28, 6) 111
(32, 65) 319
(31, 11) 535
(53, 58) 0
(1, 44) 366
(57, 63) 176
(40, 1) 255
(21, 33) 347
(4, 47) 153
(8, 42) 238
(7, 18) 126
(65, 15) 206
(46, 27) 348
(29, 33) 164
(33, 38) 187
(16, 26) 94
(54, 43) 359
(58, 38) 101
(41, 38) 285
(22, 0) 119
(61, 59) 138
(44, 21) 399
(9, 13) 0
(66, 38) 93
(12, 46) 445
(34, 31) 89
(17, 61) 65
(50, 66) 392
(37, 50) 434
(59, 13) 269
(24, 25) 203
(62, 10) 116
(45, 50) 517
(10, 20) 410
(49, 55) 207
(13, 9) 0
(0, 2) 222
(38, 19) 349
(3, 15) 210
(40, 64) 215
(25, 62) 79
(8, 66) 87
(28, 29) 173
(50, 14) 393
(53, 3) 262
(1, 37) 280
(57, 64) 56
(40, 8) 81
(21, 42) 432
(4, 22) 159
(26, 39) 95
(7, 11) 246
(65, 0) 183
(46, 34) 68
(29, 58) 158
(33, 63) 488
(16, 17) 104
(54, 34) 432
(58, 33) 252
(41, 47) 134
(22, 27) 149
(5, 49) 380
(61, 52) 219
(44, 12) 451
(9, 54) 110
(66, 33) 112
(47, 1) 224
(12, 37) 300
(51, 66) 379
(34, 22) 370
(17, 54) 186
(37, 59) 43
(59, 2) 219
(42, 54) 433
(5, 66) 87
(62, 13) 104
(45, 43) 49
(10, 31) 513
(49, 40) 313
(13, 2) 263
(0, 25) 119
(38, 10) 108
(25, 7) 128
(63, 22) 266
(28, 20) 301
(50, 9) 198
(14, 35) 159
(53, 12) 169
(1, 62) 272
(40, 15) 57
(21, 51) 499
(4, 29) 65
(26, 46) 245
(7, 0) 29
(65, 25) 79
(46, 37) 177
(29, 51) 411
(33, 48) 378
(16, 8) 122
(54, 37) 220
(19, 5) 225
(58, 40) 137
(41, 16) 304
(22, 18) 92
(5, 58) 184
(44, 11) 412
(9, 63) 230
(66, 56) 191
(47, 14) 132
(30, 50) 641
(34, 17) 250
(17, 47) 132
(37, 36) 42
(59, 27) 219
(42, 49) 543
(62, 52) 165
(45, 36) 164
(10, 6) 469
(49, 33) 410
(13, 59) 269
(50, 22) 274
(35, 18) 299
(0, 16) 101
(38, 13) 108
(25, 8) 185
(63, 31) 675
(28, 19) 302
(50, 0) 392
(14, 42) 247
(53, 21) 287
(1, 55) 147
(58, 64) 84
(21, 60) 433
(4, 4) 0
(26, 41) 245
(65, 18) 78
(46, 44) 11
(29, 12) 317
(51, 35) 512
(16, 15) 142
(36, 66) 8
(19, 10) 411
(2, 46) 249
(58, 51) 254
(41, 25) 325
(22, 21) 325
(5, 35) 188
(44, 2) 260
(9, 32) 360
(66, 51) 379
(47, 23) 417
(30, 53) 388
(34, 40) 253
(17, 32) 168
(56, 5) 245
(37, 45) 138
(59, 16) 169
(42, 56) 438
(23, 14) 286
(6, 66) 272
(62, 63) 194
(45, 29) 223
(10, 1) 166
(13, 52) 86
(35, 27) 318
(0, 23) 283
(38, 4) 142
(25, 17) 120
(63, 4) 403
(50, 59) 465
(14, 45) 156
(53, 30) 388
(1, 8) 335
(39, 31) 379
(4, 3) 297
(26, 48) 340
(46, 55) 299
(29, 5) 42
(51, 40) 379
(16, 6) 312
(54, 55) 149
(19, 19) 0
(2, 41) 249
(58, 58) 0
(41, 2) 249
(22, 44) 329
(5, 44) 201
(9, 41) 392
(40, 42) 252
(47, 28) 188
(30, 60) 554
(34, 35) 148
(17, 25) 120
(56, 12) 114
(55, 44) 306
(59, 41) 135
(42, 35) 113
(23, 7) 266
(62, 38) 131
(45, 22) 262
(10, 8) 275
(13, 45) 320
(44, 24) 319
(35, 0) 162
(18, 56) 108
(38, 63) 314
(60, 8) 360
(25, 26) 170
(63, 13) 230
(11, 27) 275
(50, 50) 0
(14, 52) 283
(1, 1) 0
(39, 20) 252
(4, 10) 246
(26, 59) 126
(46, 62) 393
(29, 30) 261
(51, 49) 87
(54, 14) 186
(19, 24) 125
(2, 32) 338
(41, 11) 405
(22, 39) 77
(5, 21) 225
(27, 40) 155
(66, 5) 87
(47, 37) 129
(30, 39) 326
(34, 58) 388
(17, 18) 141
(56, 19) 342
(55, 37) 162
(59, 46) 135
(42, 42) 0
(23, 28) 407
(6, 60) 553
(62, 41) 393
(45, 15) 130
(10, 51) 195
(32, 12) 421
(13, 38) 108
(35, 9) 322
(18, 51) 291
(38, 54) 135
(60, 7) 310
(43, 57) 379
(64, 66) 216
(63, 10) 240
(11, 16) 218
(50, 45) 517
(14, 63) 379
(18, 66) 138
(1, 26) 344
(39, 13) 162
(26, 2) 321
(46, 65) 393
(29, 23) 235
(51, 54) 216
(15, 36) 57
(54, 1) 278
(19, 33) 347
(2, 59) 219
(41, 12) 445
(22, 62) 79
(5, 30) 220
(62, 65) 0
(27, 33) 259
(66, 28) 187
(47, 34) 198
(30, 46) 68
(34, 53) 388
(17, 11) 227
(56, 26) 222
(55, 34) 353
(20, 0) 293
(59, 39) 158
(42, 21) 432
(23, 21) 220
(6, 55) 393
(64, 42) 464
(45, 8) 185
(10, 58) 124
(32, 3) 402
(31, 53) 443
(35, 14) 159
(18, 42) 380
(38, 41) 285
(60, 30) 554
(43, 62) 357
(63, 51) 120
