General parameters 

15 58 720 750


Customer schedules 

0 0	0 [0,720]	
1 69	1 [0,1]	2 [132,245]	3 [349,356]	4 [483,514]	5 [599,632]	6 [682,720]	
2 18	7 [0,9]	8 [95,97]	9 [152,161]	10 [278,316]	11 [343,436]	12 [467,720]	
3 38	13 [0,266]	14 [288,464]	15 [496,533]	16 [548,720]	
4 37	17 [0,720]	
5 71	18 [0,81]	19 [81,175]	20 [377,443]	21 [645,720]	
6 63	22 [0,83]	23 [190,303]	24 [437,437]	25 [629,720]	
7 30	26 [0,720]	
8 50	27 [0,70]	28 [146,194]	29 [368,377]	30 [476,720]	
9 48	31 [0,13]	32 [94,157]	33 [329,408]	34 [574,720]	
10 48	35 [0,720]	
11 19	36 [0,15]	37 [148,160]	38 [246,435]	39 [486,720]	
12 41	40 [0,720]	
13 75	41 [0,145]	42 [286,304]	43 [323,393]	44 [553,720]	
14 11	45 [0,39]	46 [82,148]	47 [182,278]	48 [424,427]	49 [555,665]	50 [678,720]	
15 62	51 [0,9]	52 [133,203]	53 [222,259]	54 [399,420]	55 [449,523]	56 [556,720]	
16 0	57 [0,720]	


Location coordinates

0 	 0.0 0.0
1 	 -121.476772654 16.3014450924
2 	 -116.63481825 81.7666408531
3 	 -82.8993372691 42.3893789357
4 	 -143.080531394 21.5932501398
5 	 -110.573181557 -5.96036964092
6 	 -121.476772654 16.3014450924
7 	 73.3929477013 -126.640909883
8 	 84.1481279355 -84.9789864338
9 	 57.487890345 -79.3368474932
10 	 62.7731115086 -137.409064968
11 	 57.8357042854 -124.844888621
12 	 73.3929477013 -126.640909883
13 	 41.755072989 13.8358884033
14 	 51.9505932718 18.466733714
15 	 36.1656505656 18.6060801893
16 	 41.755072989 13.8358884033
17 	 51.9549306204 34.2114316909
18 	 77.6697863925 110.175622249
19 	 77.4981066236 110.01880797
20 	 -11.7900370008 63.0569155587
21 	 77.6697863925 110.175622249
22 	 4.88527086859 -84.3351034694
23 	 -19.25562726 -131.91654639
24 	 30.3197770188 -177.082149697
25 	 4.88527086859 -84.3351034694
26 	 -116.351904494 92.2313840209
27 	 -35.9345546849 47.9935077235
28 	 -2.75367970818 66.3171708687
29 	 -81.8154165172 29.8956512287
30 	 -35.9345546849 47.9935077235
31 	 -8.76216311322 -27.772170834
32 	 9.45614382656 8.39579974859
33 	 -75.6804131429 21.0608154034
34 	 -8.76216311322 -27.772170834
35 	 -52.6494064861 63.0193585611
36 	 -17.1639048467 -21.8789703464
37 	 -28.8025941218 43.77865596
38 	 -28.7739819526 0.57316447013
39 	 -17.1639048467 -21.8789703464
40 	 -88.8432706674 11.233647926
41 	 -39.4933615625 -10.3696735936
42 	 -103.384843654 19.7992439039
43 	 -111.882667987 23.6943563759
44 	 -39.4933615625 -10.3696735936
45 	 -100.562522174 -60.6343777893
46 	 -99.1275792664 -39.0379855793
47 	 -93.0033058152 -54.7767279955
48 	 -159.469377284 -24.134406641
49 	 -106.805261493 -60.276733154
50 	 -100.562522174 -60.6343777893
51 	 -67.3239516564 9.2164448532
52 	 -7.669648741 -7.31658840629
53 	 1.81059032813 -9.04895239279
54 	 -65.3287134487 10.8757896857
55 	 -60.368312656 24.3013687217
56 	 -67.3239516564 9.2164448532
57 	 0.0 0.0


Travel time matrix 

(32, 54) 150
(31, 6) 242
(53, 53) 0
(57, 50) 235
(40, 22) 268
(21, 28) 183
(4, 36) 266
(43, 3) 69
(7, 25) 161
(46, 12) 387
(29, 44) 117
(33, 41) 96
(16, 47) 302
(36, 34) 21
(41, 57) 82
(44, 34) 71
(9, 0) 196
(48, 37) 294
(34, 8) 218
(15, 30) 156
(37, 13) 153
(24, 14) 393
(13, 20) 145
(52, 17) 145
(0, 55) 130
(3, 2) 104
(25, 49) 229
(28, 10) 428
(50, 27) 253
(31, 15) 129
(1, 40) 66
(40, 29) 40
(21, 37) 251
(4, 35) 199
(8, 38) 283
(7, 22) 161
(46, 23) 245
(29, 37) 110
(33, 34) 166
(16, 38) 144
(36, 41) 50
(41, 34) 71
(22, 12) 161
(44, 25) 173
(9, 9) 0
(12, 50) 372
(34, 3) 204
(17, 57) 124
(37, 54) 98
(24, 21) 582
(45, 54) 159
(49, 51) 160
(13, 13) 0
(52, 24) 348
(0, 14) 110
(38, 31) 69
(3, 11) 437
(28, 1) 257
(50, 18) 493
(53, 7) 275
(1, 33) 92
(40, 4) 110
(21, 46) 462
(4, 42) 79
(8, 45) 373
(7, 15) 300
(46, 30) 215
(16, 29) 249
(54, 46) 121
(41, 43) 160
(22, 7) 161
(5, 53) 225
(44, 16) 170
(9, 50) 318
(47, 5) 104
(12, 41) 324
(34, 26) 322
(17, 50) 359
(24, 28) 491
(45, 47) 19
(10, 19) 496
(49, 52) 225
(13, 6) 327
(0, 5) 221
(38, 22) 183
(25, 3) 308
(28, 24) 491
(50, 13) 321
(53, 0) 18
(40, 11) 400
(21, 55) 325
(4, 17) 391
(26, 34) 322
(7, 4) 525
(46, 33) 129
(29, 55) 44
(16, 20) 145
(54, 33) 29
(19, 1) 440
(41, 44) 0
(22, 30) 277
(44, 15) 162
(47, 2) 277
(12, 32) 299
(34, 21) 325
(17, 43) 328
(37, 56) 103
(42, 53) 218
(45, 40) 146
(10, 26) 582
(49, 45) 13
(0, 28) 133
(38, 9) 235
(25, 4) 364
(28, 23) 398
(50, 4) 185
(14, 38) 165
(53, 9) 179
(1, 51) 109
(21, 48) 544
(4, 24) 527
(26, 45) 307
(46, 40) 103
(29, 48) 189
(33, 53) 166
(16, 11) 279
(54, 56) 5
(19, 6) 440
(41, 21) 336
(22, 17) 255
(5, 39) 190
(44, 6) 172
(47, 11) 333
(30, 49) 259
(34, 44) 71
(17, 44) 203
(56, 1) 109
(37, 33) 104
(45, 33) 171
(10, 5) 435
(49, 38) 198
(13, 56) 218
(35, 23) 395
(0, 19) 269
(38, 0) 58
(25, 13) 210
(14, 41) 192
(53, 18) 282
(1, 52) 232
(21, 57) 269
(4, 7) 525
(26, 52) 295
(46, 51) 116
(29, 9) 354
(51, 36) 118
(16, 2) 344
(54, 51) 5
(19, 15) 201
(2, 45) 287
(41, 30) 117
(22, 40) 268
(5, 32) 242
(9, 37) 301
(47, 16) 302
(30, 56) 100
(34, 39) 21
(17, 37) 163
(56, 8) 357
(37, 42) 157
(42, 39) 191
(23, 11) 155
(45, 26) 307
(10, 12) 30
(13, 49) 332
(35, 28) 100
(25, 22) 0
(50, 54) 159
(14, 48) 431
(53, 27) 137
(1, 13) 327
(39, 24) 324
(4, 14) 389
(29, 2) 125
(51, 45) 155
(54, 10) 392
(19, 20) 202
(2, 36) 287
(41, 7) 324
(22, 35) 316
(5, 41) 142
(9, 46) 323
(47, 25) 205
(30, 35) 45
(17, 30) 178
(56, 15) 208
(55, 41) 81
(42, 46) 118
(23, 0) 267
(6, 56) 109
(45, 19) 493
(10, 55) 407
(32, 8) 239
(13, 42) 290
(35, 5) 180
(18, 55) 325
(38, 50) 189
(25, 31) 116
(11, 28) 401
(50, 49) 13
(1, 6) 0
(39, 17) 178
(26, 6) 152
(29, 27) 99
(51, 50) 155
(54, 13) 214
(19, 29) 357
(41, 8) 289
(5, 18) 442
(27, 45) 253
(47, 38) 170
(30, 42) 146
(34, 57) 58
(17, 23) 361
(56, 22) 236
(55, 38) 79
(20, 4) 275
(42, 41) 141
(23, 25) 107
(6, 51) 109
(45, 12) 372
(32, 15) 57
(13, 35) 213
(35, 10) 463
(18, 46) 462
(38, 53) 64
(11, 21) 471
(50, 40) 146
(14, 2) 360
(1, 31) 242
(39, 14) 160
(26, 1) 152
(48, 30) 286
(29, 20) 155
(15, 33) 224
(54, 4) 157
(19, 34) 325
(2, 54) 175
(5, 27) 184
(27, 34) 161
(47, 47) 0
(30, 45) 253
(34, 48) 302
(17, 8) 247
(56, 29) 51
(20, 3) 148
(42, 16) 290
(23, 22) 107
(6, 42) 37
(45, 5) 111
(10, 57) 302
(32, 6) 262
(31, 54) 137
(35, 51) 112
(18, 41) 336
(57, 2) 285
(38, 44) 31
(43, 51) 94
(11, 10) 27
(50, 35) 265
(14, 5) 329
(36, 18) 325
(1, 16) 327
(39, 7) 277
(26, 8) 535
(48, 21) 544
(51, 0) 136
(15, 46) 294
(54, 31) 137
(19, 43) 416
(2, 49) 285
(22, 52) 156
(5, 4) 85
(47, 52) 195
(30, 20) 57
(52, 33) 147
(17, 1) 349
(56, 36) 118
(55, 52) 123
(20, 10) 427
(3, 50) 209
(42, 27) 146
(23, 47) 213
(6, 45) 159
(10, 32) 310
(32, 29) 187
(35, 56) 112
(18, 32) 245
(57, 11) 275
(38, 39) 51
(43, 40) 52
(8, 22) 159
(11, 3) 437
(14, 12) 293
(36, 25) 132
(26, 19) 389
(48, 12) 509
(51, 9) 306
(15, 55) 193
(54, 22) 237
(19, 48) 544
(2, 8) 522
(24, 37) 457
(5, 13) 307
(27, 48) 286
(30, 31) 161
(52, 40) 167
(56, 43) 94
(55, 13) 205
(20, 17) 140
(42, 2) 127
(23, 36) 220
(6, 36) 222
(10, 43) 475
(32, 20) 117
(31, 36) 21
(35, 33) 96
(18, 27) 259
(57, 12) 293
(40, 52) 167
(43, 33) 73
(8, 29) 404
(11, 56) 367
(33, 11) 396
(14, 23) 333
(36, 0) 56
(39, 53) 46
(26, 26) 0
(48, 3) 203
(12, 25) 161
(51, 14) 239
(19, 57) 269
(2, 3) 104
(24, 44) 361
(27, 9) 316
(30, 6) 182
(52, 55) 123
(56, 50) 155
(55, 10) 407
(20, 24) 487
(3, 32) 197
(42, 13) 290
(6, 31) 242
(28, 40) 204
(32, 43) 245
(31, 45) 195
(35, 38) 134
(18, 18) 0
(57, 21) 269
(21, 7) 473
(43, 38) 173
(8, 4) 502
(7, 52) 289
(11, 49) 354
(33, 12) 420
(14, 30) 185
(36, 15) 134
(39, 50) 184
(12, 16) 288
(51, 23) 298
(15, 5) 298
(2, 26) 21
(24, 51) 421
(27, 14) 185
(49, 29) 187
(30, 9) 316
(0, 44) 82
(56, 57) 136
(55, 3) 58
(20, 39) 170
(3, 41) 137
(6, 22) 323
(28, 39) 179
(32, 34) 81
(31, 42) 212
(35, 47) 249
(18, 13) 205
(57, 30) 120
(40, 34) 178
(21, 0) 269
(43, 31) 230
(8, 11) 96
(7, 45) 372
(11, 54) 367
(33, 5) 88
(36, 54) 116
(39, 43) 210
(44, 54) 67
(48, 49) 128
(12, 15) 300
(51, 28) 172
(15, 2) 330
(37, 17) 163
(2, 21) 392
(27, 7) 412
(49, 22) 229
(52, 5) 206
(0, 35) 164
(55, 24) 442
(20, 46) 268
(3, 46) 166
(23, 51) 298
(6, 9) 406
(32, 57) 25
(31, 19) 325
(53, 34) 43
(18, 4) 475
(57, 39) 56
(40, 41) 108
(21, 9) 381
(4, 55) 165
(43, 20) 215
(8, 50) 373
(7, 42) 459
(46, 3) 166
(11, 47) 333
(33, 30) 96
(16, 50) 321
(39, 32) 81
(44, 45) 158
(9, 21) 381
(48, 40) 158
(12, 6) 483
(15, 11) 290
(37, 26) 200
(24, 1) 492
(27, 28) 76
(49, 15) 326
(52, 12) 289
(55, 17) 226
(20, 53) 146
(3, 23) 371
(25, 38) 183
(6, 0) 245
(28, 53) 151
(32, 48) 344
(31, 24) 308
(53, 43) 236
(57, 40) 179
(40, 16) 261
(21, 18) 0
(43, 13) 308
(8, 57) 239
(7, 35) 455
(46, 10) 379
(11, 36) 255
(33, 23) 326
(16, 41) 170
(36, 36) 0
(41, 55) 81
(44, 36) 50
(9, 30) 316
(48, 47) 146
(34, 14) 153
(15, 16) 15
(37, 3) 108
(24, 8) 213
(27, 21) 259
(49, 0) 245
(13, 26) 353
(52, 11) 269
(0, 49) 245
(3, 28) 167
(25, 47) 205
(28, 12) 415
(32, 55) 143
(31, 1) 242
(53, 52) 19
(57, 49) 245
(40, 23) 318
(21, 27) 259
(4, 37) 233
(43, 2) 117
(8, 32) 239
(7, 24) 133
(46, 13) 301
(29, 43) 61
(33, 40) 33
(16, 32) 66
(36, 35) 184
(41, 56) 68
(22, 10) 157
(44, 35) 149
(9, 7) 100
(48, 38) 266
(12, 52) 289
(34, 9) 168
(15, 25) 215
(37, 12) 397
(24, 15) 392
(49, 57) 245
(13, 19) 205
(52, 18) 290
(0, 8) 239
(3, 5) 111
(25, 48) 350
(28, 11) 401
(50, 24) 350
(31, 14) 153
(1, 47) 153
(40, 30) 129
(21, 36) 325
(4, 44) 216
(8, 39) 239
(7, 17) 324
(46, 20) 268
(29, 36) 166
(33, 33) 0
(16, 39) 138
(36, 42) 191
(41, 33) 96
(22, 13) 210
(44, 26) 256
(9, 8) 55
(12, 51) 391
(34, 0) 58
(17, 56) 244
(37, 53) 122
(24, 22) 192
(45, 53) 229
(49, 50) 13
(13, 12) 288
(52, 25) 156
(0, 15) 81
(38, 28) 141
(3, 10) 463
(25, 57) 169
(28, 2) 230
(50, 19) 493
(53, 6) 251
(1, 32) 262
(40, 5) 55
(21, 45) 493
(4, 43) 63
(8, 46) 378
(7, 14) 293
(46, 31) 182
(16, 30) 170
(54, 47) 142
(41, 42) 141
(22, 4) 364
(5, 52) 206
(44, 17) 203
(9, 49) 331
(47, 4) 183
(12, 42) 459
(34, 27) 161
(17, 49) 369
(24, 29) 471
(45, 46) 43
(10, 16) 305
(49, 43) 168
(13, 5) 307
(0, 6) 245
(38, 23) 266
(25, 2) 411
(28, 25) 302
(50, 10) 361
(53, 15) 88
(1, 57) 245
(40, 12) 426
(21, 54) 348
(4, 18) 475
(26, 35) 140
(7, 7) 0
(46, 38) 161
(29, 54) 50
(33, 51) 29
(16, 21) 205
(54, 38) 76
(19, 0) 269
(41, 19) 336
(22, 31) 116
(44, 8) 289
(47, 13) 302
(12, 33) 420
(34, 18) 325
(17, 42) 312
(37, 39) 133
(42, 50) 161
(45, 39) 184
(10, 27) 420
(49, 44) 168
(35, 17) 217
(0, 29) 174
(38, 14) 165
(25, 11) 133
(28, 16) 138
(50, 5) 111
(14, 39) 160
(53, 8) 224
(1, 50) 159
(4, 25) 364
(26, 42) 147
(46, 41) 132
(29, 15) 237
(33, 52) 147
(16, 12) 288
(54, 57) 132
(19, 9) 381
(41, 20) 157
(22, 22) 0
(5, 38) 164
(44, 7) 324
(9, 35) 360
(47, 10) 353
(30, 54) 95
(34, 45) 195
(17, 35) 217
(56, 2) 175
(37, 32) 104
(23, 13) 316
(45, 32) 260
(10, 2) 566
(49, 37) 260
(13, 55) 205
(35, 22) 316
(0, 20) 128
(38, 1) 188
(25, 12) 161
(14, 46) 323
(53, 17) 132
(1, 11) 456
(21, 56) 353
(4, 0) 289
(26, 53) 311
(46, 48) 124
(29, 8) 404
(51, 39) 118
(16, 3) 256
(54, 48) 201
(19, 14) 190
(2, 42) 127
(41, 29) 117
(22, 41) 173
(5, 47) 104
(9, 36) 188
(47, 19) 474
(30, 57) 120
(34, 36) 21
(17, 36) 178
(56, 9) 306
(37, 41) 110
(42, 36) 191
(23, 10) 164
(45, 25) 216
(10, 13) 305
(13, 48) 410
(35, 31) 202
(38, 56) 79
(25, 21) 415
(50, 55) 188
(14, 49) 354
(53, 26) 311
(1, 12) 483
(39, 27) 145
(4, 15) 358
(29, 1) 84
(51, 44) 68
(54, 11) 367
(19, 23) 521
(2, 37) 191
(41, 6) 172
(22, 32) 186
(5, 40) 55
(9, 45) 318
(47, 24) 347
(30, 32) 120
(17, 29) 268
(56, 16) 218
(55, 40) 63
(42, 47) 151
(23, 3) 371
(6, 57) 245
(45, 18) 493
(10, 52) 296
(32, 9) 200
(13, 41) 170
(35, 4) 199
(18, 52) 290
(38, 51) 79
(25, 30) 277
(11, 31) 235
(50, 46) 43
(14, 56) 239
(1, 5) 50
(39, 16) 138
(26, 7) 579
(48, 24) 487
(29, 26) 143
(51, 53) 143
(54, 2) 175
(19, 28) 183
(41, 15) 162
(5, 17) 335
(27, 44) 117
(47, 33) 156
(30, 43) 159
(34, 54) 137
(17, 22) 255
(56, 23) 298
(55, 33) 31
(20, 5) 241
(42, 22) 300
(23, 24) 134
(6, 48) 111
(45, 11) 342
(32, 0) 25
(13, 34) 131
(35, 13) 213
(18, 47) 474
(38, 42) 154
(11, 20) 401
(50, 41) 158
(14, 3) 274
(36, 20) 170
(1, 30) 182
(39, 9) 188
(26, 14) 367
(48, 31) 302
(29, 19) 357
(15, 32) 57
(54, 5) 97
(19, 37) 251
(2, 55) 161
(22, 50) 216
(5, 26) 196
(27, 37) 17
(47, 46) 34
(30, 18) 259
(34, 49) 207
(17, 15) 44
(56, 30) 100
(20, 12) 416
(42, 17) 312
(23, 17) 361
(6, 43) 24
(45, 4) 185
(10, 38) 331
(32, 7) 299
(31, 49) 207
(35, 50) 265
(18, 38) 305
(57, 1) 245
(38, 45) 189
(43, 50) 170
(8, 16) 215
(11, 13) 279
(50, 32) 260
(14, 10) 313
(36, 19) 325
(1, 23) 360
(39, 6) 222
(26, 9) 488
(48, 22) 350
(51, 3) 73
(15, 41) 162
(54, 28) 167
(19, 42) 404
(2, 14) 360
(22, 53) 151
(5, 3) 111
(47, 55) 171
(30, 21) 259
(52, 34) 41
(17, 0) 124
(56, 37) 103
(55, 55) 0
(20, 11) 401
(3, 53) 198
(42, 24) 476
(23, 46) 245
(6, 34) 242
(10, 33) 421
(32, 30) 120
(18, 33) 354
(57, 10) 302
(38, 36) 51
(43, 43) 0
(8, 23) 227
(11, 2) 541
(14, 13) 22
(36, 26) 302
(26, 16) 353
(48, 13) 410
(51, 8) 357
(15, 54) 204
(54, 23) 300
(19, 51) 353
(2, 9) 474
(24, 38) 374
(5, 12) 440
(27, 51) 100
(30, 28) 76
(52, 41) 64
(56, 44) 68
(55, 12) 403
(20, 18) 202
(42, 3) 61
(23, 39) 220
(6, 37) 193
(10, 40) 425
(32, 21) 245
(31, 39) 21
(35, 32) 165
(18, 24) 582
(57, 19) 269
(40, 53) 186
(43, 32) 245
(8, 30) 358
(33, 10) 421
(14, 20) 156
(36, 1) 222
(39, 52) 35
(26, 27) 184
(48, 4) 97
(12, 26) 579
(51, 17) 244
(19, 56) 353
(2, 0) 285
(24, 45) 350
(27, 8) 358
(49, 27) 259
(30, 7) 412
(52, 48) 305
(56, 51) 0
(55, 5) 117
(20, 25) 297
(3, 35) 73
(42, 10) 457
(6, 28) 257
(28, 41) 170
(32, 44) 105
(31, 44) 71
(35, 41) 149
(18, 19) 0
(57, 20) 128
(21, 6) 440
(43, 25) 318
(8, 5) 420
(7, 55) 403
(11, 48) 479
(33, 3) 45
(14, 31) 153
(36, 8) 239
(39, 45) 184
(44, 56) 68
(12, 17) 324
(51, 22) 236
(15, 4) 358
(37, 23) 352
(2, 27) 175
(24, 52) 348
(27, 1) 182
(49, 28) 328
(30, 14) 185
(0, 45) 235
(55, 2) 161
(20, 32) 117
(3, 40) 63
(23, 53) 249
(6, 23) 360
(28, 32) 118
(32, 35) 165
(31, 21) 325
(35, 46) 224
(18, 10) 496
(57, 29) 174
(40, 35) 126
(21, 15) 201
(43, 30) 159
(8, 12) 86
(7, 44) 324
(11, 41) 301
(33, 4) 134
(36, 55) 126
(39, 42) 191
(44, 55) 81
(9, 19) 381
(48, 50) 139
(12, 8) 86
(51, 31) 139
(15, 13) 15
(37, 16) 153
(2, 18) 392
(27, 6) 182
(49, 21) 502
(52, 6) 232
(0, 36) 56
(55, 27) 68
(20, 47) 286
(3, 17) 270
(23, 50) 216
(6, 14) 347
(31, 18) 325
(53, 33) 166
(18, 5) 442
(57, 38) 58
(40, 42) 34
(21, 8) 390
(4, 48) 97
(43, 23) 362
(8, 51) 357
(7, 37) 397
(46, 0) 213
(11, 46) 358
(33, 29) 22
(16, 51) 218
(39, 35) 184
(44, 46) 132
(9, 20) 317
(48, 41) 242
(12, 7) 0
(15, 10) 317
(37, 25) 265
(24, 2) 595
(27, 31) 161
(49, 14) 354
(52, 13) 108
(55, 16) 205
(20, 54) 149
(3, 22) 308
(25, 37) 265
(6, 1) 0
(28, 54) 167
(32, 49) 270
(31, 27) 161
(53, 42) 218
(57, 47) 216
(40, 17) 285
(21, 17) 160
(43, 12) 477
(7, 34) 257
(46, 11) 358
(11, 39) 255
(33, 22) 265
(16, 42) 290
(36, 37) 133
(41, 54) 67
(44, 37) 110
(9, 29) 354
(48, 32) 344
(34, 15) 129
(15, 19) 201
(37, 2) 191
(24, 9) 203
(27, 20) 57
(49, 7) 384
(13, 25) 210
(52, 20) 141
(0, 50) 235
(3, 31) 204
(25, 46) 227
(28, 13) 138
(50, 30) 253
(31, 0) 58
(53, 51) 143
(57, 48) 323
(40, 24) 446
(21, 26) 389
(4, 38) 232
(43, 5) 59
(8, 33) 384
(7, 27) 412
(46, 18) 462
(29, 42) 48
(33, 47) 156
(16, 33) 235
(36, 44) 50
(22, 11) 133
(44, 28) 170
(9, 6) 406
(48, 39) 285
(12, 53) 275
(34, 6) 242
(15, 24) 392
(37, 11) 379
(24, 16) 383
(49, 56) 160
(13, 18) 205
(52, 19) 290
(0, 9) 196
(38, 26) 254
(3, 4) 127
(25, 55) 253
(28, 4) 294
(50, 25) 216
(31, 9) 168
(1, 46) 119
(57, 57) 0
(40, 31) 178
(21, 35) 277
(4, 45) 185
(8, 40) 396
(7, 16) 288
(46, 21) 462
(29, 35) 88
(33, 32) 172
(16, 24) 383
(36, 43) 210
(41, 32) 105
(22, 2) 411
(44, 27) 117
(9, 15) 200
(12, 44) 324
(34, 1) 242
(37, 52) 111
(24, 23) 134
(45, 52) 214
(10, 22) 157
(49, 49) 0
(13, 11) 279
(52, 26) 295
(0, 0) 0
(38, 29) 121
(3, 13) 256
(25, 56) 236
(28, 3) 167
(50, 16) 321
(53, 5) 225
(1, 39) 222
(40, 6) 66
(21, 44) 336
(4, 20) 275
(8, 47) 359
(7, 9) 100
(46, 28) 286
(33, 57) 157
(16, 31) 131
(54, 44) 67
(41, 41) 0
(22, 5) 279
(5, 51) 92
(44, 18) 336
(9, 48) 447
(47, 7) 363
(12, 43) 477
(34, 24) 308
(17, 48) 439
(24, 30) 469
(45, 45) 0
(10, 17) 344
(49, 42) 160
(13, 4) 369
(0, 7) 293
(38, 20) 130
(25, 1) 323
(28, 26) 233
(50, 11) 342
(53, 14) 114
(1, 56) 109
(40, 13) 261
(21, 53) 282
(4, 19) 475
(26, 32) 302
(7, 6) 483
(46, 39) 167
(29, 53) 184
(33, 50) 171
(16, 22) 210
(54, 39) 116
(19, 3) 348
(41, 18) 336
(22, 28) 302
(44, 9) 238
(9, 57) 196
(47, 12) 363
(12, 34) 257
(34, 19) 325
(17, 41) 203
(37, 38) 86
(42, 51) 75
(45, 38) 189
(10, 24) 103
(49, 35) 269
(35, 16) 213
(0, 30) 120
(38, 15) 135
(25, 10) 157
(28, 17) 127
(50, 2) 287
(14, 36) 160
(53, 23) 249
(1, 49) 156
(4, 26) 151
(26, 43) 137
(46, 46) 0
(29, 14) 269
(51, 33) 29
(16, 13) 0
(19, 8) 390
(41, 27) 117
(22, 23) 107
(5, 37) 191
(44, 0) 82
(9, 34) 168
(47, 21) 474
(30, 55) 68
(34, 42) 212
(17, 34) 173
(56, 3) 73
(37, 47) 235
(23, 12) 186
(45, 31) 195
(10, 3) 463
(49, 36) 195
(13, 54) 214
(35, 25) 316
(0, 21) 269
(38, 6) 188
(25, 19) 415
(14, 47) 324
(53, 16) 92
(1, 10) 480
(39, 29) 166
(4, 1) 44
(26, 50) 307
(46, 49) 45
(29, 7) 441
(51, 38) 79
(16, 4) 369
(54, 49) 165
(19, 17) 160
(2, 43) 117
(41, 28) 170
(22, 46) 227
(5, 46) 70
(9, 43) 396
(47, 18) 474
(34, 37) 149
(17, 27) 178
(56, 10) 392
(37, 40) 137
(42, 37) 157
(23, 5) 311
(45, 24) 350
(10, 10) 0
(13, 47) 302
(35, 30) 45
(38, 57) 58
(25, 20) 297
(11, 25) 133
(50, 52) 214
(14, 54) 235
(53, 25) 151
(1, 3) 93
(39, 26) 302
(4, 8) 502
(46, 56) 116
(29, 0) 174
(51, 47) 138
(54, 8) 355
(19, 22) 415
(2, 34) 307
(41, 5) 142
(22, 33) 265
(5, 23) 311
(9, 44) 238
(47, 27) 235
(30, 33) 96
(17, 28) 127
(56, 17) 244
(55, 43) 103
(42, 44) 141
(23, 2) 470
(45, 17) 359
(10, 53) 284
(32, 10) 310
(13, 40) 261
(35, 7) 455
(18, 53) 282
(38, 48) 266
(25, 29) 287
(11, 30) 393
(50, 47) 19
(14, 57) 110
(1, 4) 44
(39, 19) 325
(26, 4) 151
(48, 25) 350
(29, 25) 287
(51, 52) 124
(54, 3) 72
(19, 31) 325
(41, 14) 192
(22, 56) 236
(5, 16) 307
(27, 47) 235
(47, 32) 241
(30, 40) 129
(34, 55) 147
(17, 21) 160
(56, 24) 421
(55, 32) 143
(20, 6) 238
(42, 23) 347
(23, 27) 361
(6, 49) 156
(45, 10) 361
(32, 1) 262
(13, 33) 235
(35, 12) 455
(18, 44) 336
(38, 43) 173
(11, 23) 155
(50, 38) 189
(14, 0) 110
(36, 21) 325
(1, 29) 84
(39, 8) 239
(26, 15) 339
(48, 16) 410
(29, 18) 357
(15, 35) 199
(54, 26) 192
(19, 36) 325
(2, 52) 281
(22, 51) 236
(5, 25) 279
(27, 36) 145
(47, 41) 139
(30, 19) 259
(52, 36) 35
(17, 14) 31
(56, 31) 139
(55, 57) 130
(20, 13) 145
(42, 30) 146
(23, 16) 316
(6, 40) 66
(45, 3) 209
(10, 39) 281
(32, 24) 373
(31, 48) 302
(35, 53) 181
(18, 39) 325
(57, 0) 0
(38, 34) 69
(43, 53) 236
(8, 17) 247
(11, 12) 31
(50, 33) 171
(14, 11) 287
(36, 28) 179
(1, 22) 323
(39, 1) 222
(26, 22) 428
(48, 23) 354
(51, 2) 175
(15, 40) 250
(54, 29) 50
(19, 45) 493
(2, 15) 330
(24, 32) 373
(5, 2) 176
(47, 54) 142
(30, 26) 184
(52, 35) 167
(17, 7) 324
(56, 38) 79
(55, 54) 29
(20, 20) 0
(3, 52) 180
(42, 25) 300
(23, 41) 246
(6, 35) 166
(10, 46) 379
(32, 31) 81
(31, 57) 58
(18, 30) 259
(57, 9) 196
(38, 37) 86
(43, 42) 19
(8, 24) 213
(11, 5) 412
(14, 18) 190
(36, 27) 145
(26, 17) 356
(48, 14) 431
(12, 28) 415
(51, 11) 367
(15, 49) 326
(54, 20) 149
(19, 50) 493
(2, 6) 131
(24, 39) 324
(5, 11) 412
(27, 50) 253
(30, 29) 99
(52, 42) 199
(56, 45) 155
(55, 15) 193
(20, 19) 202
(42, 0) 210
(23, 38) 266
(6, 26) 152
(10, 41) 326
(32, 22) 186
(31, 38) 69
(35, 35) 0
(18, 25) 415
(57, 18) 269
(40, 54) 47
(43, 35) 142
(8, 31) 218
(7, 57) 293
(33, 9) 333
(14, 21) 190
(36, 2) 287
(39, 55) 126
(26, 24) 613
(48, 5) 104
(12, 27) 412
(51, 16) 218
(2, 1) 131
(24, 46) 378
(27, 11) 393
(49, 26) 305
(30, 4) 221
(52, 49) 225
(56, 52) 124
(55, 4) 165
(20, 26) 217
(3, 34) 204
(42, 11) 433
(6, 29) 84
(28, 42) 222
(32, 45) 260
(31, 47) 177
(35, 40) 126
(18, 16) 205
(57, 27) 120
(21, 5) 442
(43, 24) 492
(8, 6) 458
(7, 54) 391
(11, 51) 367
(33, 2) 146
(14, 28) 145
(36, 9) 188
(39, 44) 50
(44, 57) 82
(12, 18) 473
(51, 25) 236
(15, 7) 300
(37, 22) 265
(2, 24) 595
(24, 53) 341
(27, 0) 120
(49, 19) 502
(30, 15) 156
(52, 56) 124
(0, 46) 213
(55, 29) 44
(20, 33) 153
(3, 43) 69
(23, 52) 250
(6, 20) 238
(28, 33) 172
(32, 36) 81
(31, 20) 182
(53, 39) 46
(18, 11) 471
(57, 28) 133
(40, 36) 158
(21, 14) 190
(43, 17) 328
(8, 13) 215
(7, 47) 363
(11, 40) 400
(33, 27) 96
(36, 48) 285
(39, 37) 133
(44, 48) 242
(9, 18) 381
(48, 51) 196
(12, 9) 100
(51, 30) 100
(15, 12) 300
(37, 31) 149
(2, 19) 392
(27, 25) 277
(49, 20) 311
(52, 7) 289
(0, 37) 105
(55, 26) 176
(20, 40) 186
(3, 16) 256
(25, 35) 316
(6, 15) 315
(28, 56) 172
(31, 29) 186
(53, 32) 38
(18, 2) 392
(57, 37) 105
(40, 43) 52
(21, 23) 521
(4, 49) 179
(43, 22) 318
(8, 52) 241
(7, 36) 277
(46, 1) 119
(11, 33) 396
(33, 28) 172
(16, 52) 108
(39, 34) 21
(44, 47) 139
(9, 27) 316
(48, 42) 142
(12, 0) 293
(15, 21) 201
(37, 24) 457
(24, 3) 494
(27, 30) 0
(49, 13) 332
(13, 31) 131
(52, 14) 130
(55, 19) 325
(20, 55) 124
(3, 25) 308
(25, 36) 132
(6, 6) 0
(28, 55) 143
(32, 50) 260
(31, 26) 322
(53, 41) 83
(57, 46) 213
(40, 18) 387
(21, 16) 205
(4, 56) 153
(43, 15) 296
(7, 29) 441
(46, 8) 378
(11, 38) 304
(33, 21) 354
(16, 43) 308
(36, 38) 51
(41, 53) 83
(44, 38) 31
(9, 28) 315
(48, 33) 190
(34, 12) 257
(15, 18) 201
(37, 1) 193
(24, 10) 103
(27, 23) 361
(49, 6) 156
(13, 24) 383
(52, 21) 290
(0, 51) 136
(3, 30) 95
(25, 45) 216
(28, 14) 145
(50, 31) 195
(31, 3) 204
(53, 50) 229
(57, 55) 130
(40, 25) 268
(21, 25) 415
(4, 39) 266
(43, 4) 63
(8, 34) 218
(7, 26) 579
(46, 19) 462
(29, 41) 117
(33, 46) 129
(16, 34) 131
(36, 45) 184
(22, 8) 159
(44, 29) 117
(9, 5) 367
(12, 54) 391
(34, 7) 257
(15, 27) 156
(37, 10) 406
(24, 17) 424
(13, 17) 46
(52, 28) 148
(0, 10) 302
(38, 27) 96
(3, 7) 460
(25, 54) 237
(28, 5) 259
(50, 22) 216
(31, 8) 218
(1, 45) 159
(57, 56) 136
(40, 0) 179
(21, 34) 325
(4, 46) 150
(8, 41) 289
(7, 19) 473
(46, 26) 265
(29, 34) 186
(33, 39) 145
(16, 25) 210
(54, 42) 78
(41, 39) 50
(22, 3) 308
(44, 20) 157
(9, 14) 196
(12, 45) 372
(34, 30) 161
(37, 51) 103
(24, 24) 0
(45, 51) 155
(10, 23) 164
(49, 48) 128
(13, 10) 305
(52, 27) 124
(0, 1) 245
(38, 18) 305
(3, 12) 460
(28, 28) 0
(50, 17) 359
(53, 4) 295
(1, 38) 188
(40, 7) 426
(21, 43) 416
(4, 21) 475
(26, 38) 254
(7, 8) 86
(46, 29) 142
(33, 56) 29
(16, 16) 0
(54, 45) 159
(41, 40) 108
(22, 26) 428
(5, 50) 111
(44, 19) 336
(9, 55) 314
(47, 6) 153
(12, 36) 277
(34, 25) 116
(17, 55) 226
(24, 31) 308
(45, 44) 158
(10, 30) 420
(49, 41) 168
(13, 3) 256
(0, 24) 359
(38, 21) 305
(25, 0) 169
(28, 27) 76
(50, 8) 373
(14, 34) 153
(53, 13) 92
(40, 14) 282
(21, 52) 290
(4, 28) 294
(26, 33) 164
(7, 1) 483
(46, 36) 167
(29, 52) 166
(33, 49) 174
(16, 23) 316
(54, 36) 116
(19, 2) 392
(41, 17) 203
(22, 29) 287
(44, 10) 326
(9, 56) 306
(47, 15) 297
(12, 35) 455
(34, 16) 131
(17, 40) 285
(37, 37) 0
(42, 48) 142
(45, 37) 253
(10, 25) 157
(49, 34) 207
(35, 19) 277
(0, 31) 58
(38, 12) 326
(25, 9) 106
(28, 18) 183
(50, 3) 209
(14, 37) 169
(53, 22) 151
(1, 48) 111
(4, 27) 221
(26, 40) 171
(46, 47) 34
(29, 13) 249
(51, 32) 154
(16, 14) 22
(19, 11) 471
(41, 26) 256
(22, 20) 297
(5, 36) 190
(44, 1) 172
(9, 33) 333
(47, 20) 286
(30, 52) 124
(34, 43) 230
(17, 33) 257
(56, 4) 153
(37, 46) 217
(23, 15) 321
(45, 30) 253
(10, 0) 302
(13, 53) 92
(35, 24) 508
(0, 22) 169
(38, 7) 326
(25, 18) 415
(14, 44) 192
(53, 31) 43
(1, 9) 406
(39, 28) 179
(4, 2) 131
(26, 51) 193
(46, 54) 121
(29, 6) 84
(51, 41) 68
(16, 5) 307
(54, 54) 0
(19, 16) 205
(2, 40) 152
(41, 3) 137
(22, 47) 205
(5, 45) 111
(9, 42) 378
(47, 29) 171
(34, 34) 0
(17, 26) 356
(56, 11) 367
(55, 45) 188
(42, 34) 212
(23, 4) 394
(45, 23) 216
(10, 11) 27
(13, 46) 301
(35, 1) 166
(25, 27) 277
(11, 24) 118
(50, 53) 229
(14, 55) 225
(53, 24) 341
(1, 2) 131
(39, 21) 325
(4, 9) 449
(46, 57) 213
(29, 31) 186
(51, 46) 116
(54, 9) 304
(19, 25) 415
(2, 35) 133
(41, 4) 216
(22, 38) 183
(5, 22) 279
(27, 41) 117
(47, 26) 298
(30, 38) 96
(17, 19) 160
(56, 18) 353
(55, 42) 86
(42, 45) 161
(23, 29) 347
(45, 16) 321
(10, 50) 361
(32, 11) 284
(13, 39) 138
(35, 6) 166
(18, 50) 493
(38, 49) 198
(25, 28) 302
(11, 17) 318
(50, 44) 158
(1, 27) 182
(39, 18) 325
(26, 5) 196
(48, 26) 248
(29, 24) 471
(51, 55) 33
(15, 37) 139
(54, 0) 132
(19, 30) 259
(41, 13) 170
(22, 57) 169
(5, 31) 208
(27, 46) 215
(47, 35) 249
(30, 41) 117
(34, 52) 41
(17, 20) 140
(56, 25) 236
(55, 35) 79
(20, 7) 416
(42, 20) 203
(23, 26) 489
(6, 54) 113
(45, 9) 318
(32, 2) 292
(13, 32) 66
(35, 15) 199
(18, 45) 493
(38, 40) 122
(11, 22) 133
(50, 39) 184
(14, 1) 347
(36, 22) 132
(1, 28) 257
(39, 11) 255
(26, 12) 579
(48, 17) 439
(29, 17) 268
(15, 34) 129
(54, 27) 95
(19, 39) 325
(2, 53) 299
(22, 48) 350
(5, 24) 443
(27, 39) 145
(47, 40) 132
(30, 16) 170
(52, 37) 111
(17, 13) 46
(56, 32) 154
(55, 56) 33
(20, 14) 156
(42, 31) 212
(23, 19) 521
(6, 41) 172
(45, 2) 287
(10, 36) 281
(32, 25) 186
(31, 51) 139
(35, 52) 167
(18, 36) 325
(57, 7) 293
(38, 35) 134
(43, 52) 217
(8, 18) 390
(11, 15) 290
(14, 8) 217
(36, 29) 166
(1, 21) 440
(39, 0) 56
(26, 23) 489
(48, 8) 502
(51, 5) 92
(15, 43) 296
(54, 18) 348
(19, 44) 336
(2, 12) 564
(24, 33) 449
(5, 1) 50
(47, 49) 30
(30, 27) 0
(52, 44) 64
(17, 6) 349
(56, 39) 118
(55, 49) 193
(20, 21) 202
(3, 55) 58
(42, 6) 37
(23, 40) 318
(6, 32) 262
(10, 47) 353
(32, 16) 66
(31, 56) 139
(18, 31) 325
(57, 8) 239
(40, 48) 158
(43, 45) 170
(8, 25) 159
(11, 4) 497
(14, 19) 190
(36, 4) 266
(39, 57) 56
(26, 30) 184
(48, 15) 400
(12, 29) 441
(51, 10) 392
(15, 48) 400
(54, 21) 348
(19, 53) 282
(2, 7) 564
(24, 40) 446
(5, 10) 435
(27, 53) 137
(30, 2) 175
(52, 43) 217
(56, 46) 116
(55, 14) 225
(20, 28) 19
(42, 1) 37
(23, 33) 326
(6, 27) 182
(28, 44) 170
(32, 23) 286
(31, 33) 166
(35, 34) 202
(18, 22) 415
(57, 17) 124
(40, 55) 63
(43, 34) 230
(8, 0) 239
(7, 56) 391
(33, 8) 384
(14, 26) 367
(36, 3) 184
(39, 54) 116
(26, 25) 428
(48, 6) 111
(12, 20) 416
(51, 19) 353
(15, 57) 81
(2, 30) 175
(24, 47) 347
(27, 10) 420
(49, 25) 229
(30, 5) 184
(52, 50) 214
(0, 40) 179
(56, 53) 143
(55, 7) 403
(20, 27) 57
(3, 37) 108
(42, 8) 430
(6, 18) 440
(28, 43) 234
(32, 46) 237
(31, 46) 182
(35, 43) 142
(18, 17) 160
(57, 26) 297
(21, 4) 475
(43, 27) 159
(8, 7) 86
(7, 49) 384
(11, 50) 342
(33, 1) 92
(14, 29) 269
(36, 10) 281
(39, 47) 165
(12, 19) 473
(51, 24) 421
(15, 6) 315
(37, 21) 251
(2, 25) 411
(24, 54) 422
(27, 3) 95
(49, 18) 502
(30, 12) 412
(52, 57) 21
(0, 47) 216
(55, 28) 143
(20, 34) 182
(3, 42) 61
(23, 55) 323
(6, 21) 440
(28, 34) 189
(32, 37) 104
(31, 23) 209
(53, 38) 64
(18, 8) 390
(57, 35) 164
(40, 37) 137
(21, 13) 205
(43, 16) 308
(8, 14) 217
(7, 46) 387
(11, 43) 451
(33, 26) 164
(36, 49) 195
(39, 36) 0
(44, 49) 168
(9, 17) 227
(48, 52) 305
(12, 10) 30
(15, 15) 0
(37, 30) 17
(2, 16) 344
(27, 24) 469
(49, 11) 354
(52, 0) 21
(0, 38) 58
(55, 21) 325
(20, 41) 157
(3, 19) 348
(25, 34) 116
(6, 12) 483
(28, 57) 133
(31, 28) 189
(53, 47) 211
(18, 3) 348
(57, 36) 56
(40, 44) 108
(21, 22) 415
(4, 50) 185
(43, 9) 396
(8, 53) 224
(7, 39) 277
(46, 6) 119
(11, 32) 284
(33, 19) 354
(16, 53) 92
(36, 56) 118
(41, 51) 68
(44, 40) 108
(9, 26) 488
(48, 43) 135
(12, 1) 483
(15, 20) 131
(37, 7) 397
(24, 4) 527
(27, 17) 178
(49, 12) 384
(13, 30) 170
(52, 15) 102
(55, 18) 325
(20, 48) 343
(3, 24) 494
(25, 43) 318
(6, 7) 483
(28, 48) 362
(32, 51) 154
(31, 5) 208
(53, 40) 186
(57, 45) 235
(40, 19) 387
(21, 31) 325
(4, 57) 289
(43, 14) 328
(7, 28) 415
(46, 9) 323
(29, 47) 171
(33, 20) 153
(16, 44) 170
(36, 39) 0
(41, 52) 64
(44, 39) 50
(9, 3) 372
(48, 34) 302
(12, 56) 391
(34, 13) 131
(15, 29) 237
(37, 0) 105
(24, 11) 118
(27, 22) 277
(49, 5) 109
(13, 23) 316
(52, 22) 156
(0, 52) 21
(3, 1) 93
(25, 44) 173
(28, 15) 123
(50, 28) 321
(31, 2) 307
(53, 49) 240
(1, 43) 24
(57, 54) 132
(40, 26) 171
(21, 24) 582
(4, 32) 306
(43, 7) 477
(8, 35) 403
(7, 21) 473
(46, 16) 301
(29, 40) 40
(33, 45) 171
(16, 35) 213
(36, 46) 167
(22, 9) 106
(44, 30) 117
(9, 4) 449
(12, 55) 403
(34, 4) 286
(15, 26) 339
(37, 9) 301
(24, 18) 582
(45, 57) 235
(13, 16) 0
(52, 29) 166
(0, 11) 275
(38, 24) 374
(3, 6) 93
(25, 53) 151
(28, 6) 257
(50, 23) 216
(31, 11) 235
(1, 44) 172
(40, 1) 66
(21, 33) 354
(4, 47) 183
(8, 42) 430
(7, 18) 473
(46, 27) 215
(29, 33) 22
(33, 38) 102
(16, 26) 353
(54, 43) 97
(41, 38) 31
(22, 0) 169
(44, 21) 336
(9, 13) 189
(12, 46) 387
(34, 31) 0
(37, 50) 253
(24, 25) 192
(45, 50) 0
(10, 20) 427
(49, 55) 193
(13, 9) 189
(0, 2) 285
(38, 19) 305
(3, 15) 243
(28, 29) 174
(50, 14) 343
(53, 3) 198
(1, 37) 193
(40, 8) 396
(21, 42) 404
(4, 22) 364
(26, 39) 302
(7, 11) 31
(46, 34) 182
(16, 17) 46
(54, 34) 137
(41, 47) 139
(22, 27) 277
(5, 49) 109
(44, 12) 324
(9, 54) 304
(47, 1) 153
(12, 37) 397
(34, 22) 116
(17, 54) 239
(42, 54) 78
(45, 43) 170
(10, 31) 262
(49, 40) 147
(13, 2) 344
(0, 25) 169
(38, 10) 331
(25, 7) 161
(28, 20) 19
(50, 9) 318
(14, 35) 227
(53, 12) 275
(40, 15) 250
(21, 51) 353
(4, 29) 124
(26, 46) 265
(7, 0) 293
(46, 37) 217
(29, 51) 51
(33, 48) 190
(16, 8) 215
(54, 37) 98
(19, 5) 442
(41, 16) 170
(22, 18) 415
(44, 11) 301
(47, 14) 324
(30, 50) 253
(34, 17) 173
(17, 47) 340
(37, 36) 133
(42, 49) 160
(45, 36) 184
(10, 6) 480
(49, 33) 174
(35, 18) 277
(0, 16) 88
(38, 13) 144
(25, 8) 159
(28, 19) 183
(50, 0) 235
(14, 42) 310
(53, 21) 282
(1, 55) 123
(4, 4) 0
(26, 41) 256
(46, 44) 132
(29, 12) 441
(51, 35) 112
(16, 15) 15
(19, 10) 496
(2, 46) 244
(41, 25) 173
(22, 21) 415
(5, 35) 180
(44, 2) 240
(9, 32) 200
(47, 23) 213
(30, 53) 137
(34, 40) 178
(17, 32) 99
(56, 5) 92
(37, 45) 253
(42, 56) 75
(23, 14) 333
(45, 29) 185
(10, 1) 480
(13, 52) 108
(35, 27) 45
(0, 23) 267
(38, 4) 232
(25, 17) 255
(14, 45) 343
(53, 30) 137
(1, 8) 458
(39, 31) 21
(4, 3) 127
(26, 48) 248
(46, 55) 149
(29, 5) 92
(51, 40) 43
(16, 6) 327
(54, 55) 29
(19, 19) 0
(2, 41) 240
(41, 2) 240
(22, 44) 173
(5, 44) 142
(9, 41) 238
(47, 28) 302
(34, 35) 202
(17, 25) 255
(56, 12) 391
(55, 44) 81
(42, 35) 133
(23, 7) 186
(45, 22) 216
(10, 8) 113
(13, 45) 321
(35, 0) 164
(18, 56) 353
(25, 26) 428
(11, 27) 393
(50, 50) 0
(14, 52) 130
(1, 1) 0
(39, 20) 170
(4, 10) 520
(29, 30) 99
(51, 49) 160
(54, 14) 235
(19, 24) 582
(2, 32) 292
(41, 11) 301
(22, 39) 132
(5, 21) 442
(27, 40) 129
(47, 37) 235
(30, 39) 145
(17, 18) 160
(56, 19) 353
(55, 37) 74
(42, 42) 0
(23, 28) 398
(45, 15) 316
(10, 51) 392
(32, 12) 299
(13, 38) 144
(35, 9) 360
(18, 51) 353
(38, 54) 76
(43, 57) 229
(11, 16) 279
(50, 45) 0
(1, 26) 152
(39, 13) 138
(26, 2) 21
(48, 27) 286
(29, 23) 347
(51, 54) 5
(15, 36) 134
(54, 1) 113
(19, 33) 354
(41, 12) 324
(5, 30) 184
(27, 33) 96
(47, 34) 177
(30, 46) 215
(34, 53) 43
(17, 11) 318
(56, 26) 193
(55, 34) 147
(20, 0) 128
(42, 21) 404
(23, 21) 521
(6, 55) 123
(45, 8) 373
(32, 3) 197
(31, 53) 43
(35, 14) 227
(18, 42) 404
(38, 41) 31
(11, 9) 91
(50, 36) 184
(14, 6) 347
(36, 23) 220
(1, 19) 440
(39, 10) 281
(26, 13) 353
(48, 18) 544
(29, 16) 249
(15, 45) 316
(54, 24) 422
(19, 38) 305
(2, 50) 287
(22, 49) 229
(5, 7) 440
(27, 38) 96
(47, 43) 161
(30, 17) 178
(52, 38) 45
(17, 12) 324
(56, 33) 29
(20, 15) 131
(3, 49) 210
(42, 28) 222
(23, 18) 521
(6, 46) 119
(45, 1) 159
(10, 37) 406
(32, 26) 302
(31, 50) 195
(35, 55) 79
(18, 37) 251
(57, 6) 245
(38, 32) 78
(43, 55) 103
(8, 19) 390
(11, 14) 287
(14, 9) 196
(36, 30) 145
(1, 20) 238
(39, 3) 184
(26, 20) 217
(48, 9) 447
(51, 4) 153
(15, 42) 279
(54, 19) 348
(19, 47) 474
(2, 13) 344
(24, 34) 308
(5, 0) 221
(47, 48) 146
(30, 24) 469
(52, 45) 214
(17, 5) 335
(56, 40) 43
(55, 48) 221
(20, 22) 297
(3, 54) 72
(42, 7) 459
(23, 43) 362
(6, 33) 92
(10, 44) 326
(32, 17) 99
(18, 28) 183
(57, 15) 81
(40, 49) 147
(43, 44) 160
(8, 26) 535
(11, 7) 31
(14, 16) 22
(36, 5) 190
(39, 56) 118
(26, 31) 322
(48, 0) 323
(12, 30) 412
(51, 13) 218
(15, 51) 208
(19, 52) 290
(2, 4) 131
(24, 41) 361
(5, 9) 367
(27, 52) 124
(47, 57) 216
(30, 3) 95
(52, 52) 0
(56, 47) 138
(55, 9) 314
(20, 29) 155
(42, 14) 310
(23, 32) 286
(6, 24) 492
(28, 45) 321
(32, 40) 197
(31, 32) 81
(35, 37) 61
(18, 23) 521
(57, 16) 88
(40, 56) 43
(43, 37) 171
(8, 1) 458
(33, 15) 224
(14, 27) 185
(36, 12) 277
(39, 49) 195
(48, 7) 509
(12, 21) 473
(51, 18) 353
(15, 56) 208
(2, 31) 307
(24, 48) 487
(27, 13) 170
(49, 24) 360
(30, 10) 420
(52, 51) 124
(0, 41) 82
(56, 54) 5
(55, 6) 123
(20, 36) 170
(3, 36) 184
(42, 9) 378
(23, 57) 267
(6, 19) 440
(28, 36) 179
(32, 47) 241
(31, 41) 71
(35, 42) 133
(18, 14) 190
(57, 25) 169
(21, 3) 348
(43, 26) 137
(8, 8) 0
(7, 48) 509
(11, 53) 257
(33, 0) 157
(16, 56) 218
(36, 11) 255
(39, 46) 167
(12, 12) 0
(51, 27) 100
(15, 1) 315
(37, 20) 51
(2, 22) 411
(24, 55) 442
(27, 2) 175
(49, 17) 369
(30, 13) 170
(0, 32) 25
(55, 31) 147
(20, 35) 82
(3, 45) 209
(23, 54) 300
(6, 10) 480
(28, 35) 100
(32, 38) 78
(31, 22) 116
(53, 37) 122
(18, 9) 381
(57, 34) 58
(40, 38) 122
(21, 12) 473
(4, 52) 276
(43, 19) 416
(8, 15) 228
(7, 41) 324
(11, 42) 433
(33, 25) 265
(36, 50) 184
(39, 39) 0
(44, 50) 158
(9, 16) 189
(48, 53) 324
(12, 11) 31
(15, 14) 32
(37, 29) 110
(2, 17) 350
(27, 27) 0
(49, 10) 373
(52, 1) 232
(0, 39) 56
(55, 20) 124
(20, 42) 203
(3, 18) 348
(25, 33) 265
(6, 13) 327
(31, 31) 0
(53, 46) 211
(18, 0) 269
(57, 43) 229
(40, 45) 146
(21, 21) 0
(4, 51) 153
(43, 8) 448
(8, 54) 355
(7, 38) 326
(46, 7) 387
(11, 35) 436
(33, 18) 354
(16, 54) 214
(36, 57) 56
(41, 50) 158
(44, 41) 0
(9, 25) 106
(48, 44) 242
(12, 2) 564
(15, 23) 321
(37, 6) 193
(24, 5) 443
(27, 16) 170
(49, 3) 210
(13, 29) 249
(52, 8) 241
(20, 49) 311
(3, 27) 95
(25, 42) 300
(6, 4) 44
(28, 49) 328
(32, 52) 46
(31, 4) 286
(53, 55) 141
(57, 44) 82
(40, 20) 186
(21, 30) 259
(43, 1) 24
(7, 31) 257
(46, 14) 323
(29, 46) 142
(33, 43) 73
(16, 45) 321
(36, 32) 81
(44, 32) 105
(9, 2) 474
(48, 35) 275
(12, 57) 293
(34, 10) 262
(15, 28) 123
(37, 15) 139
(24, 12) 133
(49, 4) 179
(13, 22) 210
(52, 23) 250
(0, 53) 18
(20, 56) 154
(3, 0) 186
(25, 51) 236
(28, 8) 349
(50, 29) 185
(31, 13) 131
(53, 48) 324
(1, 42) 37
(57, 53) 18
(40, 27) 129
(21, 39) 325
(4, 33) 134
(43, 6) 24
(8, 36) 239
(7, 20) 416
(46, 17) 335
(29, 39) 166
(33, 44) 96
(16, 36) 138
(36, 47) 165
(22, 14) 226
(44, 31) 71
(9, 11) 91
(12, 48) 509
(34, 5) 208
(37, 8) 343
(24, 19) 582
(45, 56) 155
(13, 15) 15
(52, 30) 124
(0, 12) 293
(38, 25) 183
(3, 9) 372
(25, 52) 156
(28, 7) 415
(50, 20) 304
(31, 10) 262
(53, 57) 18
(1, 35) 166
(40, 2) 152
(21, 32) 245
(4, 40) 110
(8, 43) 448
(7, 13) 288
(46, 24) 378
(29, 32) 187
(33, 37) 104
(16, 27) 170
(54, 40) 47
(41, 37) 110
(22, 1) 323
(5, 55) 117
(44, 22) 173
(9, 12) 100
(12, 47) 363
(34, 28) 189
(37, 49) 260
(24, 26) 613
(45, 49) 13
(10, 21) 496
(49, 54) 165
(13, 8) 215
(0, 3) 186
(38, 16) 144
(3, 14) 274
(28, 30) 76
(50, 15) 316
(53, 2) 299
(1, 36) 222
(40, 9) 344
(21, 41) 336
(4, 23) 394
(26, 36) 302
(7, 10) 30
(46, 35) 224
(29, 57) 174
(16, 18) 205
(54, 35) 107
(41, 46) 132
(22, 24) 192
(5, 48) 104
(44, 13) 170
(9, 53) 179
(47, 0) 216
(12, 38) 326
(34, 23) 209
(17, 53) 132
(42, 55) 86
(45, 42) 161
(10, 28) 428
(49, 47) 30
(13, 1) 327
(0, 26) 297
(38, 11) 304
(25, 6) 323
(28, 21) 183
(50, 6) 159
(14, 32) 87
(53, 11) 257
(21, 50) 493
(4, 30) 221
(26, 47) 298
(7, 3) 460
(46, 42) 118
(29, 50) 185
(33, 55) 31
(16, 9) 189
(19, 4) 475
(41, 23) 246
(22, 19) 415
(5, 57) 221
(44, 4) 216
(47, 9) 305
(30, 51) 100
(34, 46) 182
(17, 46) 335
(37, 35) 61
(45, 35) 265
(10, 7) 30
(49, 32) 270
(35, 21) 277
(0, 17) 124
(38, 2) 239
(25, 15) 215
(50, 1) 159
(14, 43) 328
(53, 20) 146
(1, 54) 113
(4, 5) 85
(26, 54) 192
(46, 45) 43
(29, 11) 417
(51, 34) 139
(16, 0) 88
(19, 13) 205
(2, 47) 277
(41, 24) 361
(22, 42) 300
(5, 34) 208
(44, 3) 137
(9, 39) 188
(47, 22) 205
(34, 41) 71
(17, 39) 178
(56, 6) 109
(37, 44) 110
(42, 57) 210
(23, 9) 186
(45, 28) 321
(10, 14) 313
(13, 51) 218
(35, 26) 140
(38, 5) 164
(25, 16) 210
(50, 56) 155
(14, 50) 343
(53, 29) 184
(1, 15) 315
(39, 30) 145
(4, 12) 525
(26, 49) 305
(46, 52) 194
(29, 4) 124
(51, 43) 94
(16, 7) 288
(54, 52) 121
(19, 18) 0
(2, 38) 239
(41, 1) 172
(22, 45) 216
(5, 43) 59
(9, 40) 344
(47, 31) 177
(34, 32) 81
(17, 24) 424
(56, 13) 218
(55, 47) 171
(42, 32) 227
(23, 6) 360
(45, 21) 493
(10, 9) 117
(13, 44) 170
(35, 3) 73
(18, 57) 269
(25, 25) 0
(11, 26) 557
(50, 51) 155
(14, 53) 114
(1, 0) 245
(39, 23) 220
(4, 11) 497
(26, 56) 193
(29, 29) 0
(51, 48) 196
(54, 15) 204
(19, 27) 259
(2, 33) 146
(41, 10) 326
(22, 36) 132
(5, 20) 241
(27, 43) 159
(47, 36) 165
(30, 36) 145
(17, 17) 0
(56, 20) 154
(55, 36) 126
(42, 43) 19
(23, 31) 209
(45, 14) 343
(10, 48) 499
(32, 13) 66
(13, 37) 153
(35, 8) 403
(18, 48) 544
(38, 55) 79
(43, 56) 94
(11, 19) 471
(50, 42) 161
(1, 25) 323
(39, 12) 277
(26, 3) 120
(48, 28) 362
(29, 22) 287
(51, 57) 136
(15, 39) 134
(54, 6) 113
(19, 32) 245
(2, 56) 175
(5, 29) 92
(27, 32) 120
(47, 45) 19
(30, 47) 235
(34, 50) 195
(17, 10) 344
(56, 27) 100
(20, 1) 238
(42, 18) 404
(23, 20) 390
(6, 52) 232
(45, 7) 372
(32, 4) 306
(31, 52) 41
(35, 49) 269
(18, 43) 416
(38, 46) 161
(43, 49) 168
(11, 8) 96
(50, 37) 253
(14, 7) 293
(36, 16) 138
(1, 18) 440
(39, 5) 190
(26, 10) 582
(48, 19) 544
(15, 44) 162
(54, 25) 237
(19, 41) 336
(2, 51) 175
(22, 54) 237
(5, 6) 50
(27, 57) 120
(47, 42) 151
(30, 22) 277
(52, 39) 35
(17, 3) 270
(56, 34) 139
(20, 8) 353
(3, 48) 203
(42, 29) 48
(23, 45) 216
(6, 47) 153
(45, 0) 235
(10, 34) 262
(32, 27) 120
(35, 54) 107
(18, 34) 325
(57, 5) 221
(38, 33) 102
(43, 54) 97
(8, 20) 353
(11, 1) 456
(14, 14) 0
(36, 31) 21
(39, 2) 287
(26, 21) 389
(48, 10) 499
(51, 7) 391
(15, 53) 88
(54, 16) 214
(19, 46) 462
(2, 10) 566
(24, 35) 508
(5, 15) 298
(47, 51) 138
(30, 25) 277
(52, 46) 194
(17, 4) 391
(56, 41) 68
(55, 51) 33
(20, 23) 390
(3, 57) 186
(42, 4) 79
(23, 42) 347
(6, 38) 188
(10, 45) 361
(32, 18) 245
(18, 29) 357
(57, 14) 110
(40, 50) 146
(43, 47) 161
(8, 27) 358
(11, 6) 456
(14, 17) 31
(36, 6) 222
(26, 28) 233
(48, 1) 111
(12, 31) 257
(51, 12) 391
(15, 50) 316
(19, 55) 325
(2, 5) 176
(24, 42) 476
(5, 8) 420
(27, 55) 68
(47, 56) 138
(30, 0) 120
(52, 53) 19
(56, 48) 196
(55, 8) 362
(20, 30) 57
(42, 15) 279
(23, 35) 395
(6, 25) 323
(28, 46) 286
(32, 41) 105
(31, 35) 202
(35, 36) 184
(18, 20) 202
(57, 23) 267
(40, 57) 179
(43, 36) 210
(8, 2) 522
(33, 14) 255
(14, 24) 393
(36, 13) 138
(39, 48) 285
(48, 56) 196
(12, 22) 161
(51, 21) 353
(2, 28) 230
(24, 49) 360
(27, 12) 412
(49, 31) 207
(30, 11) 393
(0, 42) 210
(56, 55) 33
(55, 1) 123
(20, 37) 51
(3, 39) 184
(23, 56) 298
(6, 16) 327
(28, 37) 69
(32, 32) 0
(31, 40) 178
(35, 45) 265
(18, 15) 201
(57, 24) 359
(40, 32) 197
(21, 2) 392
(43, 29) 61
(8, 9) 55
(7, 51) 391
(11, 52) 269
(33, 7) 420
(16, 57) 88
(36, 52) 35
(39, 41) 50
(44, 52) 64
(12, 13) 288
(51, 26) 193
(15, 0) 81
(37, 19) 251
(2, 23) 470
(24, 56) 421
(27, 5) 184
(49, 16) 332
(0, 33) 157
(55, 30) 68
(20, 44) 157
(3, 44) 137
(23, 49) 226
(6, 11) 456
(32, 39) 81
(31, 17) 173
(53, 36) 46
(18, 6) 440
(57, 33) 157
(40, 39) 158
(21, 11) 471
(4, 53) 295
(43, 18) 416
(8, 48) 502
(7, 40) 426
(11, 45) 342
(33, 24) 449
(16, 48) 410
(36, 51) 118
(39, 38) 51
(44, 51) 68
(9, 23) 186
(48, 54) 201
(12, 4) 525
(15, 9) 200
(37, 28) 69
(27, 26) 184
(49, 9) 331
(52, 2) 281
(0, 56) 136
(55, 23) 323
(20, 43) 215
(3, 21) 348
(25, 32) 186
(6, 2) 131
(31, 30) 161
(53, 45) 229
(18, 1) 440
(57, 42) 210
(40, 46) 103
(21, 20) 202
(43, 11) 451
(8, 55) 362
(7, 33) 420
(46, 4) 150
(11, 34) 235
(33, 17) 257
(16, 55) 205
(41, 49) 168
(44, 42) 141
(9, 24) 203
(48, 45) 139
(12, 3) 460
(15, 22) 215
(37, 5) 191
(24, 6) 492
(27, 19) 259
(49, 2) 285
(13, 28) 138
(52, 9) 194
(20, 50) 304
(3, 26) 120
(25, 41) 173
(6, 5) 50
(28, 50) 321
(32, 53) 38
(31, 7) 257
(53, 54) 140
(57, 51) 136
(40, 21) 387
(21, 29) 357
(43, 0) 229
(7, 30) 412
(46, 15) 294
(29, 45) 185
(33, 42) 55
(16, 46) 301
(36, 33) 145
(44, 33) 96
(9, 1) 406
(48, 36) 285
(34, 11) 235
(15, 31) 129
(37, 14) 169
(24, 13) 383
(13, 21) 205
(52, 16) 108
(0, 54) 132
(20, 57) 128
(3, 3) 0
(25, 50) 216
(28, 9) 315
(50, 26) 307
(31, 12) 257
(1, 41) 172
(57, 52) 21
(40, 28) 204
(21, 38) 305
(4, 34) 286
(8, 37) 343
(7, 23) 186
(46, 22) 227
(29, 38) 121
(33, 35) 96
(16, 37) 153
(36, 40) 158
(41, 35) 149
(22, 15) 215
(44, 24) 361
(9, 10) 117
(12, 49) 384
(34, 2) 307
(37, 55) 74
(24, 20) 487
(45, 55) 188
(13, 14) 22
(52, 31) 41
(0, 13) 88
(38, 30) 96
(3, 8) 420
(28, 0) 133
(50, 21) 493
(53, 56) 143
(1, 34) 242
(40, 3) 63
(21, 47) 474
(4, 41) 216
(8, 44) 289
(7, 12) 0
(46, 25) 227
(33, 36) 145
(16, 28) 138
(54, 41) 67
(41, 36) 50
(22, 6) 323
(5, 54) 97
(44, 23) 246
(9, 51) 306
(12, 40) 426
(34, 29) 186
(17, 51) 244
(37, 48) 294
(24, 27) 469
(45, 48) 139
(10, 18) 496
(49, 53) 240
(13, 7) 288
(0, 4) 289
(38, 17) 175
(28, 31) 189
