General parameters 

15 53 720 750


Customer schedules 

0 0	0 [0,720]	
1 61	1 [0,81]	2 [86,119]	3 [124,720]	
2 64	4 [0,720]	
3 30	5 [0,5]	6 [160,168]	7 [203,217]	8 [411,526]	9 [699,720]	
4 51	10 [0,72]	11 [143,259]	12 [435,502]	13 [699,720]	
5 45	14 [0,119]	15 [174,178]	16 [253,259]	17 [304,355]	18 [484,491]	19 [606,720]	
6 43	20 [0,720]	
7 32	21 [0,720]	
8 52	22 [0,122]	23 [292,301]	24 [400,415]	25 [486,720]	
9 34	26 [0,114]	27 [197,369]	28 [452,720]	
10 38	29 [0,64]	30 [137,138]	31 [227,227]	32 [318,385]	33 [388,393]	34 [396,720]	
11 30	35 [0,2]	36 [114,114]	37 [178,179]	38 [340,344]	39 [535,555]	40 [690,720]	
12 42	41 [0,30]	42 [206,235]	43 [411,720]	
13 60	44 [0,720]	
14 79	45 [0,207]	46 [416,447]	47 [656,720]	
15 52	48 [0,307]	49 [332,426]	50 [451,617]	51 [619,720]	
16 0	52 [0,720]	


Location coordinates

0 	 0.0 0.0
1 	 50.3479688917 3.8936089518
2 	 49.1907042807 6.02631914094
3 	 50.3479688917 3.8936089518
4 	 146.171243102 80.7565016266
5 	 -3.90581717265 71.3312474002
6 	 -71.1319036368 32.9788222854
7 	 -61.4386724467 18.4426103066
8 	 32.3432739294 -7.0858088614
9 	 -3.90581717265 71.3312474002
10 	 -107.812938525 -41.1226356653
11 	 -74.6351274424 -54.4332054255
12 	 -33.7221276293 23.4050473606
13 	 -107.812938525 -41.1226356653
14 	 49.5340635375 -29.2289985944
15 	 76.0331536369 -36.470294385
16 	 55.8696291267 -4.68517143185
17 	 44.4420400595 -23.9194130582
18 	 89.5494849345 -70.3228553283
19 	 49.5340635375 -29.2289985944
20 	 -147.3913464 64.7044217767
21 	 68.1355289672 -38.7569338928
22 	 70.6121692188 41.4320246233
23 	 -1.11727930028 87.2877914232
24 	 40.2814817522 60.0465146415
25 	 70.6121692188 41.4320246233
26 	 1.48052544091 8.38372870037
27 	 -15.6864136517 46.3970120824
28 	 1.48052544091 8.38372870037
29 	 -1.63338583005 25.4076055974
30 	 23.3118637551 52.2723188674
31 	 41.5761855069 11.6630987498
32 	 -1.7141381606 25.4110652516
33 	 -3.08803582396 24.57835021
34 	 -1.63338583005 25.4076055974
35 	 20.8612139873 117.625873768
36 	 -15.3469960573 160.054428458
37 	 -17.1347423752 127.964629009
38 	 61.1918737885 108.341949825
39 	 -25.3857036581 68.128735144
40 	 20.8612139873 117.625873768
41 	 -18.2818728974 16.6569900387
42 	 45.1009707922 -44.7990921759
43 	 -18.2818728974 16.6569900387
44 	 -0.864286554694 -7.33400346099
45 	 27.5614431555 -38.5412002608
46 	 -35.5516061834 -121.62390326
47 	 27.5614431555 -38.5412002608
48 	 -62.6032522394 34.1697416384
49 	 -57.3733086943 23.0774727147
50 	 -63.4599256702 34.1079992004
51 	 -62.6032522394 34.1697416384
52 	 0.0 0.0


Travel time matrix 

(31, 6) 229
(40, 22) 182
(21, 28) 163
(4, 36) 360
(43, 3) 140
(7, 25) 268
(46, 12) 290
(29, 44) 66
(33, 41) 34
(16, 47) 88
(36, 34) 271
(44, 34) 66
(9, 0) 143
(48, 37) 208
(34, 8) 94
(15, 30) 206
(37, 13) 384
(24, 14) 180
(13, 20) 226
(52, 17) 101
(3, 2) 5
(25, 49) 259
(28, 10) 240
(50, 27) 99
(31, 15) 118
(1, 40) 235
(40, 29) 190
(21, 37) 374
(4, 35) 261
(8, 38) 238
(7, 22) 268
(46, 23) 423
(29, 37) 207
(33, 34) 3
(16, 38) 226
(36, 41) 287
(41, 34) 37
(22, 12) 212
(44, 25) 173
(9, 9) 0
(12, 50) 63
(34, 3) 113
(24, 21) 205
(49, 51) 25
(13, 13) 0
(52, 24) 145
(0, 14) 115
(38, 31) 197
(3, 11) 276
(28, 1) 98
(50, 18) 370
(1, 33) 115
(40, 4) 261
(21, 46) 265
(4, 42) 322
(8, 45) 64
(7, 15) 296
(46, 30) 367
(16, 29) 130
(41, 43) 0
(22, 7) 268
(44, 16) 113
(9, 50) 140
(47, 5) 229
(12, 41) 34
(34, 26) 35
(17, 50) 245
(24, 28) 129
(45, 47) 0
(10, 19) 316
(49, 52) 124
(13, 6) 165
(0, 5) 143
(38, 22) 135
(25, 3) 85
(28, 24) 129
(50, 13) 175
(40, 11) 394
(4, 17) 292
(26, 34) 35
(7, 4) 434
(46, 33) 300
(16, 20) 429
(19, 1) 66
(41, 44) 59
(22, 30) 97
(44, 15) 164
(47, 2) 99
(12, 32) 64
(34, 21) 190
(17, 43) 149
(45, 40) 313
(10, 26) 240
(49, 45) 210
(0, 28) 17
(38, 9) 150
(25, 4) 170
(28, 23) 158
(50, 4) 429
(14, 38) 276
(1, 51) 234
(21, 48) 299
(4, 24) 216
(26, 45) 107
(46, 40) 492
(29, 48) 123
(16, 11) 279
(19, 6) 272
(41, 21) 205
(22, 17) 141
(5, 39) 43
(44, 6) 162
(47, 11) 207
(30, 49) 172
(34, 44) 66
(17, 44) 96
(37, 33) 209
(45, 33) 140
(10, 5) 306
(49, 38) 292
(35, 23) 75
(0, 19) 115
(38, 0) 249
(25, 13) 393
(14, 41) 164
(1, 52) 101
(4, 7) 434
(26, 52) 17
(46, 51) 316
(29, 9) 92
(51, 36) 269
(16, 2) 25
(19, 15) 55
(2, 45) 99
(41, 30) 110
(22, 40) 182
(5, 32) 92
(9, 37) 116
(47, 16) 88
(34, 39) 98
(17, 37) 327
(37, 42) 367
(42, 39) 266
(23, 11) 319
(45, 26) 107
(10, 12) 197
(13, 49) 163
(35, 28) 222
(25, 22) 0
(14, 48) 258
(1, 13) 329
(39, 24) 132
(4, 14) 293
(29, 2) 109
(51, 45) 232
(19, 20) 436
(2, 36) 334
(41, 7) 86
(22, 35) 182
(5, 41) 113
(9, 46) 391
(47, 25) 181
(30, 35) 131
(17, 30) 158
(42, 46) 223
(23, 0) 175
(45, 19) 48
(32, 8) 94
(13, 42) 306
(35, 5) 105
(38, 50) 290
(25, 31) 83
(11, 28) 197
(50, 49) 25
(1, 6) 250
(39, 17) 231
(26, 6) 153
(29, 27) 50
(51, 50) 2
(19, 29) 150
(41, 8) 112
(5, 18) 339
(27, 45) 190
(47, 38) 301
(30, 42) 199
(17, 23) 240
(20, 4) 588
(42, 41) 176
(23, 25) 170
(6, 51) 17
(45, 12) 174
(32, 15) 199
(13, 35) 408
(35, 10) 408
(18, 46) 270
(11, 21) 287
(50, 40) 237
(14, 2) 71
(1, 31) 23
(39, 14) 246
(26, 1) 98
(48, 30) 176
(29, 20) 302
(15, 33) 200
(19, 34) 150
(5, 27) 55
(27, 34) 50
(47, 47) 0
(30, 45) 182
(34, 48) 123
(17, 8) 41
(20, 3) 414
(42, 16) 83
(23, 22) 170
(6, 42) 280
(45, 5) 229
(32, 6) 140
(35, 51) 236
(18, 41) 277
(38, 44) 263
(43, 51) 95
(11, 10) 71
(50, 35) 237
(14, 5) 228
(36, 18) 506
(1, 16) 20
(39, 7) 123
(26, 8) 69
(48, 21) 299
(51, 0) 143
(15, 46) 281
(19, 43) 164
(2, 49) 216
(22, 52) 164
(5, 4) 301
(47, 52) 95
(30, 20) 342
(52, 33) 50
(17, 1) 57
(20, 10) 226
(3, 50) 236
(42, 27) 219
(23, 47) 258
(6, 45) 244
(10, 32) 250
(32, 29) 0
(18, 32) 264
(38, 39) 191
(43, 40) 217
(8, 22) 124
(11, 3) 276
(14, 12) 197
(36, 25) 293
(26, 19) 122
(48, 12) 62
(51, 9) 139
(19, 48) 258
(2, 8) 43
(24, 37) 178
(5, 13) 306
(27, 48) 97
(30, 31) 89
(52, 40) 239
(20, 17) 422
(42, 2) 102
(23, 36) 148
(6, 36) 278
(10, 43) 213
(32, 20) 302
(31, 36) 318
(35, 33) 192
(18, 27) 314
(40, 52) 239
(43, 33) 34
(8, 29) 94
(33, 11) 213
(14, 23) 254
(36, 0) 322
(26, 26) 0
(48, 3) 234
(12, 25) 212
(51, 14) 258
(2, 3) 5
(24, 44) 158
(27, 9) 55
(30, 6) 193
(20, 24) 375
(3, 32) 113
(42, 13) 306
(6, 31) 229
(28, 40) 222
(32, 43) 37
(31, 45) 104
(35, 38) 83
(18, 18) 0
(21, 7) 283
(43, 38) 243
(8, 4) 288
(7, 52) 128
(11, 49) 159
(33, 12) 61
(14, 30) 171
(36, 15) 433
(39, 50) 102
(12, 16) 188
(51, 23) 163
(15, 5) 268
(2, 26) 96
(24, 51) 212
(27, 14) 200
(49, 29) 111
(30, 9) 66
(0, 44) 15
(20, 39) 244
(3, 41) 140
(6, 22) 284
(28, 39) 131
(32, 34) 0
(31, 42) 113
(35, 47) 313
(18, 13) 399
(40, 34) 190
(21, 0) 157
(43, 31) 120
(8, 11) 234
(7, 45) 211
(33, 5) 94
(39, 43) 104
(48, 49) 25
(12, 15) 250
(51, 28) 138
(15, 2) 100
(37, 17) 327
(2, 21) 97
(27, 7) 107
(49, 22) 259
(52, 5) 143
(0, 35) 239
(20, 46) 434
(3, 46) 304
(23, 51) 163
(6, 9) 155
(31, 19) 83
(18, 4) 323
(40, 41) 217
(21, 9) 263
(43, 20) 275
(8, 50) 209
(7, 42) 248
(46, 3) 304
(11, 47) 207
(33, 30) 76
(16, 50) 251
(39, 32) 98
(44, 45) 84
(9, 21) 263
(48, 40) 236
(12, 6) 77
(15, 11) 303
(37, 26) 242
(24, 1) 114
(27, 28) 83
(49, 15) 292
(52, 12) 82
(3, 23) 196
(25, 38) 135
(6, 0) 157
(32, 48) 123
(31, 24) 97
(40, 16) 254
(21, 18) 76
(43, 13) 213
(7, 35) 257
(46, 10) 216
(11, 36) 445
(33, 23) 125
(16, 41) 154
(36, 36) 0
(44, 36) 336
(9, 30) 66
(48, 47) 232
(34, 14) 150
(15, 16) 75
(37, 3) 282
(24, 8) 135
(27, 21) 239
(49, 0) 124
(13, 26) 240
(52, 11) 185
(0, 49) 124
(3, 28) 98
(25, 47) 181
(28, 12) 77
(31, 1) 23
(40, 23) 75
(21, 27) 239
(4, 37) 340
(43, 2) 137
(8, 32) 94
(7, 24) 220
(46, 13) 216
(29, 43) 37
(33, 40) 192
(16, 32) 130
(36, 35) 112
(22, 10) 393
(44, 35) 254
(9, 7) 156
(48, 38) 289
(12, 52) 82
(34, 9) 92
(15, 25) 156
(37, 12) 212
(24, 15) 206
(13, 19) 316
(52, 18) 228
(0, 8) 66
(3, 5) 173
(25, 48) 267
(28, 11) 197
(50, 24) 214
(31, 14) 83
(1, 47) 96
(40, 30) 131
(21, 36) 431
(4, 44) 343
(8, 39) 190
(7, 17) 228
(46, 20) 434
(29, 36) 271
(33, 33) 0
(16, 39) 218
(36, 42) 427
(41, 33) 34
(22, 13) 393
(44, 26) 32
(9, 8) 173
(12, 51) 62
(34, 0) 51
(24, 22) 71
(49, 50) 25
(13, 12) 197
(52, 25) 164
(0, 15) 169
(38, 28) 233
(3, 10) 329
(28, 2) 96
(50, 19) 259
(1, 32) 113
(40, 5) 105
(21, 45) 81
(4, 43) 353
(8, 46) 266
(7, 14) 242
(46, 31) 308
(16, 30) 131
(41, 42) 176
(22, 4) 170
(5, 52) 143
(44, 17) 96
(9, 49) 144
(47, 4) 336
(12, 42) 208
(34, 27) 50
(17, 49) 224
(24, 29) 109
(45, 46) 209
(10, 16) 335
(49, 43) 79
(13, 5) 306
(0, 6) 157
(38, 23) 132
(25, 2) 83
(28, 25) 153
(50, 10) 175
(40, 12) 218
(4, 18) 323
(26, 35) 222
(7, 7) 0
(46, 38) 499
(33, 51) 121
(16, 21) 72
(19, 0) 115
(41, 19) 164
(22, 31) 83
(44, 8) 66
(47, 13) 271
(12, 33) 61
(34, 18) 264
(17, 42) 42
(37, 39) 121
(42, 50) 268
(45, 39) 238
(10, 27) 254
(49, 44) 128
(35, 17) 287
(0, 29) 51
(38, 14) 276
(25, 11) 348
(28, 16) 112
(50, 5) 140
(14, 39) 246
(1, 50) 236
(4, 25) 170
(26, 42) 138
(46, 41) 279
(29, 15) 199
(33, 52) 50
(16, 12) 188
(19, 9) 228
(41, 20) 275
(22, 22) 0
(5, 38) 150
(44, 7) 132
(9, 35) 105
(47, 10) 271
(34, 45) 141
(17, 35) 287
(37, 32) 207
(23, 13) 334
(45, 32) 141
(10, 2) 328
(49, 37) 225
(35, 22) 182
(0, 20) 322
(38, 1) 210
(25, 12) 212
(14, 46) 251
(1, 11) 276
(4, 0) 334
(46, 48) 316
(29, 8) 94
(51, 39) 101
(16, 3) 20
(19, 14) 0
(2, 42) 102
(41, 29) 37
(22, 41) 185
(5, 47) 229
(9, 36) 179
(47, 19) 48
(34, 36) 271
(17, 36) 387
(37, 41) 223
(42, 36) 427
(23, 10) 334
(45, 25) 181
(10, 13) 0
(13, 48) 176
(35, 31) 216
(25, 21) 160
(14, 49) 238
(1, 12) 173
(39, 27) 48
(4, 15) 273
(29, 1) 113
(51, 44) 149
(19, 23) 254
(2, 37) 278
(41, 6) 111
(22, 32) 148
(5, 40) 105
(9, 45) 229
(47, 24) 199
(30, 32) 73
(17, 29) 135
(42, 47) 37
(23, 3) 196
(45, 18) 139
(10, 52) 231
(32, 9) 92
(13, 41) 213
(35, 4) 261
(18, 52) 228
(38, 51) 289
(25, 30) 97
(11, 31) 267
(50, 46) 316
(1, 5) 173
(39, 16) 218
(26, 7) 127
(48, 24) 212
(29, 26) 35
(19, 28) 122
(41, 15) 216
(5, 17) 214
(27, 44) 111
(47, 33) 140
(30, 43) 110
(17, 22) 141
(20, 5) 287
(42, 22) 179
(23, 24) 99
(6, 48) 17
(45, 11) 207
(32, 0) 51
(13, 34) 250
(35, 13) 408
(18, 47) 139
(38, 42) 308
(11, 20) 279
(50, 41) 97
(14, 3) 66
(36, 20) 326
(1, 30) 111
(39, 9) 43
(26, 14) 122
(48, 31) 213
(29, 19) 150
(15, 32) 199
(19, 37) 341
(22, 50) 269
(5, 26) 126
(27, 37) 163
(47, 46) 209
(30, 18) 279
(34, 49) 111
(17, 15) 68
(20, 12) 242
(42, 17) 42
(23, 17) 240
(6, 43) 111
(45, 4) 336
(10, 38) 451
(32, 7) 120
(31, 49) 199
(35, 50) 237
(18, 38) 362
(38, 45) 301
(43, 50) 97
(8, 16) 47
(11, 13) 71
(50, 32) 125
(14, 10) 316
(36, 19) 400
(1, 23) 196
(39, 6) 115
(26, 9) 126
(48, 22) 267
(51, 3) 234
(15, 41) 216
(19, 42) 32
(2, 14) 71
(5, 3) 173
(30, 21) 203
(52, 34) 51
(17, 0) 101
(20, 11) 279
(42, 24) 210
(23, 46) 423
(6, 34) 140
(10, 33) 247
(32, 30) 73
(18, 33) 265
(38, 36) 185
(43, 43) 0
(8, 23) 200
(11, 2) 276
(14, 13) 316
(36, 26) 305
(26, 16) 112
(48, 13) 176
(51, 8) 207
(19, 51) 258
(2, 9) 168
(24, 38) 105
(5, 12) 113
(27, 51) 97
(30, 28) 98
(52, 41) 49
(20, 18) 545
(42, 3) 98
(23, 39) 62
(6, 37) 219
(10, 40) 408
(32, 21) 190
(31, 39) 175
(35, 32) 190
(18, 24) 279
(43, 32) 37
(8, 30) 120
(33, 10) 247
(14, 20) 436
(36, 1) 339
(39, 52) 145
(26, 27) 83
(48, 4) 428
(12, 26) 77
(51, 17) 244
(2, 0) 99
(24, 45) 199
(27, 8) 144
(49, 27) 96
(30, 7) 183
(52, 48) 143
(20, 25) 438
(3, 35) 235
(42, 10) 306
(6, 28) 153
(28, 41) 43
(32, 44) 66
(31, 44) 93
(35, 41) 217
(18, 19) 115
(21, 6) 313
(43, 25) 185
(8, 5) 173
(11, 48) 179
(33, 3) 115
(14, 31) 83
(36, 8) 348
(39, 45) 238
(12, 17) 183
(51, 22) 267
(15, 4) 273
(37, 23) 87
(2, 27) 153
(24, 52) 145
(27, 1) 157
(49, 28) 121
(30, 14) 171
(0, 45) 95
(20, 32) 302
(3, 40) 235
(6, 23) 177
(28, 32) 35
(32, 35) 190
(31, 21) 114
(35, 46) 492
(18, 10) 399
(40, 35) 0
(21, 15) 16
(43, 30) 110
(8, 12) 146
(7, 44) 132
(11, 41) 181
(33, 4) 319
(39, 42) 266
(9, 19) 228
(48, 50) 2
(12, 8) 146
(51, 31) 213
(15, 13) 368
(37, 16) 302
(2, 18) 173
(27, 6) 114
(49, 21) 280
(52, 6) 157
(0, 36) 322
(20, 47) 406
(3, 17) 57
(23, 50) 164
(6, 14) 272
(31, 18) 190
(18, 5) 339
(40, 42) 328
(21, 8) 96
(4, 48) 428
(43, 23) 145
(8, 51) 207
(7, 37) 236
(46, 0) 253
(11, 46) 155
(33, 29) 3
(16, 51) 249
(39, 35) 135
(44, 46) 239
(9, 20) 287
(48, 41) 95
(12, 7) 56
(15, 10) 368
(37, 25) 246
(24, 2) 109
(27, 31) 134
(49, 14) 238
(52, 13) 231
(3, 22) 85
(25, 37) 246
(6, 1) 250
(32, 49) 111
(31, 27) 134
(40, 17) 287
(21, 17) 56
(43, 12) 34
(7, 34) 120
(46, 11) 155
(11, 39) 264
(33, 22) 151
(16, 42) 83
(36, 37) 64
(44, 37) 273
(9, 29) 92
(48, 32) 123
(34, 15) 199
(15, 19) 55
(37, 2) 278
(24, 9) 91
(27, 20) 266
(49, 7) 12
(13, 25) 393
(52, 20) 322
(0, 50) 144
(3, 31) 23
(25, 46) 389
(28, 13) 240
(50, 30) 177
(31, 0) 86
(40, 24) 122
(21, 26) 163
(4, 38) 179
(43, 5) 113
(8, 33) 95
(7, 27) 107
(46, 18) 270
(29, 42) 169
(33, 47) 140
(16, 33) 132
(36, 44) 336
(22, 11) 348
(44, 28) 32
(9, 6) 155
(48, 39) 101
(34, 6) 140
(15, 24) 206
(37, 11) 382
(24, 16) 133
(13, 18) 399
(52, 19) 115
(0, 9) 143
(38, 26) 233
(3, 4) 246
(28, 4) 323
(50, 25) 269
(31, 9) 150
(1, 46) 304
(40, 31) 216
(21, 35) 326
(4, 45) 336
(8, 40) 250
(7, 16) 239
(46, 21) 265
(29, 35) 190
(33, 32) 3
(16, 24) 133
(36, 43) 287
(41, 32) 37
(22, 2) 83
(44, 27) 111
(9, 15) 268
(12, 44) 90
(34, 1) 113
(37, 52) 258
(24, 23) 99
(45, 52) 95
(10, 22) 393
(49, 49) 0
(13, 11) 71
(52, 26) 17
(0, 0) 0
(38, 29) 208
(3, 13) 329
(28, 3) 98
(50, 16) 251
(1, 39) 198
(40, 6) 250
(21, 44) 152
(4, 20) 588
(8, 47) 64
(7, 9) 156
(46, 28) 270
(16, 31) 43
(41, 41) 0
(22, 5) 161
(5, 51) 139
(44, 18) 220
(9, 48) 139
(47, 7) 211
(12, 43) 34
(34, 24) 109
(17, 48) 244
(24, 30) 37
(45, 45) 0
(10, 17) 306
(49, 42) 246
(13, 4) 563
(0, 7) 128
(38, 20) 426
(25, 1) 85
(28, 26) 0
(50, 11) 178
(40, 13) 408
(4, 19) 293
(26, 32) 35
(7, 6) 35
(46, 39) 380
(33, 50) 122
(16, 22) 97
(19, 3) 66
(41, 18) 277
(22, 28) 153
(44, 9) 157
(47, 12) 174
(12, 34) 64
(34, 19) 150
(17, 41) 149
(37, 38) 161
(42, 51) 267
(45, 38) 301
(10, 24) 359
(49, 35) 245
(35, 16) 254
(0, 30) 114
(38, 15) 291
(25, 10) 393
(28, 17) 108
(50, 2) 232
(14, 36) 400
(1, 49) 219
(4, 26) 323
(26, 43) 43
(46, 46) 0
(29, 14) 150
(51, 33) 121
(16, 13) 335
(19, 8) 56
(41, 27) 60
(22, 23) 170
(5, 37) 116
(44, 0) 15
(9, 34) 92
(47, 21) 81
(34, 42) 169
(17, 34) 135
(37, 47) 345
(23, 12) 143
(45, 31) 104
(10, 3) 329
(49, 36) 287
(35, 25) 182
(0, 21) 157
(38, 6) 305
(25, 19) 147
(14, 47) 48
(1, 10) 329
(39, 29) 98
(4, 1) 246
(26, 50) 140
(46, 49) 293
(29, 7) 120
(51, 38) 289
(16, 4) 249
(19, 17) 15
(2, 43) 137
(41, 28) 43
(22, 46) 389
(5, 46) 391
(9, 43) 113
(47, 18) 139
(34, 37) 207
(17, 27) 185
(37, 40) 79
(42, 37) 367
(23, 5) 32
(45, 24) 199
(10, 10) 0
(13, 47) 271
(35, 30) 131
(25, 20) 438
(11, 25) 348
(50, 52) 144
(1, 3) 0
(39, 26) 131
(4, 8) 288
(29, 0) 51
(51, 47) 232
(19, 22) 147
(2, 34) 109
(41, 5) 113
(22, 33) 151
(5, 23) 32
(9, 44) 157
(47, 27) 190
(30, 33) 76
(17, 28) 108
(42, 44) 119
(23, 2) 191
(45, 17) 45
(32, 10) 250
(13, 40) 408
(35, 7) 257
(38, 48) 289
(25, 29) 148
(11, 30) 289
(50, 47) 233
(1, 4) 246
(39, 19) 246
(26, 4) 323
(48, 25) 267
(29, 25) 148
(51, 52) 143
(19, 31) 83
(41, 14) 164
(5, 16) 193
(27, 47) 190
(47, 32) 141
(30, 40) 131
(17, 21) 56
(20, 6) 165
(42, 23) 280
(23, 27) 87
(6, 49) 34
(45, 10) 271
(32, 1) 113
(13, 33) 247
(35, 12) 218
(18, 44) 220
(38, 43) 243
(11, 23) 319
(50, 38) 290
(14, 0) 115
(36, 21) 431
(1, 29) 113
(39, 8) 190
(26, 15) 174
(48, 16) 249
(29, 18) 264
(15, 35) 327
(19, 36) 400
(2, 52) 99
(22, 51) 267
(5, 25) 161
(27, 36) 227
(47, 41) 143
(30, 19) 171
(52, 36) 322
(17, 14) 15
(20, 13) 226
(42, 30) 199
(23, 16) 216
(6, 40) 250
(45, 3) 96
(10, 39) 274
(32, 24) 109
(31, 48) 213
(18, 39) 360
(38, 34) 208
(8, 17) 41
(11, 12) 176
(50, 33) 122
(14, 11) 253
(36, 28) 305
(1, 22) 85
(39, 1) 198
(26, 22) 153
(48, 23) 163
(51, 2) 231
(15, 40) 327
(19, 45) 48
(2, 15) 100
(24, 32) 109
(5, 2) 168
(30, 26) 98
(52, 35) 239
(17, 7) 228
(20, 20) 0
(3, 52) 101
(42, 25) 179
(23, 41) 145
(6, 35) 250
(10, 46) 216
(32, 31) 91
(18, 30) 279
(38, 37) 161
(43, 42) 176
(8, 24) 135
(11, 5) 289
(14, 18) 115
(36, 27) 227
(26, 17) 108
(48, 14) 258
(12, 28) 77
(51, 11) 179
(15, 49) 292
(19, 50) 259
(2, 6) 246
(24, 39) 132
(5, 11) 289
(27, 50) 99
(30, 29) 73
(52, 42) 127
(20, 19) 436
(42, 0) 127
(23, 38) 132
(6, 26) 153
(10, 41) 213
(32, 22) 148
(31, 38) 197
(35, 35) 0
(18, 25) 227
(43, 35) 217
(8, 31) 42
(33, 9) 94
(14, 21) 42
(36, 2) 334
(26, 24) 129
(48, 5) 139
(12, 27) 58
(51, 16) 249
(2, 1) 5
(24, 46) 394
(27, 11) 234
(49, 26) 121
(30, 4) 252
(52, 49) 124
(20, 26) 318
(3, 34) 113
(42, 11) 240
(6, 29) 140
(28, 42) 138
(32, 45) 141
(31, 47) 104
(35, 40) 0
(18, 16) 148
(21, 5) 263
(43, 24) 146
(8, 6) 222
(11, 51) 179
(33, 2) 111
(14, 28) 122
(36, 9) 179
(39, 44) 159
(12, 18) 310
(51, 25) 267
(15, 7) 296
(37, 22) 246
(2, 24) 109
(27, 0) 98
(49, 19) 238
(30, 15) 206
(0, 46) 253
(20, 33) 300
(3, 43) 140
(23, 52) 175
(6, 20) 165
(28, 33) 34
(32, 36) 271
(31, 20) 393
(18, 11) 330
(40, 36) 112
(21, 14) 42
(43, 17) 149
(8, 13) 288
(7, 47) 211
(11, 40) 394
(33, 27) 50
(36, 48) 269
(39, 37) 121
(44, 48) 149
(9, 18) 339
(48, 51) 0
(12, 9) 113
(51, 30) 176
(15, 12) 250
(37, 31) 261
(2, 19) 71
(27, 25) 173
(49, 20) 198
(52, 7) 128
(0, 37) 258
(20, 40) 353
(3, 16) 20
(25, 35) 182
(6, 15) 325
(31, 29) 91
(18, 2) 173
(40, 43) 217
(21, 23) 288
(4, 49) 423
(43, 22) 185
(8, 52) 66
(7, 36) 298
(46, 1) 304
(11, 33) 213
(33, 28) 34
(16, 52) 112
(39, 34) 98
(44, 47) 84
(9, 27) 55
(48, 42) 267
(12, 0) 82
(15, 21) 16
(37, 24) 178
(24, 3) 114
(27, 30) 79
(49, 13) 163
(13, 31) 317
(52, 14) 115
(3, 25) 85
(25, 36) 293
(6, 6) 0
(32, 50) 125
(31, 26) 80
(40, 18) 400
(21, 16) 72
(43, 15) 216
(7, 29) 120
(46, 8) 266
(11, 38) 424
(33, 21) 191
(16, 43) 154
(36, 38) 185
(44, 38) 263
(9, 28) 126
(48, 33) 121
(34, 12) 64
(15, 18) 73
(37, 1) 282
(24, 10) 359
(27, 23) 87
(49, 6) 34
(13, 24) 359
(52, 21) 157
(0, 51) 143
(3, 30) 111
(25, 45) 181
(28, 14) 122
(50, 31) 215
(31, 3) 23
(40, 25) 182
(21, 25) 160
(4, 39) 344
(43, 4) 353
(8, 34) 94
(7, 26) 127
(46, 19) 251
(29, 41) 37
(33, 46) 300
(16, 34) 130
(36, 45) 406
(22, 8) 124
(44, 29) 66
(9, 5) 0
(34, 7) 120
(15, 27) 247
(37, 10) 384
(24, 17) 168
(13, 17) 306
(52, 28) 17
(0, 10) 231
(38, 27) 197
(3, 7) 225
(28, 5) 126
(50, 22) 269
(31, 8) 42
(1, 45) 96
(40, 0) 239
(21, 34) 190
(4, 46) 544
(8, 41) 112
(7, 19) 242
(46, 26) 270
(29, 34) 0
(33, 39) 98
(16, 25) 97
(41, 39) 104
(22, 3) 85
(44, 20) 326
(9, 14) 228
(12, 45) 174
(34, 30) 73
(37, 51) 208
(24, 24) 0
(45, 51) 232
(10, 23) 334
(49, 48) 25
(13, 10) 0
(52, 27) 98
(0, 1) 101
(38, 18) 362
(3, 12) 173
(28, 28) 0
(50, 17) 245
(1, 38) 210
(40, 7) 257
(21, 43) 205
(4, 21) 285
(26, 38) 233
(7, 8) 194
(46, 29) 302
(16, 16) 0
(41, 40) 217
(22, 26) 153
(5, 50) 140
(44, 19) 110
(47, 6) 244
(12, 36) 276
(34, 25) 148
(24, 31) 97
(45, 44) 84
(10, 30) 322
(49, 41) 79
(13, 3) 329
(0, 24) 145
(38, 21) 295
(25, 0) 164
(28, 27) 83
(50, 8) 209
(14, 34) 150
(40, 14) 299
(21, 52) 157
(4, 28) 323
(26, 33) 34
(7, 1) 225
(46, 36) 565
(29, 52) 51
(33, 49) 108
(16, 23) 216
(19, 2) 71
(41, 17) 149
(22, 29) 148
(44, 10) 224
(47, 15) 97
(12, 35) 218
(34, 16) 130
(17, 40) 287
(37, 37) 0
(42, 48) 267
(45, 37) 345
(10, 25) 393
(49, 34) 111
(35, 19) 299
(0, 31) 86
(38, 12) 255
(25, 9) 161
(28, 18) 236
(50, 3) 236
(14, 37) 341
(1, 48) 234
(4, 27) 331
(26, 40) 222
(46, 47) 209
(29, 13) 250
(51, 32) 123
(16, 14) 51
(19, 11) 253
(41, 26) 43
(22, 20) 438
(5, 36) 179
(44, 1) 105
(9, 33) 94
(47, 20) 406
(30, 52) 114
(34, 43) 37
(17, 33) 136
(37, 46) 501
(23, 15) 291
(45, 30) 182
(10, 0) 231
(35, 24) 122
(0, 22) 164
(38, 7) 304
(25, 18) 227
(14, 44) 110
(1, 9) 173
(39, 28) 131
(4, 2) 245
(26, 51) 138
(29, 6) 140
(51, 41) 95
(16, 5) 193
(19, 16) 51
(2, 40) 230
(41, 3) 140
(22, 47) 181
(5, 45) 229
(9, 42) 252
(47, 29) 141
(34, 34) 0
(17, 26) 108
(42, 34) 169
(23, 4) 295
(45, 23) 258
(10, 11) 71
(13, 46) 216
(35, 1) 235
(25, 27) 173
(11, 24) 324
(1, 2) 5
(39, 21) 284
(4, 9) 301
(29, 31) 91
(51, 46) 316
(19, 25) 147
(2, 35) 230
(41, 4) 353
(22, 38) 135
(5, 22) 161
(27, 41) 60
(47, 26) 107
(30, 38) 135
(17, 19) 15
(42, 45) 37
(23, 29) 124
(45, 16) 88
(10, 50) 175
(32, 11) 216
(13, 39) 274
(35, 6) 250
(18, 50) 370
(38, 49) 292
(25, 28) 153
(11, 17) 246
(50, 44) 150
(1, 27) 157
(39, 18) 360
(26, 5) 126
(48, 26) 138
(29, 24) 109
(15, 37) 377
(19, 30) 171
(41, 13) 213
(5, 31) 150
(27, 46) 338
(47, 35) 313
(30, 41) 110
(34, 52) 51
(17, 20) 422
(20, 7) 195
(42, 20) 443
(23, 26) 158
(45, 9) 229
(32, 2) 109
(13, 32) 250
(35, 15) 327
(18, 45) 139
(38, 40) 83
(11, 22) 348
(50, 39) 102
(14, 1) 66
(36, 22) 293
(1, 28) 98
(39, 11) 264
(26, 12) 77
(48, 17) 244
(29, 17) 135
(15, 34) 199
(19, 39) 246
(22, 48) 267
(5, 24) 91
(27, 39) 48
(47, 40) 313
(30, 16) 131
(52, 37) 258
(17, 13) 306
(20, 14) 436
(42, 31) 113
(23, 19) 254
(6, 41) 111
(45, 2) 99
(10, 36) 443
(32, 25) 148
(31, 51) 213
(35, 52) 239
(18, 36) 506
(38, 35) 83
(43, 52) 49
(8, 18) 170
(11, 15) 303
(14, 8) 56
(36, 29) 271
(1, 21) 92
(39, 0) 145
(26, 23) 158
(48, 8) 207
(51, 5) 139
(15, 43) 216
(19, 44) 110
(2, 12) 169
(24, 33) 112
(5, 1) 173
(47, 49) 210
(30, 27) 79
(52, 44) 15
(17, 6) 258
(20, 21) 478
(42, 6) 280
(23, 40) 75
(6, 32) 140
(10, 47) 271
(32, 16) 130
(18, 31) 190
(40, 48) 236
(43, 45) 143
(8, 25) 124
(11, 4) 518
(14, 19) 0
(36, 4) 360
(26, 30) 98
(48, 15) 311
(12, 29) 64
(51, 10) 176
(15, 48) 311
(2, 7) 223
(24, 40) 122
(5, 10) 306
(30, 2) 106
(52, 43) 49
(20, 28) 318
(42, 1) 98
(23, 33) 125
(6, 27) 114
(28, 44) 32
(32, 23) 124
(31, 33) 93
(35, 34) 190
(18, 22) 227
(43, 34) 37
(8, 0) 66
(33, 8) 95
(14, 26) 122
(36, 3) 339
(26, 25) 153
(48, 6) 17
(12, 20) 242
(51, 19) 258
(2, 30) 106
(24, 47) 199
(27, 10) 254
(49, 25) 259
(30, 5) 66
(52, 50) 144
(0, 40) 239
(20, 27) 266
(3, 37) 282
(42, 8) 80
(6, 18) 382
(28, 43) 43
(32, 46) 302
(31, 46) 308
(35, 43) 217
(18, 17) 129
(21, 4) 285
(43, 27) 60
(8, 7) 194
(7, 49) 12
(11, 50) 178
(33, 1) 115
(14, 29) 150
(36, 10) 443
(39, 47) 238
(12, 19) 197
(51, 24) 212
(15, 6) 325
(37, 21) 374
(2, 25) 83
(27, 3) 157
(49, 18) 348
(30, 12) 128
(0, 47) 95
(20, 34) 302
(3, 42) 98
(6, 21) 313
(28, 34) 35
(32, 37) 207
(31, 23) 174
(18, 8) 170
(40, 37) 79
(21, 13) 352
(43, 16) 154
(8, 14) 56
(7, 46) 285
(11, 43) 181
(33, 26) 34
(36, 49) 287
(39, 36) 185
(44, 49) 128
(9, 17) 214
(48, 52) 143
(12, 10) 197
(15, 15) 0
(37, 30) 172
(2, 16) 25
(27, 24) 115
(49, 11) 159
(52, 0) 0
(0, 38) 249
(20, 41) 275
(3, 19) 66
(25, 34) 148
(6, 12) 77
(31, 28) 80
(18, 3) 168
(40, 44) 254
(21, 22) 160
(4, 50) 429
(43, 9) 113
(7, 39) 123
(46, 6) 317
(11, 32) 216
(33, 19) 151
(41, 51) 95
(44, 40) 254
(9, 26) 126
(48, 43) 95
(12, 1) 173
(15, 20) 490
(37, 7) 236
(24, 4) 216
(27, 17) 185
(49, 12) 47
(13, 30) 322
(52, 15) 169
(20, 48) 180
(3, 24) 114
(25, 43) 185
(6, 7) 35
(28, 48) 138
(32, 51) 123
(31, 5) 150
(40, 19) 299
(21, 31) 114
(43, 14) 164
(7, 28) 127
(46, 9) 391
(29, 47) 141
(33, 20) 300
(16, 44) 113
(36, 39) 185
(41, 52) 49
(44, 39) 159
(9, 3) 173
(48, 34) 123
(34, 13) 250
(15, 29) 199
(37, 0) 258
(24, 11) 324
(27, 22) 173
(49, 5) 144
(13, 23) 334
(52, 22) 164
(0, 52) 0
(3, 1) 0
(25, 44) 173
(28, 15) 174
(50, 28) 140
(31, 2) 19
(1, 43) 140
(40, 26) 222
(21, 24) 205
(4, 32) 316
(43, 7) 86
(8, 35) 250
(7, 21) 283
(46, 16) 297
(29, 40) 190
(33, 45) 140
(16, 35) 254
(36, 46) 565
(22, 9) 161
(44, 30) 129
(9, 4) 301
(34, 4) 316
(15, 26) 174
(37, 9) 116
(24, 18) 279
(13, 16) 335
(52, 29) 51
(0, 11) 185
(38, 24) 105
(3, 6) 250
(28, 6) 153
(50, 23) 164
(31, 11) 267
(1, 44) 105
(40, 1) 235
(21, 33) 191
(4, 47) 336
(8, 42) 80
(7, 18) 350
(46, 27) 338
(29, 33) 3
(33, 38) 211
(16, 26) 112
(41, 38) 243
(22, 0) 164
(44, 21) 152
(9, 13) 306
(12, 46) 290
(34, 31) 91
(37, 50) 209
(24, 25) 71
(45, 50) 233
(10, 20) 226
(13, 9) 306
(0, 2) 99
(38, 19) 276
(3, 15) 95
(28, 29) 35
(50, 14) 259
(1, 37) 282
(40, 8) 250
(21, 42) 48
(4, 22) 170
(26, 39) 131
(7, 11) 148
(46, 34) 302
(16, 17) 45
(41, 47) 143
(22, 27) 173
(5, 49) 144
(44, 12) 90
(47, 1) 96
(12, 37) 212
(34, 22) 148
(45, 43) 143
(10, 31) 317
(49, 40) 245
(13, 2) 328
(0, 25) 164
(38, 10) 451
(25, 7) 268
(28, 20) 318
(50, 9) 140
(14, 35) 299
(40, 15) 327
(21, 51) 299
(4, 29) 316
(26, 46) 270
(7, 0) 128
(46, 37) 501
(29, 51) 123
(33, 48) 121
(16, 8) 47
(19, 5) 228
(41, 16) 154
(22, 18) 227
(44, 11) 175
(47, 14) 48
(30, 50) 177
(34, 17) 135
(17, 47) 45
(37, 36) 64
(42, 49) 246
(45, 36) 406
(10, 6) 165
(49, 33) 108
(35, 18) 400
(0, 16) 112
(38, 13) 451
(25, 8) 124
(28, 19) 122
(50, 0) 144
(14, 42) 32
(4, 4) 0
(26, 41) 43
(46, 44) 239
(29, 12) 64
(51, 35) 236
(16, 15) 75
(19, 10) 316
(2, 46) 306
(41, 25) 185
(22, 21) 160
(5, 35) 105
(44, 2) 104
(9, 32) 92
(47, 23) 258
(34, 40) 190
(17, 32) 135
(37, 45) 345
(23, 14) 254
(45, 29) 141
(10, 1) 329
(13, 52) 231
(35, 27) 160
(0, 23) 175
(38, 4) 179
(25, 17) 141
(14, 45) 48
(1, 8) 42
(39, 31) 175
(4, 3) 246
(26, 48) 138
(29, 5) 92
(51, 40) 236
(16, 6) 265
(19, 19) 0
(2, 41) 137
(41, 2) 137
(22, 44) 173
(5, 44) 157
(9, 41) 113
(47, 28) 107
(34, 35) 190
(17, 25) 141
(42, 35) 328
(23, 7) 183
(45, 22) 181
(10, 8) 288
(13, 45) 271
(35, 0) 239
(25, 26) 153
(11, 27) 234
(50, 50) 0
(14, 52) 115
(1, 1) 0
(39, 20) 244
(4, 10) 563
(29, 30) 73
(51, 49) 25
(19, 24) 180
(2, 32) 109
(41, 11) 181
(22, 39) 199
(5, 21) 263
(27, 40) 160
(47, 37) 345
(30, 39) 102
(17, 18) 129
(42, 42) 0
(23, 28) 158
(45, 15) 97
(10, 51) 176
(32, 12) 64
(13, 38) 451
(35, 9) 105
(18, 51) 369
(11, 16) 279
(50, 45) 233
(1, 26) 98
(39, 13) 274
(26, 2) 96
(48, 27) 97
(29, 23) 124
(15, 36) 433
(19, 33) 151
(41, 12) 34
(5, 30) 66
(27, 33) 50
(47, 34) 141
(30, 46) 367
(17, 11) 246
(20, 0) 322
(42, 21) 48
(23, 21) 288
(45, 8) 64
(32, 3) 113
(35, 14) 299
(18, 42) 103
(38, 41) 243
(11, 9) 289
(50, 36) 270
(14, 6) 272
(36, 23) 148
(1, 19) 66
(39, 10) 274
(26, 13) 240
(48, 18) 369
(29, 16) 130
(15, 45) 97
(19, 38) 276
(2, 50) 232
(22, 49) 259
(5, 7) 156
(27, 38) 197
(47, 43) 143
(30, 17) 158
(52, 38) 249
(17, 12) 183
(20, 15) 490
(3, 49) 219
(42, 28) 138
(23, 18) 364
(6, 46) 317
(45, 1) 96
(10, 37) 384
(32, 26) 35
(31, 50) 215
(18, 37) 450
(38, 32) 208
(8, 19) 56
(11, 14) 253
(14, 9) 228
(36, 30) 229
(1, 20) 414
(39, 3) 198
(26, 20) 318
(48, 9) 139
(51, 4) 428
(15, 42) 64
(19, 47) 48
(2, 13) 328
(24, 34) 109
(5, 0) 143
(47, 48) 232
(30, 24) 37
(52, 45) 95
(17, 5) 214
(20, 22) 438
(42, 7) 248
(23, 43) 145
(6, 33) 137
(10, 44) 224
(32, 17) 135
(18, 28) 236
(40, 49) 245
(43, 44) 59
(8, 26) 69
(11, 7) 148
(14, 16) 51
(36, 5) 179
(26, 31) 80
(48, 0) 143
(12, 30) 128
(51, 13) 176
(15, 51) 311
(19, 52) 115
(2, 4) 245
(24, 41) 146
(5, 9) 0
(27, 52) 98
(30, 3) 111
(52, 52) 0
(20, 29) 302
(42, 14) 32
(23, 32) 124
(6, 24) 229
(28, 45) 107
(32, 40) 190
(31, 32) 91
(35, 37) 79
(18, 23) 364
(43, 37) 223
(8, 1) 42
(33, 15) 200
(14, 27) 200
(36, 12) 276
(39, 49) 111
(48, 7) 32
(12, 21) 239
(51, 18) 369
(2, 31) 19
(24, 48) 212
(27, 13) 254
(49, 24) 209
(30, 10) 322
(52, 51) 143
(0, 41) 49
(20, 36) 326
(3, 36) 339
(42, 9) 252
(6, 19) 272
(28, 36) 305
(32, 47) 141
(31, 41) 120
(35, 42) 328
(18, 14) 115
(21, 3) 92
(43, 26) 43
(8, 8) 0
(7, 48) 32
(33, 0) 50
(36, 11) 445
(39, 46) 380
(12, 12) 0
(51, 27) 97
(15, 1) 95
(37, 20) 290
(2, 22) 83
(27, 2) 153
(49, 17) 224
(30, 13) 322
(0, 32) 51
(20, 35) 353
(3, 45) 96
(6, 10) 165
(28, 35) 222
(32, 38) 208
(31, 22) 83
(18, 9) 339
(40, 38) 83
(21, 12) 239
(4, 52) 334
(43, 19) 164
(8, 15) 105
(7, 41) 86
(11, 42) 240
(33, 25) 151
(36, 50) 270
(39, 39) 0
(44, 50) 150
(9, 16) 193
(12, 11) 176
(15, 14) 55
(37, 29) 207
(2, 17) 61
(27, 27) 0
(49, 10) 163
(52, 1) 101
(0, 39) 145
(20, 42) 443
(3, 18) 168
(25, 33) 151
(6, 13) 165
(31, 31) 0
(18, 0) 228
(40, 45) 313
(21, 21) 0
(4, 51) 428
(43, 8) 112
(7, 38) 304
(46, 7) 285
(11, 35) 394
(33, 18) 265
(41, 50) 97
(44, 41) 59
(9, 25) 161
(48, 44) 149
(12, 2) 169
(15, 23) 291
(37, 6) 219
(24, 5) 91
(27, 16) 176
(49, 3) 219
(13, 29) 250
(52, 8) 66
(20, 49) 198
(3, 27) 157
(25, 42) 179
(6, 4) 445
(28, 49) 121
(32, 52) 51
(31, 4) 251
(40, 20) 353
(21, 30) 203
(43, 1) 140
(7, 31) 206
(46, 14) 251
(29, 46) 302
(33, 43) 34
(16, 45) 88
(36, 32) 271
(44, 32) 66
(9, 2) 168
(48, 35) 236
(34, 10) 250
(15, 28) 174
(37, 15) 377
(24, 12) 165
(49, 4) 423
(13, 22) 393
(52, 23) 175
(3, 0) 101
(25, 51) 267
(28, 8) 69
(50, 29) 125
(31, 13) 317
(1, 42) 98
(40, 27) 160
(21, 39) 284
(4, 33) 319
(43, 6) 111
(8, 36) 348
(7, 20) 195
(46, 17) 253
(29, 39) 98
(33, 44) 64
(16, 36) 359
(36, 47) 406
(22, 14) 147
(44, 31) 93
(9, 11) 289
(12, 48) 62
(34, 5) 92
(37, 8) 287
(24, 19) 180
(13, 15) 368
(52, 30) 114
(0, 12) 82
(38, 25) 135
(3, 9) 173
(25, 52) 164
(28, 7) 127
(50, 20) 179
(31, 10) 317
(1, 35) 235
(40, 2) 230
(21, 32) 190
(4, 40) 261
(8, 43) 112
(7, 13) 151
(46, 24) 394
(29, 32) 0
(33, 37) 209
(16, 27) 176
(41, 37) 223
(22, 1) 85
(44, 22) 173
(9, 12) 113
(12, 47) 174
(34, 28) 35
(37, 49) 225
(24, 26) 129
(45, 49) 210
(10, 21) 352
(13, 8) 288
(0, 3) 101
(38, 16) 226
(3, 14) 66
(28, 30) 98
(50, 15) 313
(1, 36) 339
(40, 9) 105
(21, 41) 205
(4, 23) 295
(26, 36) 305
(7, 10) 151
(46, 35) 492
(16, 18) 148
(41, 46) 279
(22, 24) 71
(5, 48) 139
(44, 13) 224
(47, 0) 95
(12, 38) 255
(34, 23) 124
(45, 42) 37
(10, 28) 240
(49, 47) 210
(13, 1) 329
(0, 26) 17
(38, 11) 424
(25, 6) 284
(28, 21) 163
(50, 6) 16
(14, 32) 150
(21, 50) 301
(4, 30) 252
(26, 47) 107
(7, 3) 225
(46, 42) 223
(29, 50) 125
(16, 9) 193
(19, 4) 293
(41, 23) 145
(22, 19) 147
(44, 4) 343
(47, 9) 229
(30, 51) 176
(34, 46) 302
(17, 46) 253
(37, 35) 79
(45, 35) 313
(10, 7) 151
(49, 32) 111
(35, 21) 326
(0, 17) 101
(38, 2) 206
(25, 15) 156
(50, 1) 236
(14, 43) 164
(4, 5) 301
(46, 45) 209
(29, 11) 216
(51, 34) 123
(16, 0) 112
(19, 13) 316
(2, 47) 99
(41, 24) 146
(22, 42) 179
(5, 34) 92
(44, 3) 105
(9, 39) 43
(47, 22) 181
(34, 41) 37
(17, 39) 231
(37, 44) 273
(23, 9) 32
(45, 28) 107
(10, 14) 316
(13, 51) 176
(35, 26) 222
(38, 5) 150
(25, 16) 97
(14, 50) 259
(1, 15) 95
(39, 30) 102
(4, 12) 378
(26, 49) 121
(46, 52) 253
(29, 4) 316
(51, 43) 95
(16, 7) 239
(19, 18) 115
(2, 38) 206
(41, 1) 140
(22, 45) 181
(5, 43) 113
(9, 40) 105
(47, 31) 104
(34, 32) 0
(17, 24) 168
(42, 32) 169
(23, 6) 177
(45, 21) 81
(10, 9) 306
(13, 44) 224
(35, 3) 235
(25, 25) 0
(11, 26) 197
(50, 51) 2
(1, 0) 101
(39, 23) 62
(4, 11) 518
(29, 29) 0
(51, 48) 0
(19, 27) 200
(2, 33) 111
(41, 10) 213
(22, 36) 293
(5, 20) 287
(27, 43) 60
(47, 36) 406
(30, 36) 229
(17, 17) 0
(42, 43) 176
(23, 31) 174
(45, 14) 48
(10, 48) 176
(32, 13) 250
(13, 37) 384
(35, 8) 250
(18, 48) 369
(11, 19) 253
(50, 42) 268
(1, 25) 85
(39, 12) 91
(26, 3) 98
(48, 28) 138
(29, 22) 148
(15, 39) 291
(19, 32) 150
(5, 29) 92
(27, 32) 50
(47, 45) 0
(30, 47) 182
(34, 50) 125
(17, 10) 306
(20, 1) 414
(42, 18) 103
(23, 20) 296
(6, 52) 157
(45, 7) 211
(32, 4) 316
(31, 52) 86
(35, 49) 245
(18, 43) 277
(38, 46) 499
(43, 49) 79
(11, 8) 234
(50, 37) 209
(14, 7) 242
(36, 16) 359
(1, 18) 168
(39, 5) 43
(26, 10) 240
(48, 19) 258
(15, 44) 164
(19, 41) 164
(2, 51) 231
(5, 6) 155
(47, 42) 37
(30, 22) 97
(52, 39) 145
(17, 3) 57
(20, 8) 387
(3, 48) 234
(42, 29) 169
(23, 45) 258
(6, 47) 244
(45, 0) 95
(10, 34) 250
(32, 27) 50
(18, 34) 264
(38, 33) 211
(8, 20) 387
(11, 1) 276
(14, 14) 0
(36, 31) 318
(39, 2) 194
(26, 21) 163
(48, 10) 176
(51, 7) 32
(19, 46) 251
(2, 10) 328
(24, 35) 122
(5, 15) 268
(47, 51) 232
(30, 25) 97
(52, 46) 253
(17, 4) 292
(20, 23) 296
(42, 4) 322
(23, 42) 280
(6, 38) 305
(10, 45) 271
(32, 18) 264
(18, 29) 264
(40, 50) 237
(43, 47) 143
(8, 27) 144
(11, 6) 175
(14, 17) 15
(36, 6) 278
(26, 28) 0
(48, 1) 234
(12, 31) 152
(51, 12) 62
(15, 50) 313
(2, 5) 168
(24, 42) 210
(5, 8) 173
(30, 0) 114
(20, 30) 342
(42, 15) 64
(23, 35) 75
(6, 25) 284
(28, 46) 270
(32, 41) 37
(31, 35) 216
(35, 36) 112
(18, 20) 545
(43, 36) 287
(8, 2) 43
(33, 14) 151
(14, 24) 180
(36, 13) 443
(39, 48) 101
(12, 22) 212
(51, 21) 299
(2, 28) 96
(24, 49) 209
(27, 12) 58
(49, 31) 199
(30, 11) 289
(0, 42) 127
(20, 37) 290
(3, 39) 198
(6, 16) 265
(28, 37) 242
(32, 32) 0
(31, 40) 216
(35, 45) 313
(18, 15) 73
(40, 32) 190
(21, 2) 97
(43, 29) 37
(8, 9) 173
(7, 51) 32
(11, 52) 185
(33, 7) 117
(36, 52) 322
(39, 41) 104
(44, 52) 15
(12, 13) 197
(51, 26) 138
(15, 0) 169
(37, 19) 341
(2, 23) 191
(27, 5) 55
(49, 16) 233
(0, 33) 50
(20, 44) 326
(3, 44) 105
(23, 49) 171
(6, 11) 175
(32, 39) 98
(31, 17) 71
(18, 6) 382
(40, 39) 135
(21, 11) 287
(43, 18) 277
(8, 48) 207
(7, 40) 257
(11, 45) 207
(33, 24) 112
(16, 48) 249
(36, 51) 269
(39, 38) 191
(44, 51) 149
(9, 23) 32
(12, 4) 378
(15, 9) 268
(37, 28) 242
(27, 26) 83
(49, 9) 144
(52, 2) 99
(20, 43) 275
(3, 21) 92
(25, 32) 148
(6, 2) 246
(31, 30) 89
(18, 1) 168
(40, 46) 492
(21, 20) 478
(43, 11) 181
(7, 33) 117
(46, 4) 544
(11, 34) 216
(33, 17) 136
(41, 49) 79
(44, 42) 119
(9, 24) 91
(48, 45) 232
(12, 3) 173
(15, 22) 156
(37, 5) 116
(24, 6) 229
(27, 19) 200
(49, 2) 216
(13, 28) 240
(52, 9) 143
(20, 50) 179
(3, 26) 98
(25, 41) 185
(6, 5) 155
(28, 50) 140
(31, 7) 206
(40, 21) 326
(21, 29) 190
(43, 0) 49
(7, 30) 183
(46, 15) 281
(29, 45) 141
(33, 42) 169
(16, 46) 297
(36, 33) 272
(44, 33) 64
(9, 1) 173
(48, 36) 269
(34, 11) 216
(15, 31) 118
(37, 14) 341
(24, 13) 359
(13, 21) 352
(52, 16) 112
(3, 3) 0
(25, 50) 269
(28, 9) 126
(50, 26) 140
(31, 12) 152
(1, 41) 140
(40, 28) 222
(21, 38) 295
(4, 34) 316
(8, 37) 287
(7, 23) 183
(46, 22) 389
(29, 38) 208
(33, 35) 192
(16, 37) 302
(36, 40) 112
(41, 35) 217
(22, 15) 156
(44, 24) 158
(9, 10) 306
(12, 49) 47
(34, 2) 109
(24, 20) 375
(13, 14) 316
(52, 31) 86
(0, 13) 231
(38, 30) 135
(3, 8) 42
(28, 0) 17
(50, 21) 301
(1, 34) 113
(40, 3) 235
(21, 47) 81
(4, 41) 353
(8, 44) 66
(7, 12) 56
(46, 25) 389
(33, 36) 272
(16, 28) 112
(41, 36) 287
(22, 6) 284
(44, 23) 189
(9, 51) 139
(12, 40) 218
(34, 29) 0
(17, 51) 244
(37, 48) 208
(24, 27) 115
(45, 48) 232
(10, 18) 399
(13, 7) 151
(0, 4) 334
(38, 17) 267
(28, 31) 80
(50, 12) 63
(40, 10) 408
(21, 40) 326
(4, 16) 249
(26, 37) 242
(7, 5) 156
(46, 32) 302
(16, 19) 51
(41, 45) 143
(22, 25) 0
(44, 14) 110
(9, 52) 143
(47, 3) 96
(12, 39) 91
(34, 20) 302
(17, 52) 101
(42, 52) 127
(45, 41) 143
(10, 29) 250
(49, 46) 293
(13, 0) 231
(0, 27) 98
(38, 8) 238
(25, 5) 161
(28, 22) 153
(50, 7) 32
(14, 33) 151
(21, 49) 280
(4, 31) 251
(26, 44) 32
(7, 2) 223
(46, 43) 279
(29, 49) 111
(16, 10) 335
(19, 7) 242
(41, 22) 185
(22, 16) 97
(44, 5) 157
(47, 8) 64
(30, 48) 176
(34, 47) 141
(17, 45) 45
(37, 34) 207
(45, 34) 141
(10, 4) 563
(49, 39) 111
(35, 20) 353
(0, 18) 228
(38, 3) 210
(25, 14) 147
(14, 40) 299
(4, 6) 445
(46, 50) 316
(29, 10) 250
(51, 37) 208
(16, 1) 20
(19, 12) 197
(2, 44) 104
(41, 31) 120
(22, 43) 185
(5, 33) 94
(9, 38) 150
(47, 17) 45
(34, 38) 208
(17, 38) 267
(37, 43) 223
(42, 38) 308
(23, 8) 200
(45, 27) 190
(10, 15) 368
(13, 50) 175
(35, 29) 190
(25, 23) 170
(14, 51) 258
(1, 14) 66
(39, 25) 199
(4, 13) 563
(29, 3) 113
(51, 42) 267
(19, 21) 42
(2, 39) 194
(41, 0) 49
(22, 34) 148
(5, 42) 252
(9, 47) 229
(47, 30) 182
(30, 34) 73
(34, 33) 3
(17, 31) 71
(42, 33) 169
(23, 1) 196
(45, 20) 406
(13, 43) 213
(35, 2) 230
(25, 24) 71
(11, 29) 216
(50, 48) 2
(1, 7) 225
(39, 22) 199
(29, 28) 35
(51, 51) 0
(19, 26) 122
(41, 9) 113
(22, 37) 246
(5, 19) 228
(27, 42) 219
(47, 39) 238
(30, 37) 172
(17, 16) 45
(42, 40) 328
(23, 30) 85
(6, 50) 16
(45, 13) 271
(10, 49) 163
(32, 14) 150
(13, 36) 443
(35, 11) 394
(18, 49) 348
(38, 52) 249
(11, 18) 330
(50, 43) 97
(1, 24) 114
(39, 15) 291
(26, 0) 17
(48, 29) 123
(29, 21) 190
(15, 38) 291
(19, 35) 299
(5, 28) 126
(27, 35) 160
(47, 44) 84
(30, 44) 129
(34, 51) 123
(17, 9) 214
(20, 2) 410
(42, 19) 32
(23, 23) 0
(45, 6) 244
(32, 5) 92
(35, 48) 236
(18, 40) 400
(38, 47) 301
(43, 48) 95
(11, 11) 0
(50, 34) 125
(14, 4) 293
(36, 17) 387
(1, 17) 57
(39, 4) 344
(26, 11) 197
(48, 20) 180
(51, 1) 234
(15, 47) 97
(19, 40) 299
(2, 48) 231
(5, 5) 0
(30, 23) 85
(52, 32) 51
(17, 2) 61
(20, 9) 287
(3, 51) 234
(42, 26) 138
(23, 44) 189
(6, 44) 162
(10, 35) 408
(32, 28) 35
(18, 35) 400
(38, 38) 0
(43, 41) 0
(8, 21) 96
(11, 0) 185
(14, 15) 55
(36, 24) 229
(26, 18) 236
(48, 11) 179
(51, 6) 17
(15, 52) 169
(19, 49) 238
(2, 11) 276
(24, 36) 229
(5, 14) 228
(27, 49) 96
(47, 50) 233
(30, 30) 0
(52, 47) 95
(20, 16) 429
(42, 5) 252
(23, 37) 87
(6, 39) 115
(10, 42) 306
(32, 19) 150
(31, 37) 261
(18, 26) 236
(40, 51) 236
(43, 46) 279
(8, 28) 69
(14, 22) 147
(36, 7) 298
(26, 29) 35
(48, 2) 231
(12, 24) 165
(51, 15) 311
(2, 2) 0
(24, 43) 146
(30, 1) 111
(20, 31) 393
(3, 33) 115
(42, 12) 208
(23, 34) 124
(6, 30) 193
(28, 47) 107
(32, 42) 169
(31, 34) 91
(35, 39) 135
(18, 21) 76
(43, 39) 104
(8, 3) 42
(33, 13) 247
(14, 25) 147
(36, 14) 400
(39, 51) 101
(12, 23) 143
(51, 20) 180
(2, 29) 109
(24, 50) 214
(27, 15) 247
(49, 30) 172
(30, 8) 120
(0, 43) 49
(20, 38) 426
(3, 38) 210
(6, 17) 258
(28, 38) 233
(32, 33) 3
(31, 43) 120
(35, 44) 254
(18, 12) 310
(40, 33) 192
(21, 1) 92
(43, 28) 43
(8, 10) 288
(7, 50) 32
(33, 6) 137
(39, 40) 135
(48, 48) 0
(12, 14) 197
(51, 29) 123
(15, 3) 95
(37, 18) 450
(2, 20) 410
(27, 4) 331
(49, 23) 171
(52, 4) 334
(0, 34) 51
(20, 45) 406
(3, 47) 96
(23, 48) 163
(6, 8) 222
(31, 16) 43
(18, 7) 350
(40, 40) 0
(21, 10) 352
(43, 21) 205
(8, 49) 189
(7, 43) 86
(46, 2) 306
(11, 44) 175
(33, 31) 93
(16, 49) 233
(39, 33) 98
(44, 44) 0
(9, 22) 161
(12, 5) 113
(15, 8) 105
(37, 27) 163
(24, 0) 145
(27, 29) 50
(49, 8) 189
(52, 3) 101
(20, 52) 322
(3, 20) 414
(25, 39) 199
(6, 3) 250
(28, 52) 17
(31, 25) 83
(40, 47) 313
(21, 19) 42
(43, 10) 213
(7, 32) 120
(46, 5) 391
(11, 37) 382
(33, 16) 132
(16, 40) 254
(41, 48) 95
(44, 43) 59
(9, 31) 150
(48, 46) 316
(15, 17) 68
(37, 4) 340
(24, 7) 220
(27, 18) 314
(49, 1) 219
(13, 27) 254
(52, 10) 231
(0, 48) 143
(20, 51) 180
(3, 29) 113
(25, 40) 182
(28, 51) 138
