General parameters 

20 77 720 750


Customer schedules 

0 0	0 [0,720]	
1 60	1 [0,76]	2 [249,266]	3 [408,609]	4 [676,720]	
2 62	5 [0,6]	6 [175,230]	7 [320,429]	8 [603,720]	
3 74	9 [0,43]	10 [181,232]	11 [451,599]	12 [682,720]	
4 36	13 [0,720]	
5 55	14 [0,38]	15 [52,170]	16 [379,411]	17 [622,720]	
6 45	18 [0,55]	19 [169,188]	20 [365,392]	21 [465,551]	22 [580,597]	23 [692,720]	
7 30	24 [0,148]	25 [405,443]	26 [700,720]	
8 32	27 [0,16]	28 [98,101]	29 [200,268]	30 [328,387]	31 [465,523]	32 [638,720]	
9 63	33 [0,10]	34 [91,135]	35 [292,295]	36 [392,491]	37 [567,588]	38 [666,720]	
10 55	39 [0,27]	40 [350,355]	41 [678,720]	
11 18	42 [0,131]	43 [234,271]	44 [365,409]	45 [431,482]	46 [509,535]	47 [578,720]	
12 46	48 [0,72]	49 [267,287]	50 [521,536]	51 [583,720]	
13 45	52 [0,9]	53 [210,212]	54 [454,568]	55 [609,720]	
14 44	56 [0,195]	57 [392,497]	58 [694,720]	
15 82	59 [0,120]	60 [137,195]	61 [241,487]	62 [532,720]	
16 43	63 [0,1]	64 [231,234]	65 [512,513]	66 [718,720]	
17 58	67 [0,720]	
18 43	68 [0,28]	69 [94,112]	70 [226,232]	71 [323,346]	72 [514,566]	73 [704,720]	
19 43	74 [0,720]	
20 61	75 [0,720]	
21 0	76 [0,720]	


Location coordinates

0 	 0.0 0.0
1 	 98.8226757517 56.4785498652
2 	 131.747605334 -23.2744549973
3 	 82.0698144637 27.5672238151
4 	 98.8226757517 56.4785498652
5 	 112.539154007 -102.137890338
6 	 64.4973312679 -32.4418985687
7 	 33.8665659241 -65.3608803747
8 	 112.539154007 -102.137890338
9 	 -41.0016864211 18.2391754924
10 	 26.6224960962 31.7048922203
11 	 -77.6839540737 -1.45117715181
12 	 -41.0016864211 18.2391754924
13 	 -54.7584033691 -162.344537283
14 	 26.2772676924 -49.4918432941
15 	 21.4652616447 -44.4416340591
16 	 93.3257890717 31.6880983644
17 	 26.2772676924 -49.4918432941
18 	 -30.7213348429 -0.562444093322
19 	 -13.4037670352 -54.9796976737
20 	 -68.7390390317 13.771947066
21 	 -47.4725147382 43.1817068072
22 	 -33.5832753633 47.0249534669
23 	 -30.7213348429 -0.562444093322
24 	 73.7830990392 93.9153009282
25 	 118.982546579 -26.3138341433
26 	 73.7830990392 93.9153009282
27 	 -40.9749514175 -15.9333241663
28 	 -80.8056911273 -6.814196762
29 	 -33.077280981 -19.881319613
30 	 -12.30343874 1.91257200547
31 	 -24.6129318487 39.0920234011
32 	 -40.9749514175 -15.9333241663
33 	 80.7848911318 123.241435913
34 	 49.5281385795 149.108223818
35 	 64.5853476723 72.0920385016
36 	 80.2573801864 118.064215853
37 	 116.871468433 107.870493739
38 	 80.7848911318 123.241435913
39 	 -0.557893719149 2.63988632582
40 	 -154.227174046 -46.4488536856
41 	 -0.557893719149 2.63988632582
42 	 -63.4776094892 54.6441265908
43 	 -115.016975989 55.9383275113
44 	 -68.1601268323 53.254994719
45 	 -63.040636099 62.7901456008
46 	 -60.2824175909 76.1003448697
47 	 -63.4776094892 54.6441265908
48 	 -18.6081643432 -8.19958800447
49 	 -59.7950731869 80.3359581239
50 	 1.76059686091 -19.6448576569
51 	 -18.6081643432 -8.19958800447
52 	 1.79213468066 -19.5072428454
53 	 93.2068480001 -61.8425757225
54 	 -18.1408676472 -14.0613701261
55 	 1.79213468066 -19.5072428454
56 	 -14.4876171396 19.4647588849
57 	 -106.182225762 56.1048835187
58 	 -14.4876171396 19.4647588849
59 	 74.2493983981 -68.0633182389
60 	 69.3912816804 -60.8731102701
61 	 53.8108742568 -77.5965209384
62 	 74.2493983981 -68.0633182389
63 	 -18.6572904606 24.9547971559
64 	 57.5481382325 -61.1505011981
65 	 -81.3838699354 -56.3378999595
66 	 -18.6572904606 24.9547971559
67 	 40.3509188239 -76.7768116003
68 	 58.2168186169 77.9691074301
69 	 27.0336645 67.4402747952
70 	 83.385181971 59.6607121538
71 	 38.0254073636 60.3984413783
72 	 39.9858648367 144.420193718
73 	 58.2168186169 77.9691074301
74 	 60.9184371863 71.6797516011
75 	 27.4911268837 -3.54315669351
76 	 0.0 0.0


Travel time matrix 

(53, 53) 0
(57, 50) 264
(39, 70) 203
(43, 3) 398
(63, 76) 62
(29, 44) 162
(33, 41) 291
(9, 0) 90
(15, 30) 114
(62, 31) 291
(66, 66) 0
(52, 17) 77
(28, 10) 228
(4, 35) 75
(8, 38) 455
(65, 11) 110
(41, 34) 310
(61, 63) 251
(17, 57) 339
(37, 54) 364
(13, 13) 0
(74, 13) 522
(3, 11) 325
(50, 18) 75
(40, 4) 546
(46, 30) 177
(16, 29) 273
(2, 64) 167
(22, 7) 262
(26, 74) 51
(12, 41) 87
(69, 40) 428
(73, 45) 244
(59, 14) 103
(45, 47) 16
(49, 52) 234
(25, 3) 131
(45, 64) 346
(1, 58) 238
(21, 55) 159
(7, 4) 276
(11, 65) 110
(54, 33) 338
(58, 44) 127
(44, 15) 265
(34, 21) 287
(10, 26) 156
(67, 71) 274
(0, 28) 162
(63, 19) 160
(33, 68) 101
(53, 9) 313
(29, 48) 37
(33, 53) 371
(19, 6) 162
(5, 39) 308
(9, 60) 272
(66, 55) 98
(52, 70) 227
(56, 1) 238
(42, 60) 352
(5, 72) 514
(62, 59) 0
(38, 0) 295
(14, 41) 117
(71, 72) 168
(75, 13) 358
(4, 7) 276
(65, 23) 151
(51, 36) 321
(41, 30) 24
(61, 67) 27
(47, 16) 317
(17, 37) 363
(37, 42) 376
(23, 11) 94
(13, 49) 485
(70, 34) 191
(74, 33) 111
(60, 12) 272
(50, 54) 41
(26, 63) 231
(46, 58) 146
(2, 36) 301
(22, 35) 202
(69, 12) 168
(55, 41) 44
(59, 42) 368
(45, 19) 255
(31, 64) 259
(35, 5) 361
(25, 31) 316
(11, 28) 12
(72, 30) 304
(1, 6) 191
(21, 75) 176
(54, 13) 305
(30, 42) 147
(34, 57) 363
(0, 73) 195
(20, 4) 346
(6, 51) 173
(10, 62) 221
(67, 35) 302
(43, 58) 214
(63, 55) 98
(39, 14) 117
(43, 75) 309
(29, 20) 98
(15, 33) 356
(19, 34) 427
(76, 17) 112
(5, 27) 352
(62, 68) 294
(66, 27) 93
(56, 29) 87
(42, 16) 317
(32, 6) 214
(18, 41) 61
(38, 44) 329
(65, 66) 205
(14, 5) 202
(71, 44) 213
(75, 41) 57
(47, 71) 203
(51, 0) 41
(27, 59) 253
(47, 52) 198
(17, 1) 257
(3, 50) 186
(23, 47) 128
(64, 36) 361
(50, 75) 61
(70, 14) 246
(74, 69) 68
(3, 67) 225
(60, 16) 191
(36, 25) 299
(26, 19) 345
(73, 20) 285
(2, 8) 162
(55, 13) 307
(59, 54) 214
(25, 74) 228
(31, 36) 263
(35, 33) 107
(7, 63) 209
(11, 56) 133
(68, 63) 187
(72, 58) 273
(44, 64) 340
(7, 76) 147
(48, 3) 214
(24, 44) 295
(10, 67) 219
(30, 6) 168
(20, 24) 327
(6, 31) 229
(67, 31) 265
(57, 21) 120
(43, 38) 414
(63, 43) 202
(29, 71) 214
(33, 12) 322
(53, 65) 349
(39, 50) 44
(15, 5) 216
(56, 74) 183
(19, 62) 177
(76, 53) 224
(52, 62) 174
(56, 57) 197
(28, 39) 162
(32, 34) 376
(18, 13) 327
(75, 68) 174
(38, 72) 92
(4, 72) 212
(8, 11) 430
(65, 46) 267
(71, 16) 125
(61, 26) 345
(51, 28) 124
(37, 17) 363
(27, 7) 179
(74, 22) 195
(3, 46) 301
(60, 69) 270
(23, 51) 29
(64, 0) 168
(40, 41) 323
(60, 52) 158
(46, 3) 301
(16, 50) 210
(36, 61) 395
(12, 6) 234
(69, 51) 177
(16, 65) 391
(73, 48) 231
(49, 15) 297
(35, 76) 194
(55, 17) 77
(25, 38) 308
(31, 24) 225
(21, 18) 94
(7, 35) 282
(11, 36) 396
(68, 19) 302
(58, 9) 53
(44, 36) 324
(48, 47) 154
(34, 14) 400
(24, 8) 400
(0, 49) 200
(20, 60) 314
(53, 52) 201
(57, 49) 105
(39, 65) 200
(43, 2) 518
(29, 43) 223
(33, 40) 580
(9, 7) 224
(15, 25) 198
(62, 28) 333
(66, 67) 235
(52, 18) 75
(28, 11) 12
(4, 44) 334
(8, 39) 308
(65, 10) 279
(41, 33) 291
(61, 62) 45
(17, 56) 160
(37, 53) 343
(13, 12) 362
(74, 10) 105
(3, 10) 111
(50, 19) 77
(40, 5) 545
(46, 31) 103
(16, 30) 219
(73, 67) 312
(2, 65) 431
(22, 4) 265
(26, 75) 215
(12, 42) 86
(69, 23) 178
(73, 44) 258
(59, 1) 254
(45, 46) 27
(49, 43) 121
(25, 2) 26
(1, 57) 410
(21, 54) 129
(7, 7) 0
(11, 64) 296
(54, 38) 338
(58, 45) 130
(44, 8) 476
(34, 18) 339
(10, 27) 165
(67, 70) 286
(0, 29) 77
(63, 18) 56
(53, 8) 89
(29, 15) 120
(33, 52) 326
(19, 9) 156
(5, 38) 455
(9, 35) 237
(66, 52) 98
(52, 71) 175
(56, 2) 305
(42, 61) 354
(62, 56) 249
(38, 1) 138
(14, 46) 305
(71, 75) 130
(75, 12) 144
(4, 0) 228
(65, 22) 228
(51, 39) 42
(41, 29) 79
(61, 66) 251
(47, 19) 241
(17, 36) 352
(37, 41) 315
(23, 10) 132
(13, 48) 317
(70, 35) 45
(74, 46) 243
(60, 13) 321
(64, 72) 413
(50, 55) 0
(26, 60) 310
(46, 59) 394
(2, 37) 264
(22, 32) 127
(69, 11) 251
(55, 40) 317
(59, 45) 379
(45, 18) 142
(31, 67) 265
(35, 4) 75
(25, 30) 269
(11, 31) 134
(72, 31) 247
(1, 5) 318
(21, 74) 224
(48, 24) 275
(54, 2) 300
(30, 43) 232
(34, 54) 353
(0, 74) 188
(20, 5) 430
(24, 64) 312
(6, 48) 173
(10, 63) 92
(67, 34) 452
(43, 61) 431
(63, 54) 78
(39, 9) 87
(43, 74) 353
(29, 19) 80
(15, 32) 137
(19, 37) 417
(76, 18) 61
(5, 26) 400
(62, 69) 287
(66, 24) 231
(56, 30) 35
(42, 17) 275
(32, 7) 179
(18, 38) 333
(38, 45) 312
(8, 16) 270
(65, 65) 0
(14, 10) 162
(71, 47) 203
(75, 40) 373
(47, 70) 294
(51, 3) 214
(27, 58) 88
(47, 55) 198
(17, 0) 112
(3, 53) 180
(23, 46) 164
(64, 37) 358
(50, 72) 337
(70, 15) 242
(74, 66) 185
(3, 66) 202
(60, 17) 89
(36, 26) 50
(26, 16) 130
(73, 27) 273
(2, 9) 355
(55, 12) 114
(59, 73) 294
(25, 73) 241
(31, 39) 87
(35, 32) 275
(7, 62) 81
(11, 59) 332
(68, 56) 187
(72, 59) 430
(44, 65) 221
(48, 4) 268
(24, 45) 281
(10, 64) 196
(30, 7) 163
(20, 25) 384
(6, 28) 295
(67, 30) 189
(57, 20) 113
(43, 25) 496
(63, 42) 107
(29, 70) 282
(33, 3) 191
(53, 64) 71
(39, 45) 173
(15, 4) 254
(56, 75) 96
(19, 65) 136
(76, 54) 46
(52, 63) 98
(56, 58) 0
(28, 32) 82
(32, 35) 275
(18, 10) 132
(75, 71) 130
(38, 73) 101
(4, 73) 92
(8, 12) 390
(65, 45) 240
(71, 19) 252
(61, 25) 166
(51, 31) 95
(37, 16) 159
(27, 6) 214
(74, 23) 233
(3, 17) 190
(60, 70) 243
(23, 50) 75
(64, 1) 249
(40, 42) 272
(60, 53) 48
(46, 0) 194
(16, 51) 238
(36, 62) 372
(12, 7) 224
(69, 50) 181
(16, 66) 224
(73, 55) 225
(49, 14) 311
(55, 16) 210
(25, 37) 268
(31, 27) 115
(21, 17) 236
(7, 34) 430
(11, 39) 154
(68, 28) 326
(58, 22) 67
(44, 37) 386
(48, 32) 47
(34, 15) 391
(24, 9) 275
(0, 50) 39
(20, 61) 306
(53, 51) 248
(57, 48) 217
(39, 64) 173
(43, 5) 554
(29, 42) 161
(33, 47) 319
(9, 6) 234
(15, 24) 296
(42, 70) 294
(62, 29) 235
(66, 64) 230
(52, 19) 77
(38, 26) 60
(28, 4) 381
(4, 45) 324
(8, 40) 545
(65, 9) 170
(41, 32) 89
(61, 61) 0
(17, 63) 174
(37, 52) 343
(13, 11) 325
(74, 11) 313
(3, 13) 468
(50, 16) 210
(40, 6) 438
(46, 28) 171
(16, 31) 236
(73, 66) 187
(22, 5) 417
(26, 72) 122
(12, 43) 166
(69, 22) 128
(59, 0) 201
(45, 45) 0
(49, 42) 52
(25, 1) 170
(1, 56) 238
(21, 53) 351
(7, 6) 90
(11, 67) 280
(54, 39) 49
(58, 42) 120
(44, 9) 89
(34, 19) 427
(10, 24) 156
(67, 73) 312
(0, 30) 25
(63, 29) 94
(53, 23) 276
(57, 76) 240
(29, 14) 133
(19, 8) 269
(5, 37) 420
(9, 34) 318
(66, 53) 283
(52, 64) 139
(56, 3) 194
(42, 58) 120
(62, 57) 438
(38, 6) 313
(14, 47) 275
(71, 74) 51
(75, 15) 83
(4, 1) 0
(65, 21) 210
(51, 38) 330
(37, 71) 184
(41, 28) 162
(61, 65) 274
(47, 18) 128
(17, 27) 150
(37, 40) 624
(23, 5) 351
(13, 47) 434
(70, 32) 291
(74, 47) 251
(60, 14) 89
(64, 73) 278
(50, 52) 0
(26, 61) 345
(46, 56) 146
(2, 34) 382
(22, 33) 275
(69, 10) 71
(55, 43) 278
(59, 44) 374
(45, 17) 286
(31, 66) 31
(35, 7) 282
(25, 29) 304
(11, 30) 131
(72, 0) 300
(1, 4) 0
(21, 73) 223
(48, 25) 278
(54, 3) 217
(30, 40) 300
(34, 55) 350
(0, 75) 55
(20, 6) 282
(24, 65) 432
(6, 49) 336
(10, 60) 204
(67, 37) 400
(43, 60) 436
(63, 49) 138
(39, 8) 308
(29, 18) 39
(15, 35) 249
(19, 36) 394
(76, 19) 113
(5, 25) 152
(62, 74) 281
(66, 25) 294
(52, 36) 317
(56, 31) 44
(42, 30) 147
(32, 24) 318
(18, 39) 61
(38, 34) 81
(8, 17) 202
(65, 64) 278
(28, 76) 162
(14, 11) 229
(71, 46) 199
(75, 43) 309
(47, 65) 224
(51, 2) 302
(27, 61) 226
(47, 54) 165
(17, 7) 35
(3, 52) 186
(23, 41) 61
(64, 38) 371
(50, 73) 225
(70, 12) 262
(74, 67) 300
(3, 69) 136
(60, 18) 233
(36, 27) 361
(26, 17) 302
(12, 28) 94
(73, 26) 45
(2, 6) 136
(55, 15) 63
(59, 72) 430
(25, 72) 376
(31, 38) 270
(35, 35) 0
(7, 57) 371
(11, 58) 133
(68, 57) 331
(72, 60) 415
(44, 66) 114
(48, 5) 323
(68, 72) 138
(24, 46) 270
(10, 65) 279
(30, 4) 248
(20, 26) 327
(6, 29) 197
(67, 1) 291
(57, 27) 194
(43, 24) 385
(29, 69) 212
(33, 2) 310
(39, 44) 169
(15, 7) 49
(56, 76) 49
(19, 64) 142
(76, 55) 39
(52, 56) 84
(56, 59) 249
(28, 33) 415
(32, 36) 361
(18, 11) 94
(75, 70) 169
(4, 74) 82
(8, 13) 356
(65, 44) 221
(71, 18) 184
(61, 24) 345
(51, 30) 24
(37, 31) 315
(27, 25) 321
(74, 20) 284
(3, 16) 24
(60, 71) 251
(64, 2) 167
(40, 43) 219
(60, 54) 199
(46, 1) 320
(16, 52) 210
(36, 63) 272
(12, 0) 90
(69, 49) 176
(16, 67) 241
(73, 54) 239
(49, 13) 485
(55, 19) 77
(25, 36) 299
(31, 26) 225
(21, 16) 282
(7, 29) 162
(11, 38) 403
(68, 29) 267
(1, 76) 228
(58, 23) 52
(44, 38) 329
(48, 33) 330
(34, 12) 318
(24, 10) 156
(0, 51) 41
(20, 62) 329
(53, 50) 201
(57, 55) 264
(39, 67) 178
(43, 4) 428
(63, 73) 187
(29, 41) 79
(33, 46) 297
(9, 5) 390
(66, 46) 132
(15, 27) 137
(42, 71) 203
(62, 2) 146
(66, 65) 205
(52, 28) 167
(38, 27) 370
(28, 5) 431
(32, 64) 217
(4, 46) 320
(8, 41) 308
(65, 8) 399
(41, 39) 0
(61, 60) 46
(17, 62) 103
(37, 51) 357
(13, 10) 421
(74, 8) 363
(3, 12) 247
(50, 17) 77
(40, 7) 378
(26, 38) 60
(46, 29) 200
(16, 16) 0
(73, 65) 387
(22, 26) 234
(26, 73) 45
(12, 36) 314
(69, 21) 157
(59, 3) 192
(45, 44) 22
(49, 41) 195
(25, 0) 244
(1, 63) 243
(21, 52) 159
(7, 1) 276
(11, 66) 129
(54, 36) 329
(58, 43) 214
(44, 10) 194
(34, 16) 250
(6, 74) 208
(10, 25) 218
(67, 72) 442
(0, 31) 92
(63, 28) 140
(53, 22) 334
(29, 13) 288
(19, 11) 167
(5, 36) 445
(9, 33) 322
(66, 50) 98
(52, 65) 182
(56, 4) 238
(42, 59) 368
(62, 62) 0
(38, 7) 388
(14, 44) 279
(71, 69) 26
(75, 14) 92
(4, 2) 173
(65, 20) 142
(51, 41) 42
(37, 70) 117
(41, 3) 173
(61, 64) 34
(47, 29) 161
(17, 26) 302
(23, 4) 283
(13, 46) 477
(70, 33) 127
(74, 44) 260
(60, 15) 101
(64, 74) 266
(50, 53) 201
(26, 58) 231
(46, 57) 100
(2, 35) 233
(22, 38) 275
(69, 9) 168
(55, 42) 198
(59, 47) 368
(45, 16) 319
(35, 6) 209
(25, 28) 401
(11, 17) 229
(72, 1) 212
(1, 27) 315
(21, 72) 268
(48, 26) 275
(54, 0) 46
(30, 41) 24
(34, 52) 350
(0, 76) 0
(20, 7) 259
(24, 66) 231
(6, 54) 169
(10, 61) 225
(67, 36) 398
(43, 63) 202
(63, 48) 66
(39, 11) 154
(43, 76) 256
(29, 17) 133
(15, 34) 391
(19, 39) 118
(76, 12) 90
(5, 24) 400
(62, 75) 159
(66, 22) 53
(52, 37) 343
(56, 32) 88
(42, 31) 84
(32, 25) 321
(18, 36) 325
(38, 35) 107
(8, 18) 351
(65, 71) 334
(14, 8) 202
(71, 41) 139
(75, 42) 215
(47, 64) 335
(51, 5) 323
(27, 60) 238
(47, 49) 52
(17, 6) 84
(3, 55) 186
(23, 40) 264
(64, 39) 173
(50, 70) 227
(70, 13) 523
(74, 64) 266
(40, 48) 282
(3, 68) 112
(60, 19) 166
(36, 4) 129
(26, 30) 252
(12, 29) 78
(73, 25) 241
(2, 7) 213
(55, 14) 77
(59, 75) 159
(31, 33) 270
(35, 34) 157
(7, 56) 195
(11, 61) 304
(68, 58) 187
(72, 61) 445
(44, 67) 339
(7, 73) 291
(48, 6) 173
(68, 73) 0
(24, 47) 286
(30, 5) 325
(0, 40) 322
(20, 27) 81
(6, 18) 201
(67, 0) 173
(57, 26) 368
(43, 27) 206
(29, 68) 267
(33, 1) 138
(39, 47) 163
(15, 6) 89
(19, 67) 116
(76, 48) 41
(52, 57) 264
(56, 60) 232
(28, 34) 406
(32, 37) 401
(18, 8) 351
(4, 75) 186
(8, 14) 202
(65, 35) 389
(71, 13) 482
(61, 23) 229
(37, 30) 334
(27, 24) 318
(74, 21) 224
(3, 19) 252
(60, 64) 24
(23, 76) 61
(64, 3) 184
(40, 44) 263
(60, 55) 158
(46, 6) 331
(16, 53) 187
(36, 56) 273
(12, 1) 290
(69, 48) 177
(16, 68) 116
(73, 53) 288
(49, 12) 130
(55, 18) 75
(25, 43) 496
(31, 5) 393
(21, 31) 46
(7, 28) 258
(68, 30) 207
(1, 67) 291
(58, 20) 109
(44, 39) 169
(48, 34) 343
(34, 13) 657
(20, 72) 340
(24, 11) 358
(0, 52) 39
(20, 63) 103
(53, 49) 418
(57, 54) 225
(39, 66) 57
(43, 7) 384
(63, 72) 266
(29, 40) 248
(33, 45) 312
(9, 4) 290
(66, 47) 107
(15, 26) 296
(42, 68) 248
(62, 3) 192
(52, 29) 70
(38, 24) 60
(28, 6) 295
(32, 65) 114
(4, 47) 325
(8, 42) 471
(65, 15) 207
(41, 38) 291
(61, 59) 45
(17, 61) 79
(37, 50) 343
(13, 9) 362
(70, 58) 212
(74, 9) 230
(3, 15) 188
(50, 14) 77
(40, 8) 545
(26, 39) 235
(46, 34) 264
(16, 17) 211
(73, 64) 278
(22, 27) 127
(12, 37) 363
(69, 20) 220
(59, 2) 146
(45, 43) 105
(49, 40) 316
(25, 7) 187
(1, 62) 254
(21, 51) 118
(7, 0) 147
(11, 69) 251
(54, 37) 364
(58, 40) 309
(44, 11) 111
(30, 50) 51
(34, 17) 400
(6, 75) 94
(10, 6) 149
(67, 75) 149
(0, 16) 197
(63, 31) 31
(53, 21) 351
(29, 12) 78
(19, 10) 191
(5, 35) 361
(9, 32) 68
(66, 51) 66
(52, 66) 98
(56, 5) 351
(42, 56) 120
(62, 63) 263
(38, 4) 138
(14, 45) 286
(71, 68) 54
(75, 1) 186
(4, 3) 67
(51, 40) 282
(37, 69) 197
(41, 2) 269
(47, 28) 128
(17, 25) 191
(23, 7) 183
(13, 45) 450
(70, 38) 127
(74, 45) 248
(60, 8) 119
(64, 75) 130
(50, 50) 0
(26, 59) 324
(46, 62) 394
(2, 32) 346
(22, 39) 110
(69, 8) 379
(55, 37) 343
(59, 46) 394
(45, 15) 272
(31, 76) 92
(35, 9) 237
(11, 16) 348
(72, 2) 382
(1, 26) 90
(48, 27) 47
(54, 1) 273
(30, 46) 177
(34, 53) 431
(20, 0) 140
(24, 67) 348
(6, 55) 128
(10, 58) 86
(67, 39) 178
(43, 62) 452
(63, 51) 66
(39, 10) 80
(29, 16) 273
(15, 45) 272
(19, 38) 403
(76, 13) 343
(5, 7) 174
(62, 72) 430
(66, 23) 56
(52, 38) 326
(56, 33) 282
(42, 28) 128
(32, 26) 318
(18, 37) 366
(38, 32) 370
(8, 19) 269
(65, 70) 403
(14, 9) 191
(71, 40) 440
(75, 45) 224
(47, 67) 335
(51, 4) 268
(27, 63) 93
(47, 48) 154
(17, 5) 202
(3, 54) 217
(23, 43) 203
(64, 56) 216
(50, 71) 175
(70, 2) 192
(74, 65) 383
(40, 49) 316
(3, 71) 110
(60, 44) 357
(36, 5) 445
(26, 31) 225
(12, 30) 66
(73, 24) 45
(2, 4) 173
(55, 9) 114
(59, 74) 281
(31, 32) 115
(35, 37) 127
(7, 59) 81
(11, 60) 317
(68, 59) 294
(72, 62) 430
(44, 60) 357
(7, 72) 420
(48, 7) 155
(68, 74) 14
(24, 48) 275
(30, 10) 98
(0, 41) 5
(20, 36) 364
(6, 19) 162
(67, 3) 225
(57, 25) 479
(43, 26) 385
(29, 67) 186
(33, 0) 295
(39, 46) 189
(15, 1) 254
(19, 66) 160
(76, 49) 200
(52, 58) 84
(56, 61) 237
(28, 35) 331
(32, 38) 370
(18, 9) 43
(38, 76) 295
(4, 52) 246
(8, 15) 216
(65, 34) 487
(71, 12) 179
(61, 22) 304
(37, 29) 394
(27, 27) 0
(74, 18) 233
(3, 18) 232
(60, 65) 302
(64, 4) 249
(40, 45) 285
(60, 48) 205
(46, 7) 340
(16, 54) 241
(36, 57) 393
(12, 2) 355
(69, 63) 125
(16, 69) 151
(73, 52) 225
(49, 3) 303
(25, 42) 399
(31, 4) 249
(21, 30) 108
(7, 31) 239
(68, 31) 183
(1, 66) 243
(58, 21) 81
(44, 32) 149
(48, 35) 231
(34, 10) 239
(20, 73) 285
(24, 12) 275
(0, 53) 224
(20, 56) 109
(53, 48) 248
(57, 53) 463
(43, 6) 400
(63, 75) 108
(29, 39) 79
(33, 44) 329
(9, 11) 83
(66, 44) 114
(42, 69) 183
(62, 0) 201
(52, 30) 51
(38, 25) 308
(28, 7) 258
(32, 66) 93
(4, 40) 546
(8, 43) 554
(65, 14) 216
(41, 37) 315
(61, 58) 237
(17, 60) 89
(37, 49) 358
(13, 8) 356
(70, 59) 256
(74, 54) 233
(3, 14) 190
(50, 15) 63
(70, 74) 51
(40, 9) 261
(26, 36) 50
(46, 35) 250
(16, 18) 256
(73, 71) 54
(22, 24) 234
(12, 38) 322
(69, 19) 258
(59, 5) 103
(45, 42) 16
(49, 47) 52
(25, 6) 110
(1, 61) 283
(58, 70) 212
(21, 50) 159
(7, 3) 209
(11, 68) 315
(54, 58) 67
(58, 41) 44
(44, 4) 334
(30, 51) 24
(34, 46) 264
(6, 72) 357
(10, 7) 195
(67, 74) 300
(30, 66) 48
(0, 17) 112
(63, 30) 48
(53, 20) 357
(29, 11) 97
(19, 13) 230
(5, 34) 518
(9, 39) 87
(66, 48) 66
(52, 67) 138
(56, 6) 189
(42, 57) 85
(62, 60) 17
(18, 62) 249
(38, 5) 455
(14, 50) 77
(71, 71) 0
(75, 0) 55
(4, 12) 290
(51, 43) 232
(37, 68) 132
(41, 1) 226
(47, 31) 84
(17, 24) 302
(23, 6) 201
(13, 44) 432
(70, 39) 203
(74, 42) 251
(60, 9) 272
(64, 76) 168
(50, 51) 47
(26, 56) 231
(46, 63) 132
(2, 33) 310
(22, 36) 268
(55, 36) 317
(59, 33) 382
(45, 14) 286
(49, 75) 242
(35, 8) 361
(11, 19) 167
(72, 3) 248
(1, 25) 170
(48, 28) 124
(54, 6) 169
(30, 47) 147
(34, 50) 350
(20, 1) 346
(24, 68) 45
(6, 52) 128
(10, 59) 221
(67, 38) 408
(43, 49) 121
(63, 50) 98
(39, 5) 308
(15, 44) 265
(19, 41) 118
(76, 14) 112
(5, 6) 169
(62, 73) 294
(9, 67) 250
(66, 20) 103
(52, 39) 44
(56, 34) 289
(42, 29) 161
(32, 27) 0
(18, 34) 339
(38, 33) 0
(8, 20) 430
(65, 69) 329
(14, 14) 0
(71, 43) 306
(75, 44) 222
(47, 66) 107
(51, 7) 155
(27, 62) 253
(47, 51) 154
(17, 4) 257
(3, 57) 381
(23, 42) 128
(64, 57) 403
(50, 68) 225
(70, 3) 64
(40, 50) 317
(3, 70) 64
(60, 45) 362
(36, 6) 303
(26, 28) 369
(12, 31) 53
(73, 31) 183
(2, 5) 162
(55, 8) 276
(31, 35) 190
(35, 36) 97
(7, 58) 195
(11, 63) 129
(68, 36) 92
(72, 63) 266
(44, 61) 358
(7, 75) 124
(48, 56) 56
(68, 75) 174
(24, 49) 269
(10, 76) 83
(30, 11) 131
(0, 42) 167
(20, 37) 416
(6, 16) 141
(67, 2) 212
(57, 24) 368
(43, 29) 223
(29, 66) 94
(33, 7) 388
(53, 76) 224
(39, 41) 0
(15, 0) 99
(19, 69) 258
(76, 50) 39
(52, 59) 174
(56, 62) 249
(28, 60) 319
(32, 39) 89
(18, 6) 201
(4, 53) 237
(8, 48) 323
(65, 33) 484
(71, 15) 212
(61, 21) 315
(37, 28) 457
(27, 26) 318
(74, 19) 294
(3, 21) 261
(60, 66) 246
(64, 5) 137
(40, 46) 309
(60, 49) 382
(46, 4) 320
(16, 55) 210
(36, 58) 273
(12, 3) 247
(69, 62) 287
(16, 70) 59
(73, 59) 294
(49, 2) 435
(25, 41) 246
(31, 7) 239
(21, 29) 129
(7, 30) 163
(68, 24) 45
(1, 65) 425
(58, 18) 52
(44, 33) 329
(48, 36) 321
(34, 11) 394
(20, 74) 284
(24, 13) 573
(0, 54) 46
(20, 57) 113
(53, 63) 283
(57, 52) 264
(63, 74) 185
(29, 38) 366
(33, 35) 107
(9, 10) 138
(66, 45) 117
(42, 66) 107
(62, 1) 254
(52, 31) 128
(38, 30) 306
(28, 0) 162
(32, 67) 203
(4, 41) 226
(8, 44) 476
(65, 13) 219
(41, 36) 282
(61, 57) 417
(27, 73) 273
(17, 51) 122
(37, 48) 357
(13, 7) 263
(70, 56) 212
(74, 55) 217
(50, 12) 114
(70, 75) 169
(40, 10) 394
(26, 37) 91
(46, 32) 188
(16, 19) 275
(73, 70) 62
(22, 25) 339
(12, 39) 87
(69, 18) 178
(59, 4) 254
(45, 41) 173
(49, 46) 9
(25, 5) 152
(1, 60) 242
(58, 71) 133
(21, 49) 78
(7, 2) 213
(11, 71) 262
(54, 59) 214
(58, 54) 67
(44, 5) 476
(30, 48) 24
(34, 47) 295
(6, 73) 221
(10, 4) 153
(30, 67) 189
(0, 18) 61
(63, 25) 294
(53, 19) 213
(29, 10) 158
(19, 12) 156
(5, 33) 455
(9, 38) 322
(66, 49) 138
(52, 76) 39
(56, 7) 195
(42, 38) 319
(62, 61) 45
(18, 63) 56
(38, 58) 282
(14, 51) 122
(71, 70) 91
(75, 3) 126
(4, 13) 535
(51, 42) 154
(37, 67) 400
(41, 0) 5
(47, 30) 147
(17, 31) 204
(23, 1) 283
(13, 43) 453
(70, 36) 117
(74, 43) 353
(60, 10) 204
(50, 48) 47
(22, 74) 195
(26, 57) 368
(46, 60) 377
(2, 62) 146
(22, 37) 325
(55, 39) 44
(59, 32) 253
(45, 13) 450
(49, 74) 242
(35, 11) 320
(11, 18) 94
(72, 4) 212
(1, 24) 90
(48, 29) 37
(54, 7) 146
(30, 44) 152
(34, 51) 343
(20, 2) 407
(24, 69) 107
(6, 53) 82
(10, 56) 86
(67, 41) 178
(57, 3) 381
(43, 48) 232
(63, 61) 251
(39, 4) 226
(43, 65) 234
(15, 47) 261
(19, 40) 282
(76, 15) 99
(5, 5) 0
(9, 66) 47
(66, 21) 68
(52, 32) 86
(56, 35) 190
(42, 26) 286
(32, 28) 82
(18, 35) 240
(38, 38) 0
(8, 21) 432
(65, 68) 387
(28, 72) 387
(14, 15) 14
(71, 42) 203
(75, 47) 215
(51, 6) 173
(27, 49) 196
(47, 50) 198
(3, 56) 194
(23, 37) 366
(64, 58) 216
(50, 69) 181
(70, 0) 205
(40, 51) 282
(3, 73) 112
(60, 46) 377
(36, 7) 378
(26, 29) 312
(12, 24) 275
(73, 30) 207
(2, 2) 0
(55, 11) 163
(59, 76) 201
(25, 76) 244
(31, 34) 265
(35, 39) 190
(7, 53) 119
(11, 62) 332
(68, 37) 132
(72, 32) 359
(44, 62) 374
(7, 74) 279
(48, 57) 217
(24, 50) 268
(30, 8) 325
(0, 43) 256
(20, 38) 371
(6, 17) 84
(67, 5) 153
(57, 31) 166
(43, 28) 143
(29, 65) 121
(33, 6) 313
(53, 75) 176
(39, 40) 323
(15, 3) 188
(19, 68) 302
(76, 51) 41
(52, 4) 246
(56, 63) 14
(28, 61) 304
(32, 56) 88
(18, 7) 183
(38, 66) 280
(4, 54) 273
(8, 49) 501
(65, 32) 114
(71, 14) 221
(61, 20) 306
(37, 27) 401
(27, 29) 18
(74, 16) 103
(3, 20) 303
(60, 67) 66
(23, 73) 237
(64, 6) 59
(40, 47) 272
(60, 50) 158
(46, 5) 496
(16, 40) 519
(36, 59) 372
(12, 60) 272
(69, 61) 295
(16, 71) 125
(73, 58) 187
(49, 1) 321
(25, 40) 548
(31, 6) 229
(21, 28) 120
(7, 25) 187
(68, 25) 241
(1, 64) 249
(58, 19) 149
(44, 34) 304
(48, 37) 357
(34, 8) 518
(20, 75) 195
(24, 14) 302
(0, 55) 39
(20, 58) 109
(53, 62) 40
(57, 59) 438
(29, 37) 394
(33, 34) 81
(9, 9) 0
(66, 42) 107
(42, 67) 335
(62, 6) 74
(52, 24) 268
(38, 31) 270
(28, 1) 381
(32, 68) 273
(4, 42) 325
(8, 45) 481
(65, 12) 170
(41, 43) 253
(61, 56) 237
(27, 72) 359
(47, 5) 471
(17, 50) 77
(37, 63) 318
(13, 6) 353
(70, 57) 379
(74, 52) 217
(50, 13) 307
(70, 72) 190
(40, 11) 178
(26, 34) 121
(46, 33) 297
(16, 20) 326
(73, 69) 66
(22, 30) 100
(12, 32) 68
(69, 17) 233
(59, 7) 81
(45, 40) 285
(49, 45) 36
(25, 4) 170
(1, 51) 268
(58, 68) 187
(21, 48) 118
(11, 70) 345
(54, 56) 67
(58, 55) 84
(44, 6) 316
(30, 49) 183
(34, 44) 304
(10, 5) 318
(67, 76) 173
(30, 64) 188
(0, 19) 113
(63, 24) 231
(53, 18) 276
(29, 9) 78
(19, 15) 73
(5, 32) 352
(9, 37) 363
(66, 14) 174
(56, 8) 351
(42, 39) 163
(62, 34) 437
(18, 60) 233
(38, 59) 382
(14, 48) 122
(71, 65) 334
(75, 2) 212
(4, 14) 257
(51, 45) 167
(37, 66) 318
(41, 7) 152
(47, 25) 399
(17, 30) 128
(23, 0) 61
(13, 42) 434
(70, 37) 117
(74, 40) 491
(60, 11) 317
(50, 49) 234
(22, 75) 159
(26, 6) 253
(46, 61) 383
(2, 63) 316
(22, 58) 67
(55, 38) 326
(59, 35) 281
(45, 12) 99
(49, 73) 236
(31, 73) 183
(35, 10) 111
(11, 21) 108
(72, 5) 514
(1, 31) 249
(48, 30) 24
(54, 4) 273
(30, 45) 158
(34, 48) 343
(0, 64) 168
(20, 3) 303
(24, 70) 71
(6, 42) 309
(10, 57) 270
(67, 40) 394
(57, 2) 502
(43, 51) 232
(63, 60) 246
(39, 7) 152
(43, 64) 417
(15, 46) 291
(19, 43) 301
(76, 8) 304
(5, 4) 318
(9, 65) 170
(66, 18) 56
(52, 33) 326
(56, 36) 273
(42, 27) 148
(32, 29) 18
(18, 32) 37
(38, 39) 291
(8, 22) 417
(28, 73) 326
(14, 12) 191
(71, 37) 184
(75, 46) 237
(61, 15) 93
(47, 76) 167
(51, 9) 69
(27, 48) 47
(47, 61) 354
(3, 59) 192
(23, 36) 325
(64, 59) 36
(50, 66) 98
(70, 1) 32
(74, 76) 188
(40, 52) 317
(3, 72) 248
(60, 47) 352
(36, 0) 286
(26, 26) 0
(12, 25) 332
(73, 29) 267
(2, 3) 142
(55, 10) 114
(31, 45) 90
(35, 38) 107
(21, 7) 271
(7, 52) 112
(11, 49) 167
(68, 38) 101
(72, 33) 92
(44, 63) 114
(7, 69) 266
(48, 58) 56
(24, 51) 275
(10, 74) 105
(30, 9) 66
(0, 44) 173
(20, 39) 138
(6, 22) 252
(67, 4) 291
(57, 30) 217
(43, 31) 183
(29, 64) 199
(33, 5) 455
(53, 74) 275
(39, 43) 253
(15, 2) 224
(19, 71) 252
(76, 44) 173
(52, 5) 276
(28, 62) 333
(32, 57) 194
(18, 4) 283
(38, 67) 408
(4, 55) 246
(8, 50) 276
(65, 39) 200
(71, 9) 179
(61, 19) 142
(37, 26) 91
(27, 28) 82
(74, 17) 252
(3, 23) 232
(23, 72) 322
(64, 7) 48
(40, 16) 519
(60, 51) 205
(46, 10) 195
(16, 41) 197
(36, 36) 0
(12, 61) 270
(69, 60) 270
(73, 57) 331
(49, 0) 200
(25, 47) 399
(31, 1) 249
(21, 27) 119
(7, 24) 328
(68, 26) 45
(1, 71) 122
(58, 16) 217
(44, 35) 267
(48, 38) 330
(34, 9) 318
(24, 15) 296
(0, 8) 304
(20, 59) 329
(53, 61) 85
(57, 58) 197
(29, 36) 357
(33, 33) 0
(9, 8) 390
(66, 43) 202
(42, 64) 335
(62, 7) 81
(52, 25) 235
(38, 28) 415
(28, 2) 426
(32, 69) 215
(75, 25) 189
(4, 43) 428
(8, 46) 496
(65, 3) 367
(41, 42) 163
(61, 55) 156
(27, 75) 139
(47, 4) 325
(51, 65) 158
(17, 49) 311
(37, 62) 362
(13, 5) 356
(70, 62) 256
(74, 53) 275
(50, 10) 114
(70, 73) 62
(40, 12) 261
(26, 35) 47
(46, 38) 297
(16, 21) 282
(73, 68) 0
(22, 31) 24
(12, 33) 322
(69, 16) 151
(59, 6) 74
(45, 39) 173
(49, 44) 57
(35, 17) 255
(25, 11) 396
(1, 50) 246
(58, 69) 127
(21, 63) 68
(54, 57) 225
(58, 52) 84
(44, 7) 313
(30, 54) 34
(34, 45) 284
(10, 2) 237
(30, 65) 181
(0, 20) 140
(63, 27) 93
(53, 17) 136
(29, 8) 334
(19, 14) 80
(5, 47) 471
(9, 36) 314
(66, 15) 160
(56, 9) 53
(42, 36) 314
(62, 35) 281
(18, 61) 229
(38, 56) 282
(14, 49) 311
(71, 64) 246
(18, 76) 61
(75, 5) 260
(4, 15) 254
(51, 44) 158
(37, 65) 515
(41, 6) 148
(47, 24) 286
(17, 29) 133
(23, 3) 232
(13, 41) 347
(70, 26) 71
(74, 41) 185
(60, 4) 242
(50, 46) 228
(22, 72) 244
(26, 7) 328
(46, 66) 132
(2, 60) 146
(22, 59) 315
(55, 33) 326
(59, 34) 437
(45, 11) 132
(49, 72) 237
(31, 72) 247
(35, 13) 526
(11, 20) 35
(72, 6) 357
(1, 30) 248
(48, 31) 95
(54, 5) 315
(30, 18) 37
(34, 49) 258
(0, 65) 198
(20, 12) 56
(24, 71) 98
(6, 43) 400
(10, 38) 213
(67, 43) 409
(57, 1) 410
(43, 50) 278
(63, 63) 0
(39, 6) 148
(43, 67) 409
(15, 41) 104
(19, 42) 241
(76, 9) 90
(5, 3) 266
(62, 76) 201
(9, 64) 253
(66, 19) 160
(52, 34) 350
(56, 37) 316
(42, 24) 286
(32, 30) 68
(18, 33) 333
(38, 36) 10
(8, 23) 351
(28, 74) 324
(14, 13) 278
(71, 36) 143
(75, 33) 275
(61, 14) 79
(51, 8) 323
(27, 51) 47
(47, 60) 352
(3, 58) 194
(23, 39) 61
(64, 60) 24
(50, 67) 138
(70, 6) 188
(40, 53) 495
(3, 75) 126
(60, 40) 448
(36, 1) 129
(26, 27) 318
(12, 26) 275
(69, 71) 26
(73, 28) 326
(2, 0) 267
(49, 27) 196
(55, 5) 276
(31, 44) 92
(35, 41) 190
(21, 6) 270
(7, 55) 112
(11, 48) 119
(68, 39) 191
(72, 34) 21
(44, 56) 127
(7, 68) 291
(48, 59) 221
(24, 52) 268
(10, 75) 71
(30, 14) 128
(0, 45) 178
(20, 32) 81
(6, 23) 201
(67, 7) 26
(57, 29) 211
(43, 30) 232
(33, 4) 138
(53, 73) 288
(39, 42) 163
(9, 19) 156
(15, 13) 281
(19, 70) 300
(76, 45) 178
(52, 6) 128
(28, 63) 140
(32, 58) 88
(18, 5) 351
(38, 64) 371
(4, 48) 268
(8, 51) 323
(65, 38) 484
(71, 8) 357
(61, 18) 229
(37, 25) 268
(27, 31) 115
(74, 30) 202
(3, 22) 235
(23, 75) 116
(64, 24) 312
(40, 17) 361
(46, 11) 159
(16, 42) 317
(36, 37) 76
(12, 62) 288
(69, 59) 287
(73, 56) 187
(49, 7) 346
(25, 46) 413
(31, 0) 92
(21, 26) 263
(7, 27) 179
(48, 72) 327
(68, 27) 273
(1, 70) 32
(58, 17) 160
(44, 28) 123
(48, 39) 42
(34, 6) 364
(24, 16) 130
(0, 9) 90
(53, 60) 48
(57, 57) 0
(29, 35) 268
(33, 32) 370
(9, 15) 177
(66, 40) 306
(42, 65) 224
(62, 4) 254
(52, 26) 268
(38, 29) 366
(8, 64) 137
(28, 3) 333
(32, 70) 291
(75, 24) 215
(4, 20) 346
(8, 47) 471
(65, 2) 431
(41, 41) 0
(61, 54) 192
(27, 74) 269
(47, 7) 309
(51, 64) 186
(17, 48) 122
(37, 61) 391
(13, 4) 535
(70, 63) 216
(74, 50) 217
(50, 11) 163
(40, 13) 305
(26, 32) 318
(46, 39) 189
(16, 22) 256
(73, 75) 174
(22, 28) 143
(12, 34) 318
(69, 31) 118
(59, 25) 122
(45, 38) 312
(49, 35) 249
(35, 16) 99
(25, 10) 218
(1, 49) 321
(58, 66) 14
(21, 62) 329
(54, 62) 214
(58, 53) 270
(44, 0) 173
(30, 55) 51
(34, 42) 295
(6, 76) 144
(10, 3) 111
(30, 70) 224
(0, 21) 128
(63, 26) 231
(53, 16) 187
(39, 29) 79
(29, 7) 162
(19, 17) 80
(5, 46) 496
(9, 43) 166
(66, 12) 47
(15, 69) 224
(56, 10) 86
(42, 37) 376
(62, 32) 253
(18, 58) 52
(38, 57) 397
(14, 54) 114
(71, 67) 274
(75, 4) 186
(4, 8) 318
(51, 47) 154
(37, 64) 358
(41, 5) 308
(47, 27) 148
(17, 28) 231
(23, 2) 328
(13, 40) 305
(70, 27) 291
(60, 5) 119
(64, 64) 0
(50, 47) 198
(22, 73) 194
(26, 4) 90
(46, 67) 366
(2, 61) 190
(22, 56) 67
(55, 32) 86
(59, 37) 362
(45, 10) 190
(31, 75) 135
(35, 12) 237
(11, 23) 94
(72, 7) 420
(1, 29) 305
(48, 16) 238
(54, 26) 284
(30, 19) 114
(0, 66) 62
(20, 13) 353
(24, 72) 122
(6, 40) 438
(10, 39) 80
(67, 42) 335
(57, 0) 240
(43, 53) 478
(63, 62) 263
(39, 1) 226
(43, 66) 202
(15, 40) 351
(19, 45) 255
(76, 10) 83
(5, 2) 162
(9, 71) 179
(66, 16) 224
(52, 35) 222
(56, 38) 282
(42, 25) 399
(32, 31) 115
(18, 30) 37
(38, 37) 78
(8, 24) 400
(28, 75) 217
(14, 18) 150
(71, 39) 139
(75, 32) 139
(61, 13) 275
(51, 11) 119
(27, 50) 86
(47, 63) 107
(3, 61) 218
(23, 38) 333
(64, 61) 34
(50, 64) 139
(13, 76) 343
(70, 7) 269
(74, 74) 0
(40, 54) 280
(3, 74) 98
(60, 41) 189
(36, 2) 301
(26, 24) 0
(12, 27) 68
(69, 70) 114
(73, 3) 112
(2, 1) 173
(49, 26) 269
(55, 4) 246
(59, 65) 312
(31, 47) 84
(35, 40) 497
(21, 5) 432
(7, 54) 146
(11, 51) 119
(68, 32) 273
(72, 35) 153
(44, 57) 76
(7, 71) 252
(48, 60) 205
(24, 53) 314
(10, 72) 227
(30, 15) 114
(0, 46) 194
(20, 33) 371
(6, 20) 282
(67, 6) 101
(53, 39) 228
(57, 28) 136
(43, 17) 353
(33, 27) 370
(53, 72) 426
(39, 37) 315
(9, 18) 43
(15, 12) 177
(19, 73) 302
(76, 46) 194
(52, 7) 112
(28, 56) 143
(32, 59) 253
(18, 2) 328
(38, 65) 484
(4, 49) 321
(8, 52) 276
(65, 37) 515
(71, 11) 262
(61, 17) 79
(17, 75) 92
(37, 24) 91
(27, 30) 68
(13, 31) 407
(74, 31) 183
(3, 25) 131
(23, 74) 233
(64, 25) 141
(40, 18) 264
(46, 8) 496
(16, 43) 419
(36, 38) 10
(12, 63) 47
(69, 58) 127
(73, 63) 187
(49, 6) 336
(25, 45) 405
(31, 3) 215
(21, 25) 361
(7, 26) 328
(48, 73) 231
(68, 4) 92
(1, 69) 145
(58, 30) 35
(44, 29) 162
(34, 7) 430
(24, 17) 302
(0, 10) 83
(53, 59) 40
(57, 56) 197
(29, 34) 376
(33, 39) 291
(9, 14) 191
(66, 41) 57
(62, 5) 103
(52, 27) 86
(38, 18) 333
(8, 65) 399
(28, 28) 0
(32, 71) 220
(75, 27) 139
(4, 21) 294
(65, 1) 425
(41, 40) 323
(61, 53) 85
(47, 6) 309
(51, 67) 181
(17, 55) 77
(37, 60) 350
(13, 3) 468
(70, 60) 243
(74, 51) 225
(50, 8) 276
(40, 14) 361
(26, 33) 60
(46, 36) 293
(12, 76) 90
(16, 23) 256
(73, 74) 14
(22, 29) 134
(12, 35) 237
(69, 30) 153
(59, 24) 324
(45, 37) 371
(49, 34) 258
(35, 19) 298
(55, 76) 39
(25, 9) 332
(1, 48) 268
(58, 67) 221
(21, 61) 315
(54, 63) 78
(58, 50) 84
(44, 1) 334
(30, 52) 51
(34, 43) 378
(10, 0) 83
(67, 49) 372
(30, 71) 154
(0, 22) 115
(63, 5) 365
(53, 31) 310
(39, 28) 162
(29, 6) 197
(19, 16) 275
(5, 45) 481
(9, 42) 86
(66, 13) 381
(52, 72) 337
(15, 68) 256
(56, 11) 133
(42, 34) 295
(62, 33) 382
(18, 59) 249
(38, 62) 382
(14, 55) 77
(71, 66) 134
(18, 74) 233
(75, 7) 124
(4, 9) 290
(51, 46) 188
(41, 4) 226
(27, 41) 89
(47, 26) 286
(17, 19) 80
(23, 29) 39
(13, 39) 347
(70, 24) 71
(60, 6) 58
(64, 65) 278
(50, 44) 202
(26, 5) 400
(46, 64) 362
(2, 58) 305
(22, 57) 146
(55, 35) 222
(59, 36) 372
(45, 9) 99
(31, 74) 183
(35, 15) 249
(11, 22) 131
(72, 8) 514
(1, 28) 381
(48, 17) 122
(54, 27) 46
(30, 16) 219
(0, 67) 173
(20, 14) 228
(24, 73) 45
(6, 41) 148
(10, 36) 203
(67, 45) 347
(57, 7) 371
(43, 52) 278
(63, 57) 186
(39, 0) 5
(43, 69) 285
(15, 43) 339
(19, 44) 242
(76, 11) 155
(5, 1) 318
(9, 70) 262
(66, 17) 174
(52, 44) 202
(56, 39) 44
(42, 6) 309
(32, 16) 285
(18, 31) 80
(8, 25) 152
(28, 68) 326
(14, 19) 80
(71, 38) 152
(75, 35) 168
(61, 12) 270
(47, 73) 248
(51, 10) 121
(27, 53) 284
(47, 62) 368
(3, 60) 179
(23, 33) 333
(64, 62) 36
(50, 65) 182
(13, 75) 358
(70, 4) 32
(74, 75) 165
(40, 55) 317
(60, 42) 352
(36, 3) 181
(26, 25) 257
(12, 20) 56
(69, 69) 0
(73, 2) 250
(2, 30) 292
(49, 25) 416
(55, 7) 112
(59, 64) 36
(31, 46) 103
(35, 43) 360
(21, 4) 294
(7, 49) 346
(11, 50) 163
(68, 33) 101
(72, 36) 96
(44, 58) 127
(7, 70) 269
(48, 61) 201
(24, 54) 284
(10, 73) 112
(30, 12) 66
(0, 47) 167
(20, 34) 359
(6, 21) 270
(67, 9) 250
(53, 38) 371
(57, 35) 342
(43, 16) 419
(33, 26) 60
(39, 36) 282
(9, 17) 191
(15, 15) 0
(19, 72) 413
(76, 47) 167
(52, 0) 39
(28, 57) 136
(32, 60) 238
(18, 3) 232
(38, 70) 127
(4, 50) 246
(8, 53) 89
(65, 36) 475
(71, 10) 62
(41, 51) 42
(61, 16) 232
(17, 74) 252
(37, 7) 384
(27, 17) 150
(13, 30) 339
(74, 28) 324
(3, 24) 134
(23, 69) 178
(64, 26) 312
(40, 19) 282
(46, 9) 122
(16, 44) 326
(36, 39) 282
(12, 56) 53
(69, 57) 267
(73, 62) 294
(49, 5) 501
(25, 44) 407
(31, 2) 337
(1, 43) 428
(21, 24) 263
(7, 21) 271
(48, 74) 225
(68, 5) 376
(72, 64) 413
(1, 68) 92
(58, 31) 44
(44, 30) 152
(34, 4) 210
(24, 18) 282
(0, 11) 155
(53, 58) 270
(57, 63) 186
(29, 33) 366
(33, 38) 0
(9, 13) 362
(66, 38) 280
(62, 10) 221
(38, 19) 403
(8, 66) 365
(28, 29) 99
(75, 26) 215
(4, 22) 265
(65, 0) 198
(41, 47) 163
(61, 52) 156
(27, 76) 88
(47, 1) 325
(51, 66) 66
(17, 54) 114
(37, 59) 362
(13, 2) 465
(70, 61) 281
(74, 48) 225
(50, 9) 114
(70, 76) 205
(40, 15) 351
(26, 46) 270
(46, 37) 360
(16, 8) 270
(73, 73) 0
(22, 18) 95
(69, 29) 212
(59, 27) 253
(45, 36) 307
(49, 33) 294
(35, 18) 240
(25, 8) 152
(1, 55) 246
(58, 64) 216
(21, 60) 313
(54, 60) 199
(58, 51) 56
(44, 2) 428
(30, 53) 247
(34, 40) 565
(6, 66) 202
(10, 1) 153
(67, 48) 181
(30, 68) 207
(0, 23) 61
(63, 4) 243
(53, 30) 247
(39, 31) 87
(29, 5) 334
(19, 19) 0
(5, 44) 476
(9, 41) 87
(66, 10) 92
(52, 73) 225
(15, 71) 212
(56, 12) 53
(42, 35) 258
(62, 38) 382
(18, 56) 52
(38, 63) 280
(14, 52) 77
(71, 61) 278
(18, 75) 116
(75, 6) 94
(4, 10) 153
(51, 49) 195
(41, 11) 154
(27, 40) 235
(47, 37) 376
(17, 18) 150
(23, 28) 101
(13, 38) 632
(70, 25) 186
(60, 7) 72
(64, 66) 230
(50, 45) 209
(26, 2) 261
(46, 65) 267
(2, 59) 146
(22, 62) 315
(55, 34) 350
(59, 39) 206
(45, 8) 481
(31, 53) 310
(35, 14) 255
(11, 9) 83
(72, 9) 300
(1, 19) 316
(48, 18) 29
(54, 24) 284
(30, 17) 128
(34, 76) 314
(0, 68) 195
(20, 15) 215
(24, 74) 51
(6, 46) 331
(10, 37) 236
(67, 44) 339
(57, 6) 384
(43, 55) 278
(63, 56) 14
(39, 3) 173
(43, 68) 349
(15, 42) 261
(19, 47) 241
(76, 4) 228
(5, 0) 304
(9, 69) 168
(52, 45) 209
(56, 40) 309
(42, 7) 309
(32, 17) 150
(18, 28) 101
(8, 26) 400
(28, 69) 262
(14, 16) 211
(71, 33) 152
(75, 34) 308
(61, 11) 304
(47, 72) 274
(51, 13) 317
(27, 52) 86
(47, 57) 85
(3, 63) 202
(23, 32) 37
(64, 63) 230
(13, 74) 522
(70, 5) 329
(74, 72) 151
(40, 56) 309
(3, 76) 173
(60, 43) 436
(36, 12) 314
(12, 21) 52
(69, 68) 66
(73, 1) 92
(2, 31) 337
(49, 24) 269
(55, 6) 128
(59, 67) 70
(31, 41) 87
(35, 42) 258
(21, 3) 261
(7, 48) 155
(11, 53) 362
(68, 34) 143
(72, 37) 170
(44, 59) 374
(7, 65) 231
(48, 62) 221
(24, 55) 268
(30, 13) 339
(0, 32) 88
(20, 35) 291
(6, 10) 149
(67, 8) 153
(53, 37) 343
(57, 34) 363
(43, 19) 301
(33, 25) 308
(39, 39) 0
(9, 16) 270
(15, 14) 14
(19, 75) 131
(76, 40) 322
(52, 1) 246
(28, 58) 143
(32, 61) 226
(18, 0) 61
(38, 71) 152
(4, 51) 268
(8, 54) 315
(65, 59) 312
(71, 5) 357
(41, 50) 44
(61, 47) 354
(17, 73) 263
(37, 6) 300
(41, 67) 178
(27, 16) 285
(13, 29) 288
(74, 29) 262
(3, 27) 261
(23, 68) 237
(64, 27) 217
(40, 20) 209
(46, 14) 305
(16, 45) 319
(36, 32) 361
(12, 57) 151
(69, 56) 127
(73, 61) 311
(45, 63) 117
(49, 4) 321
(25, 51) 278
(31, 13) 407
(1, 42) 325
(21, 39) 124
(7, 20) 259
(48, 75) 93
(68, 6) 221
(72, 65) 469
(58, 28) 143
(44, 31) 92
(34, 5) 518
(24, 19) 345
(0, 12) 90
(53, 57) 463
(57, 62) 438
(29, 32) 18
(33, 37) 78
(5, 55) 276
(9, 12) 0
(66, 39) 57
(76, 76) 0
(42, 76) 167
(62, 11) 332
(38, 16) 185
(8, 67) 153
(28, 30) 138
(75, 29) 125
(4, 23) 283
(65, 7) 231
(41, 46) 189
(61, 51) 201
(47, 0) 167
(51, 69) 177
(17, 53) 136
(37, 58) 316
(13, 1) 535
(70, 50) 227
(74, 49) 242
(50, 6) 128
(26, 47) 286
(46, 42) 43
(16, 9) 270
(73, 72) 138
(36, 68) 92
(22, 19) 208
(69, 28) 262
(59, 26) 324
(45, 35) 255
(49, 32) 196
(35, 21) 231
(25, 15) 198
(1, 54) 273
(58, 65) 202
(21, 59) 329
(54, 61) 192
(58, 48) 56
(44, 3) 305
(30, 58) 35
(34, 41) 310
(6, 67) 101
(10, 14) 162
(67, 51) 181
(30, 69) 153
(63, 7) 209
(53, 29) 266
(39, 30) 24
(29, 4) 305
(19, 18) 114
(5, 43) 554
(9, 40) 261
(66, 11) 129
(52, 74) 217
(15, 70) 242
(56, 13) 372
(42, 32) 148
(62, 39) 206
(18, 57) 189
(38, 60) 369
(14, 53) 136
(71, 60) 251
(18, 72) 322
(75, 57) 293
(4, 11) 371
(51, 48) 0
(41, 10) 80
(27, 43) 206
(47, 36) 314
(17, 17) 0
(23, 31) 80
(13, 37) 640
(70, 30) 224
(60, 0) 185
(64, 67) 46
(50, 42) 198
(22, 76) 115
(26, 3) 134
(46, 70) 289
(2, 56) 305
(22, 63) 53
(55, 61) 156
(59, 38) 382
(45, 7) 321
(49, 76) 200
(31, 52) 128
(35, 49) 249
(11, 8) 430
(72, 10) 227
(1, 18) 283
(48, 19) 94
(54, 25) 275
(30, 22) 100
(0, 69) 145
(20, 8) 430
(24, 75) 215
(6, 47) 309
(10, 34) 239
(67, 47) 335
(57, 5) 540
(43, 54) 239
(63, 59) 263
(39, 2) 269
(43, 71) 306
(15, 53) 148
(19, 46) 278
(76, 5) 304
(5, 15) 216
(9, 68) 232
(52, 46) 228
(56, 41) 44
(42, 4) 325
(32, 18) 37
(18, 29) 39
(8, 27) 352
(28, 70) 354
(14, 17) 0
(71, 32) 220
(75, 37) 286
(61, 10) 225
(47, 75) 215
(51, 12) 69
(27, 55) 86
(47, 56) 120
(3, 62) 192
(23, 35) 240
(64, 48) 186
(13, 73) 531
(74, 73) 14
(40, 57) 227
(60, 36) 359
(36, 13) 622
(12, 22) 59
(69, 67) 290
(73, 0) 195
(2, 28) 426
(49, 31) 108
(55, 1) 246
(59, 66) 263
(31, 40) 311
(35, 45) 255
(21, 2) 382
(7, 51) 155
(11, 52) 163
(68, 35) 17
(72, 38) 92
(54, 74) 233
(44, 52) 202
(7, 64) 48
(48, 63) 66
(24, 56) 231
(0, 33) 295
(20, 44) 79
(6, 11) 291
(67, 11) 280
(53, 36) 361
(57, 33) 397
(43, 18) 203
(33, 24) 60
(39, 38) 291
(9, 23) 43
(15, 9) 177
(19, 74) 294
(76, 41) 5
(52, 2) 260
(28, 59) 333
(32, 62) 253
(14, 66) 174
(18, 1) 283
(38, 68) 101
(4, 60) 242
(8, 55) 276
(65, 58) 202
(71, 4) 122
(41, 49) 195
(61, 46) 383
(17, 72) 389
(37, 5) 420
(41, 66) 57
(27, 19) 96
(13, 28) 315
(74, 26) 51
(3, 26) 134
(23, 71) 184
(64, 28) 297
(40, 21) 279
(46, 15) 291
(16, 46) 320
(36, 33) 10
(12, 58) 53
(69, 39) 141
(73, 60) 279
(45, 62) 379
(49, 59) 399
(25, 50) 235
(31, 12) 53
(1, 41) 226
(21, 38) 302
(7, 23) 183
(48, 76) 41
(68, 7) 291
(72, 66) 266
(58, 29) 87
(44, 24) 295
(34, 2) 382
(24, 20) 327
(0, 13) 343
(33, 75) 275
(53, 56) 270
(57, 61) 417
(29, 63) 94
(33, 36) 10
(5, 54) 315
(9, 51) 69
(66, 36) 272
(5, 71) 357
(62, 8) 103
(38, 17) 362
(8, 68) 376
(28, 31) 145
(75, 28) 217
(4, 16) 51
(65, 6) 296
(41, 45) 173
(61, 50) 156
(47, 3) 296
(51, 68) 231
(17, 52) 77
(37, 57) 458
(13, 0) 343
(70, 51) 245
(74, 62) 281
(50, 7) 112
(70, 66) 216
(26, 44) 295
(46, 43) 117
(16, 10) 133
(36, 69) 147
(22, 16) 256
(69, 27) 215
(59, 29) 235
(45, 34) 284
(49, 39) 195
(35, 20) 291
(55, 73) 225
(25, 14) 191
(1, 53) 237
(21, 58) 81
(54, 50) 41
(58, 49) 152
(30, 59) 223
(34, 38) 81
(6, 64) 59
(10, 15) 153
(67, 50) 138
(30, 74) 202
(63, 6) 202
(53, 28) 365
(39, 25) 246
(29, 3) 249
(19, 21) 208
(5, 42) 471
(9, 47) 86
(66, 8) 365
(52, 75) 61
(15, 65) 207
(56, 14) 160
(42, 33) 319
(62, 36) 372
(18, 54) 37
(38, 61) 405
(14, 58) 160
(71, 63) 134
(18, 73) 237
(75, 56) 96
(51, 51) 0
(37, 76) 318
(41, 9) 87
(27, 42) 148
(47, 39) 163
(17, 16) 211
(23, 30) 37
(13, 36) 622
(70, 31) 220
(60, 1) 242
(64, 68) 278
(50, 43) 278
(26, 0) 239
(46, 71) 199
(2, 57) 502
(22, 60) 298
(55, 60) 158
(59, 57) 438
(45, 6) 318
(49, 67) 372
(31, 55) 128
(35, 48) 231
(11, 11) 0
(72, 11) 375
(1, 17) 257
(48, 20) 109
(54, 30) 34
(30, 23) 37
(34, 74) 157
(0, 70) 205
(20, 9) 56
(24, 76) 239
(6, 44) 316
(10, 35) 111
(67, 46) 366
(57, 4) 410
(43, 41) 253
(63, 58) 14
(39, 61) 194
(43, 70) 397
(15, 52) 63
(19, 49) 286
(76, 6) 144
(5, 14) 202
(9, 75) 144
(52, 47) 198
(56, 42) 120
(42, 5) 471
(32, 19) 96
(18, 26) 282
(8, 28) 431
(28, 71) 273
(14, 22) 227
(71, 35) 58
(75, 36) 265
(61, 9) 270
(47, 74) 251
(51, 15) 108
(27, 54) 46
(47, 59) 368
(3, 33) 191
(23, 34) 339
(64, 49) 367
(13, 72) 642
(40, 58) 309
(60, 37) 350
(36, 14) 352
(12, 23) 43
(69, 66) 125
(73, 7) 291
(2, 29) 330
(49, 30) 183
(55, 0) 39
