General parameters 

15 53 720 750


Customer schedules 

0 0	0 [0,720]	
1 49	1 [0,12]	2 [105,123]	3 [289,302]	4 [513,523]	5 [645,720]	
2 45	6 [0,28]	7 [102,162]	8 [306,500]	9 [704,720]	
3 39	10 [0,65]	11 [95,377]	12 [407,720]	
4 67	13 [0,205]	14 [258,345]	15 [433,453]	16 [623,627]	17 [656,720]	
5 71	18 [0,456]	19 [467,498]	20 [509,720]	
6 38	21 [0,1]	22 [47,74]	23 [255,431]	24 [657,720]	
7 34	25 [0,720]	
8 32	26 [0,720]	
9 57	27 [0,99]	28 [175,231]	29 [371,388]	30 [437,489]	31 [510,550]	32 [586,720]	
10 63	33 [0,9]	34 [57,235]	35 [256,287]	36 [408,607]	37 [660,720]	
11 66	38 [0,9]	39 [318,347]	40 [656,720]	
12 64	41 [0,80]	42 [87,260]	43 [291,384]	44 [419,720]	
13 73	45 [0,720]	
14 68	46 [0,74]	47 [134,218]	48 [330,399]	49 [565,636]	50 [662,720]	
15 80	51 [0,720]	
16 0	52 [0,720]	


Location coordinates

0 	 0.0 0.0
1 	 140.720165554 -102.862592164
2 	 95.0073526015 -110.030614943
3 	 113.528442038 -29.2959208711
4 	 87.0815761444 -131.481658896
5 	 140.720165554 -102.862592164
6 	 -82.4858783539 -80.7321519394
7 	 -104.707030729 -51.3834568498
8 	 -175.481522597 -38.3026761088
9 	 -82.4858783539 -80.7321519394
10 	 -71.3360884503 122.887826222
11 	 -75.1262860752 108.604681913
12 	 -71.3360884503 122.887826222
13 	 3.65702802258 29.4983600024
14 	 -6.29078966998 54.0632589983
15 	 -29.211580081 91.7787942759
16 	 9.49442808823 16.0193969893
17 	 3.65702802258 29.4983600024
18 	 94.016574983 50.350089024
19 	 95.4820004246 55.4551428732
20 	 94.016574983 50.350089024
21 	 82.5238418633 -110.937119441
22 	 60.0502919363 -116.0793971
23 	 -30.205508381 -108.004616697
24 	 82.5238418633 -110.937119441
25 	 150.664796706 -54.2295036502
26 	 0.648253351169 153.510910638
27 	 -64.8253068038 -17.99705875
28 	 -100.496683804 -30.6714445418
29 	 -31.1006734857 -20.5294696383
30 	 -54.0095069137 -12.2732494939
31 	 -56.194994885 -2.00703906338
32 	 -64.8253068038 -17.99705875
33 	 -22.0408909369 -36.2071988395
34 	 -44.702335275 -27.6523425345
35 	 -55.2925526279 -25.9334192179
36 	 0.497730499821 -49.7347425197
37 	 -22.0408909369 -36.2071988395
38 	 -0.865910078566 -13.0035011848
39 	 -25.9258163375 139.262629145
40 	 -0.865910078566 -13.0035011848
41 	 11.372859652 -25.9663344225
42 	 10.4121422365 -29.1373729196
43 	 -3.63396669827 -35.3266794344
44 	 11.372859652 -25.9663344225
45 	 32.3153758922 -128.932987762
46 	 -63.4041305671 -139.5294418
47 	 -36.1552975276 -151.909819657
48 	 19.701043223 -150.083618272
49 	 -63.1592085632 -152.506140654
50 	 -63.4041305671 -139.5294418
51 	 -56.9130364249 17.6237702607
52 	 0.0 0.0


Travel time matrix 

(31, 6) 166
(40, 22) 239
(21, 28) 400
(4, 36) 238
(43, 3) 235
(7, 25) 510
(46, 12) 525
(29, 44) 86
(33, 41) 70
(16, 47) 348
(36, 34) 101
(44, 34) 112
(9, 0) 231
(48, 37) 243
(34, 8) 262
(15, 30) 214
(37, 13) 141
(24, 14) 375
(13, 20) 185
(52, 17) 59
(3, 2) 166
(25, 49) 471
(28, 10) 313
(50, 27) 243
(31, 15) 195
(1, 40) 335
(40, 29) 62
(21, 37) 257
(4, 35) 354
(8, 38) 353
(7, 22) 354
(46, 23) 92
(29, 37) 36
(33, 34) 48
(16, 38) 62
(36, 41) 52
(41, 34) 112
(22, 12) 545
(44, 25) 284
(9, 9) 0
(12, 50) 525
(34, 3) 316
(24, 21) 0
(49, 51) 340
(13, 13) 0
(52, 24) 277
(0, 14) 109
(38, 31) 113
(3, 11) 467
(28, 1) 504
(50, 18) 493
(1, 33) 352
(40, 4) 295
(21, 46) 297
(4, 42) 256
(8, 45) 453
(7, 15) 324
(46, 30) 255
(16, 29) 109
(41, 43) 35
(22, 7) 354
(44, 16) 84
(9, 50) 124
(47, 5) 367
(12, 41) 341
(34, 26) 374
(17, 50) 364
(24, 28) 400
(45, 47) 144
(10, 19) 360
(49, 52) 330
(13, 6) 280
(0, 5) 349
(38, 22) 239
(25, 3) 89
(28, 24) 400
(50, 13) 364
(40, 11) 285
(4, 17) 362
(26, 34) 374
(7, 4) 416
(46, 33) 223
(16, 20) 182
(19, 1) 329
(41, 44) 0
(22, 30) 308
(44, 15) 249
(47, 2) 275
(12, 32) 282
(34, 21) 304
(17, 43) 130
(45, 40) 241
(10, 26) 156
(49, 45) 197
(0, 28) 210
(38, 9) 212
(25, 4) 200
(28, 23) 209
(50, 4) 301
(14, 38) 135
(1, 51) 463
(21, 48) 148
(4, 24) 42
(26, 45) 568
(46, 40) 282
(29, 48) 278
(16, 11) 251
(19, 6) 448
(41, 21) 222
(22, 17) 312
(5, 39) 588
(44, 6) 217
(47, 11) 526
(30, 49) 281
(34, 44) 112
(17, 44) 112
(37, 33) 0
(45, 33) 215
(10, 5) 619
(49, 38) 306
(35, 23) 172
(0, 19) 221
(38, 0) 26
(25, 13) 338
(14, 41) 164
(1, 52) 349
(4, 7) 416
(26, 52) 307
(46, 51) 314
(29, 9) 158
(51, 36) 177
(16, 2) 305
(19, 15) 260
(2, 45) 131
(41, 30) 134
(22, 40) 239
(5, 32) 445
(9, 37) 150
(47, 16) 348
(34, 39) 336
(17, 37) 141
(37, 42) 66
(42, 39) 345
(23, 11) 442
(45, 26) 568
(10, 12) 0
(13, 49) 388
(35, 28) 91
(25, 22) 219
(14, 48) 412
(1, 13) 381
(39, 24) 545
(4, 14) 415
(29, 2) 309
(51, 45) 343
(19, 20) 11
(2, 36) 224
(41, 7) 238
(22, 35) 293
(5, 41) 301
(9, 46) 124
(47, 25) 422
(30, 35) 27
(17, 30) 142
(42, 46) 266
(23, 0) 224
(45, 19) 390
(32, 8) 225
(13, 42) 118
(35, 5) 421
(38, 50) 282
(25, 31) 427
(11, 28) 283
(50, 49) 26
(1, 6) 449
(39, 17) 227
(26, 6) 497
(29, 27) 68
(51, 50) 314
(19, 29) 295
(41, 8) 374
(5, 18) 320
(27, 45) 295
(47, 38) 287
(30, 42) 133
(17, 23) 283
(20, 4) 364
(42, 41) 7
(23, 25) 377
(6, 51) 203
(45, 12) 545
(32, 15) 231
(13, 35) 162
(35, 10) 299
(18, 46) 493
(11, 21) 541
(50, 40) 282
(14, 2) 386
(1, 31) 442
(39, 14) 175
(26, 1) 584
(48, 30) 313
(29, 20) 288
(15, 33) 256
(19, 34) 326
(5, 27) 445
(27, 34) 45
(47, 47) 0
(30, 45) 290
(34, 48) 277
(17, 8) 383
(20, 3) 164
(42, 16) 90
(23, 22) 181
(6, 42) 213
(45, 5) 223
(32, 6) 130
(35, 51) 87
(18, 41) 225
(38, 44) 36
(43, 51) 150
(11, 10) 30
(50, 35) 228
(14, 5) 430
(36, 18) 274
(1, 16) 354
(39, 7) 413
(26, 8) 521
(48, 21) 148
(51, 0) 119
(15, 46) 468
(19, 43) 269
(2, 49) 328
(22, 52) 261
(5, 4) 122
(47, 52) 312
(30, 20) 321
(52, 33) 85
(17, 1) 381
(20, 10) 361
(3, 50) 417
(42, 27) 152
(23, 47) 89
(6, 45) 249
(10, 32) 282
(32, 29) 68
(18, 32) 345
(38, 39) 309
(43, 40) 45
(8, 22) 496
(11, 3) 467
(14, 12) 189
(36, 25) 300
(26, 19) 273
(48, 12) 576
(51, 9) 203
(19, 48) 438
(2, 8) 560
(24, 37) 257
(5, 13) 381
(27, 48) 314
(30, 31) 21
(52, 40) 26
(20, 17) 185
(42, 2) 234
(23, 36) 132
(6, 36) 177
(10, 43) 344
(32, 20) 345
(31, 36) 148
(35, 33) 69
(18, 27) 345
(40, 52) 26
(43, 33) 37
(8, 29) 291
(33, 11) 308
(14, 23) 328
(36, 0) 99
(26, 26) 0
(48, 3) 306
(12, 25) 568
(51, 14) 125
(2, 3) 166
(24, 44) 222
(27, 9) 130
(30, 6) 148
(20, 24) 323
(3, 32) 357
(42, 13) 118
(6, 31) 166
(28, 40) 202
(32, 43) 127
(31, 45) 309
(35, 38) 112
(18, 18) 0
(21, 7) 393
(43, 38) 45
(8, 4) 557
(7, 52) 233
(11, 49) 523
(33, 12) 333
(14, 30) 163
(36, 15) 289
(39, 50) 563
(12, 16) 268
(51, 23) 257
(15, 5) 517
(2, 26) 560
(24, 51) 379
(27, 14) 186
(49, 29) 272
(30, 9) 148
(0, 44) 57
(20, 39) 299
(3, 41) 204
(6, 22) 294
(28, 39) 371
(32, 34) 45
(31, 42) 144
(35, 47) 255
(18, 13) 185
(40, 34) 92
(21, 0) 277
(43, 31) 124
(8, 11) 356
(7, 45) 315
(33, 5) 352
(39, 43) 352
(48, 49) 166
(12, 15) 105
(51, 28) 130
(15, 2) 474
(37, 17) 141
(2, 21) 25
(27, 7) 104
(49, 22) 257
(52, 5) 349
(0, 35) 122
(20, 46) 493
(3, 46) 417
(23, 51) 257
(6, 9) 0
(31, 19) 324
(18, 4) 364
(40, 41) 36
(21, 9) 336
(43, 20) 260
(8, 50) 302
(7, 42) 234
(46, 3) 417
(11, 47) 526
(33, 30) 80
(16, 50) 344
(39, 32) 324
(44, 45) 210
(9, 21) 336
(48, 40) 277
(12, 6) 408
(15, 11) 98
(37, 26) 382
(24, 1) 118
(27, 28) 76
(49, 15) 493
(52, 12) 284
(3, 23) 328
(25, 38) 314
(6, 0) 231
(32, 48) 314
(31, 24) 352
(40, 16) 62
(21, 18) 323
(43, 13) 130
(7, 35) 111
(46, 10) 525
(11, 36) 351
(33, 23) 145
(16, 41) 84
(36, 36) 0
(44, 36) 52
(9, 30) 148
(48, 47) 112
(34, 14) 181
(15, 16) 170
(37, 3) 271
(24, 8) 536
(27, 21) 348
(49, 0) 330
(13, 26) 248
(52, 11) 264
(0, 49) 330
(3, 28) 428
(25, 47) 422
(28, 12) 313
(31, 1) 442
(40, 23) 199
(21, 27) 348
(4, 37) 290
(43, 2) 247
(8, 32) 225
(7, 24) 393
(46, 13) 364
(29, 43) 62
(33, 40) 63
(16, 32) 163
(36, 35) 121
(22, 10) 545
(44, 35) 133
(9, 7) 74
(48, 38) 277
(12, 52) 284
(34, 9) 130
(15, 25) 463
(37, 12) 333
(24, 15) 463
(13, 19) 191
(52, 18) 213
(0, 8) 359
(3, 5) 157
(25, 48) 325
(28, 11) 283
(50, 24) 297
(31, 14) 150
(1, 47) 367
(40, 30) 106
(21, 36) 205
(4, 44) 260
(8, 39) 464
(7, 17) 270
(46, 20) 493
(29, 36) 86
(33, 33) 0
(16, 39) 256
(36, 42) 46
(41, 33) 70
(22, 13) 312
(44, 26) 360
(9, 8) 204
(12, 51) 212
(34, 0) 105
(24, 22) 46
(49, 50) 26
(13, 12) 240
(52, 25) 320
(0, 15) 193
(38, 28) 202
(3, 10) 479
(28, 2) 422
(50, 19) 503
(1, 32) 445
(40, 5) 335
(21, 45) 107
(4, 43) 264
(8, 46) 302
(7, 14) 288
(46, 31) 275
(16, 30) 139
(41, 42) 7
(22, 4) 62
(5, 52) 349
(44, 17) 112
(9, 49) 149
(47, 4) 250
(12, 42) 345
(34, 27) 45
(17, 49) 388
(24, 29) 290
(45, 46) 193
(10, 16) 268
(49, 43) 263
(13, 5) 381
(0, 6) 231
(38, 23) 199
(25, 2) 158
(28, 25) 504
(50, 10) 525
(40, 12) 306
(4, 18) 364
(26, 35) 376
(7, 7) 0
(46, 38) 282
(33, 51) 128
(16, 21) 293
(19, 0) 221
(41, 19) 234
(22, 31) 326
(44, 8) 374
(47, 13) 371
(12, 33) 333
(34, 18) 318
(17, 42) 118
(37, 39) 351
(42, 50) 266
(45, 39) 549
(10, 27) 282
(49, 44) 294
(35, 17) 162
(0, 29) 75
(38, 14) 135
(25, 11) 556
(28, 16) 239
(50, 5) 414
(14, 39) 175
(1, 50) 414
(4, 25) 200
(26, 42) 366
(46, 41) 272
(29, 15) 225
(33, 52) 85
(16, 12) 268
(19, 9) 448
(41, 20) 225
(22, 22) 0
(5, 38) 335
(44, 7) 238
(9, 35) 122
(47, 10) 553
(34, 45) 254
(17, 35) 162
(37, 32) 93
(23, 13) 283
(45, 32) 295
(10, 2) 572
(49, 37) 247
(35, 22) 293
(0, 20) 213
(38, 1) 335
(25, 12) 568
(14, 46) 404
(1, 11) 604
(4, 0) 315
(46, 48) 168
(29, 8) 291
(51, 39) 251
(16, 3) 227
(19, 14) 204
(2, 42) 234
(41, 29) 86
(22, 41) 205
(5, 47) 367
(9, 36) 177
(47, 19) 491
(34, 36) 101
(17, 36) 158
(37, 41) 70
(42, 36) 46
(23, 10) 469
(45, 25) 280
(10, 13) 240
(13, 48) 361
(35, 31) 48
(25, 21) 177
(14, 49) 429
(1, 12) 619
(39, 27) 324
(4, 15) 503
(29, 1) 381
(51, 44) 162
(19, 23) 412
(2, 37) 277
(41, 6) 217
(22, 32) 318
(5, 40) 335
(9, 45) 249
(47, 24) 251
(30, 32) 24
(17, 29) 122
(42, 47) 263
(23, 3) 328
(45, 18) 379
(10, 52) 284
(32, 9) 130
(13, 41) 112
(35, 4) 354
(18, 52) 213
(38, 51) 128
(25, 30) 418
(11, 31) 224
(50, 46) 0
(1, 5) 0
(39, 16) 256
(26, 7) 461
(48, 24) 148
(29, 26) 354
(19, 28) 428
(41, 15) 249
(5, 17) 381
(27, 44) 153
(47, 33) 233
(30, 43) 111
(17, 22) 312
(20, 5) 320
(42, 22) 200
(23, 24) 226
(6, 48) 247
(45, 11) 521
(32, 0) 135
(13, 34) 150
(35, 13) 162
(18, 47) 481
(38, 42) 39
(11, 20) 358
(50, 41) 272
(14, 3) 292
(36, 20) 274
(1, 30) 430
(39, 9) 454
(26, 14) 199
(48, 31) 333
(29, 19) 295
(15, 32) 231
(19, 37) 298
(22, 50) 251
(5, 26) 584
(27, 37) 93
(47, 46) 60
(30, 18) 321
(34, 49) 252
(17, 15) 141
(20, 12) 361
(42, 17) 118
(23, 17) 283
(6, 43) 182
(45, 4) 110
(10, 38) 306
(32, 7) 104
(31, 49) 301
(35, 50) 228
(18, 38) 228
(38, 45) 241
(43, 50) 240
(8, 16) 385
(11, 13) 223
(50, 32) 243
(14, 10) 189
(36, 19) 283
(1, 23) 342
(39, 6) 454
(26, 9) 497
(48, 22) 106
(51, 3) 353
(15, 41) 249
(19, 42) 240
(2, 14) 386
(5, 3) 157
(30, 21) 337
(52, 34) 105
(17, 0) 59
(20, 11) 358
(42, 24) 218
(23, 46) 92
(6, 34) 130
(10, 33) 333
(32, 30) 24
(18, 33) 290
(38, 36) 74
(43, 43) 0
(8, 23) 322
(11, 2) 554
(14, 13) 53
(36, 26) 406
(26, 16) 276
(48, 13) 361
(51, 8) 262
(19, 51) 314
(2, 9) 360
(24, 38) 257
(5, 12) 619
(27, 51) 73
(30, 28) 100
(52, 41) 57
(20, 18) 0
(42, 3) 206
(23, 39) 495
(6, 37) 150
(10, 40) 306
(32, 21) 348
(31, 39) 289
(35, 32) 25
(18, 24) 323
(43, 32) 127
(8, 30) 248
(33, 10) 333
(14, 20) 201
(36, 1) 300
(39, 52) 283
(26, 27) 367
(48, 4) 140
(12, 26) 156
(51, 17) 123
(2, 0) 291
(24, 45) 107
(27, 8) 225
(49, 27) 269
(30, 7) 128
(52, 48) 303
(20, 25) 238
(3, 35) 337
(42, 10) 345
(6, 28) 106
(28, 41) 224
(32, 44) 153
(31, 44) 143
(35, 41) 133
(18, 19) 11
(21, 6) 336
(43, 25) 311
(8, 5) 645
(11, 48) 551
(33, 3) 271
(14, 31) 150
(36, 8) 353
(39, 45) 549
(12, 17) 240
(51, 22) 355
(15, 4) 503
(37, 23) 145
(2, 27) 369
(24, 52) 277
(27, 1) 445
(49, 28) 255
(30, 14) 163
(0, 45) 266
(20, 32) 345
(3, 40) 231
(6, 23) 118
(28, 32) 76
(32, 35) 25
(31, 21) 352
(35, 46) 228
(18, 10) 361
(40, 35) 112
(21, 15) 463
(43, 30) 111
(8, 12) 384
(7, 44) 238
(11, 41) 320
(33, 4) 290
(39, 42) 345
(9, 19) 448
(48, 50) 168
(12, 8) 384
(51, 31) 39
(15, 13) 141
(37, 16) 122
(2, 18) 321
(27, 6) 130
(49, 21) 303
(52, 6) 231
(0, 36) 99
(20, 47) 481
(3, 17) 249
(23, 50) 92
(6, 14) 310
(31, 18) 318
(18, 5) 320
(40, 42) 39
(21, 8) 536
(4, 48) 140
(43, 23) 155
(8, 51) 262
(7, 37) 168
(46, 0) 307
(11, 46) 497
(33, 29) 36
(16, 51) 133
(39, 35) 335
(44, 46) 272
(9, 20) 440
(48, 41) 249
(12, 7) 355
(15, 10) 105
(37, 25) 347
(24, 2) 25
(27, 31) 36
(49, 14) 429
(52, 13) 59
(3, 22) 204
(25, 37) 347
(6, 1) 449
(32, 49) 269
(31, 27) 36
(40, 17) 85
(21, 17) 322
(43, 12) 344
(7, 34) 129
(46, 11) 497
(11, 39) 116
(33, 22) 229
(16, 42) 90
(36, 37) 53
(44, 37) 70
(9, 29) 158
(48, 32) 314
(34, 15) 241
(15, 19) 260
(37, 2) 277
(24, 9) 336
(27, 20) 345
(49, 7) 219
(13, 25) 338
(52, 20) 213
(0, 50) 307
(3, 31) 344
(25, 46) 461
(28, 13) 241
(50, 30) 255
(31, 0) 112
(40, 24) 257
(21, 26) 554
(4, 38) 295
(43, 5) 319
(8, 33) 307
(7, 27) 104
(46, 18) 493
(29, 42) 85
(33, 47) 233
(16, 33) 122
(36, 44) 52
(22, 11) 524
(44, 28) 224
(9, 6) 0
(48, 39) 586
(34, 6) 130
(15, 24) 463
(37, 11) 308
(24, 16) 293
(13, 18) 185
(52, 19) 221
(0, 9) 231
(38, 26) 333
(3, 4) 211
(28, 4) 426
(50, 25) 461
(31, 9) 166
(1, 46) 414
(40, 31) 113
(21, 35) 324
(4, 45) 110
(8, 40) 353
(7, 16) 265
(46, 21) 297
(29, 35) 50
(33, 32) 93
(16, 24) 293
(36, 43) 30
(41, 32) 153
(22, 2) 71
(44, 27) 153
(9, 15) 361
(12, 44) 341
(34, 1) 400
(37, 52) 85
(24, 23) 226
(45, 52) 266
(10, 22) 545
(49, 49) 0
(13, 11) 223
(52, 26) 307
(0, 0) 0
(38, 29) 62
(3, 13) 249
(28, 3) 428
(50, 16) 344
(1, 39) 588
(40, 6) 212
(21, 44) 222
(4, 20) 364
(8, 47) 360
(7, 9) 74
(46, 28) 230
(16, 31) 136
(41, 41) 0
(22, 5) 163
(5, 51) 463
(44, 18) 225
(9, 48) 247
(47, 7) 243
(12, 43) 344
(34, 24) 304
(17, 48) 361
(24, 30) 337
(45, 45) 0
(10, 17) 240
(49, 42) 287
(13, 4) 362
(0, 7) 233
(38, 20) 228
(25, 1) 99
(28, 26) 420
(50, 11) 497
(40, 13) 85
(4, 19) 374
(26, 32) 367
(7, 6) 74
(46, 39) 563
(33, 50) 223
(16, 22) 283
(19, 3) 173
(41, 18) 225
(22, 28) 364
(44, 9) 217
(47, 12) 553
(12, 34) 306
(34, 19) 326
(17, 41) 112
(37, 38) 63
(42, 51) 164
(45, 38) 241
(10, 24) 560
(49, 35) 254
(35, 16) 154
(0, 30) 111
(38, 15) 217
(25, 10) 568
(28, 17) 241
(50, 2) 322
(14, 36) 208
(1, 49) 420
(4, 26) 596
(26, 43) 378
(46, 46) 0
(29, 14) 157
(51, 33) 128
(16, 13) 29
(19, 8) 573
(41, 27) 153
(22, 23) 181
(5, 37) 352
(44, 0) 57
(9, 34) 130
(47, 21) 251
(34, 42) 110
(17, 34) 150
(37, 47) 233
(23, 12) 469
(45, 31) 309
(10, 3) 479
(49, 36) 242
(35, 25) 415
(0, 21) 277
(38, 6) 212
(25, 19) 246
(14, 47) 416
(1, 10) 619
(39, 29) 320
(4, 1) 122
(26, 50) 600
(46, 49) 26
(29, 7) 160
(51, 38) 128
(16, 4) 333
(19, 17) 191
(2, 43) 247
(41, 28) 224
(22, 46) 251
(5, 46) 414
(9, 43) 182
(47, 18) 481
(34, 37) 48
(17, 27) 166
(37, 40) 63
(42, 37) 66
(23, 5) 342
(45, 24) 107
(10, 10) 0
(13, 47) 371
(35, 30) 27
(25, 20) 238
(11, 25) 556
(50, 52) 307
(1, 3) 157
(39, 26) 60
(4, 8) 557
(29, 0) 75
(51, 47) 341
(19, 22) 350
(2, 34) 324
(41, 5) 301
(22, 33) 229
(5, 23) 342
(9, 44) 217
(47, 27) 274
(30, 33) 80
(17, 28) 241
(42, 44) 7
(23, 2) 250
(45, 17) 322
(32, 10) 282
(13, 40) 85
(35, 7) 111
(38, 48) 277
(25, 29) 370
(11, 30) 245
(50, 47) 60
(1, 4) 122
(39, 19) 295
(26, 4) 596
(48, 25) 325
(29, 25) 370
(51, 52) 119
(19, 31) 324
(41, 14) 164
(5, 16) 354
(27, 47) 274
(47, 32) 274
(30, 40) 106
(17, 21) 322
(20, 6) 440
(42, 23) 177
(23, 27) 193
(6, 49) 149
(45, 10) 545
(32, 1) 445
(13, 33) 141
(35, 12) 299
(18, 44) 225
(38, 43) 45
(11, 23) 442
(50, 38) 282
(14, 0) 109
(36, 21) 205
(1, 29) 381
(39, 8) 464
(26, 15) 137
(48, 16) 333
(29, 18) 288
(15, 35) 241
(19, 36) 283
(2, 52) 291
(22, 51) 355
(5, 25) 99
(27, 36) 145
(47, 41) 269
(30, 19) 328
(52, 36) 99
(17, 14) 53
(20, 13) 185
(42, 30) 133
(23, 16) 260
(6, 40) 212
(45, 3) 257
(10, 39) 97
(32, 24) 348
(31, 48) 333
(18, 39) 299
(38, 34) 92
(8, 17) 383
(11, 12) 30
(50, 33) 223
(14, 11) 176
(36, 28) 206
(1, 22) 163
(39, 1) 588
(26, 22) 552
(48, 23) 131
(51, 2) 397
(15, 40) 217
(19, 45) 390
(2, 15) 474
(24, 32) 348
(5, 2) 93
(30, 26) 349
(52, 35) 122
(17, 7) 270
(20, 20) 0
(3, 52) 234
(42, 25) 285
(23, 41) 184
(6, 35) 122
(10, 46) 525
(32, 31) 36
(18, 30) 321
(38, 37) 63
(43, 42) 31
(8, 24) 536
(11, 5) 604
(14, 18) 201
(36, 27) 145
(26, 17) 248
(48, 14) 412
(12, 28) 313
(51, 11) 186
(15, 49) 493
(19, 50) 503
(2, 6) 360
(24, 39) 545
(5, 11) 604
(27, 50) 243
(30, 29) 49
(52, 42) 62
(20, 19) 11
(42, 0) 62
(23, 38) 199
(6, 26) 497
(10, 41) 341
(32, 22) 318
(31, 38) 113
(35, 35) 0
(18, 25) 238
(43, 35) 105
(8, 31) 249
(33, 9) 150
(14, 21) 375
(36, 2) 224
(26, 24) 554
(48, 5) 260
(12, 27) 282
(51, 16) 133
(2, 1) 93
(24, 46) 297
(27, 11) 254
(49, 26) 625
(30, 4) 369
(52, 49) 330
(20, 26) 278
(3, 34) 316
(42, 11) 324
(6, 29) 158
(28, 42) 222
(32, 45) 295
(31, 47) 302
(35, 40) 112
(18, 16) 182
(21, 5) 118
(43, 24) 229
(8, 6) 204
(11, 51) 186
(33, 2) 277
(14, 28) 253
(36, 9) 177
(39, 44) 339
(12, 18) 361
(51, 25) 439
(15, 7) 324
(37, 22) 229
(2, 24) 25
(27, 0) 135
(49, 19) 523
(30, 15) 214
(0, 46) 307
(20, 33) 290
(3, 43) 235
(23, 52) 224
(6, 20) 440
(28, 33) 157
(32, 36) 145
(31, 20) 318
(18, 11) 358
(40, 36) 74
(21, 14) 375
(43, 17) 130
(8, 13) 383
(7, 47) 243
(11, 40) 285
(33, 27) 93
(36, 48) 204
(39, 37) 351
(44, 48) 249
(9, 18) 440
(48, 51) 369
(12, 9) 408
(51, 30) 60
(15, 12) 105
(37, 31) 97
(2, 19) 331
(27, 25) 437
(49, 20) 513
(52, 7) 233
(0, 37) 85
(20, 40) 228
(3, 16) 227
(25, 35) 415
(6, 15) 361
(31, 29) 62
(18, 2) 321
(40, 43) 45
(21, 23) 226
(4, 49) 303
(43, 22) 206
(8, 52) 359
(7, 36) 210
(46, 1) 414
(11, 33) 308
(33, 28) 157
(16, 52) 37
(39, 34) 336
(44, 47) 269
(9, 27) 130
(48, 42) 243
(12, 0) 284
(15, 21) 463
(37, 24) 257
(24, 3) 175
(27, 30) 24
(49, 13) 388
(13, 31) 135
(52, 14) 109
(3, 25) 89
(25, 36) 300
(6, 6) 0
(32, 50) 243
(31, 26) 331
(40, 18) 228
(21, 16) 293
(43, 15) 259
(7, 29) 160
(46, 8) 302
(11, 38) 285
(33, 21) 257
(16, 43) 106
(36, 38) 74
(44, 38) 36
(9, 28) 106
(48, 33) 243
(34, 12) 306
(15, 18) 260
(37, 1) 352
(24, 10) 560
(27, 23) 193
(49, 6) 149
(13, 24) 322
(52, 21) 277
(0, 51) 119
(3, 30) 337
(25, 45) 280
(28, 14) 253
(50, 31) 275
(31, 3) 344
(40, 25) 314
(21, 25) 177
(4, 39) 587
(43, 4) 264
(8, 34) 262
(7, 26) 461
(46, 19) 503
(29, 41) 86
(33, 46) 223
(16, 34) 139
(36, 45) 171
(22, 8) 496
(44, 29) 86
(9, 5) 449
(34, 7) 129
(15, 27) 231
(37, 10) 333
(24, 17) 322
(13, 17) 0
(52, 28) 210
(0, 10) 284
(38, 27) 128
(3, 7) 439
(28, 5) 504
(50, 22) 251
(31, 8) 249
(1, 45) 223
(40, 0) 26
(21, 34) 304
(4, 46) 301
(8, 41) 374
(7, 19) 454
(46, 26) 600
(29, 34) 31
(33, 39) 351
(16, 25) 315
(41, 39) 339
(22, 3) 204
(44, 20) 225
(9, 14) 310
(12, 45) 545
(34, 30) 36
(37, 51) 128
(24, 24) 0
(45, 51) 343
(10, 23) 469
(49, 48) 166
(13, 10) 240
(52, 27) 135
(0, 1) 349
(38, 18) 228
(3, 12) 479
(28, 28) 0
(50, 17) 364
(1, 38) 335
(40, 7) 221
(21, 43) 229
(4, 21) 42
(26, 38) 333
(7, 8) 144
(46, 29) 247
(16, 16) 0
(41, 40) 36
(22, 26) 552
(5, 50) 414
(44, 19) 234
(47, 6) 170
(12, 36) 374
(34, 25) 394
(24, 31) 352
(45, 44) 210
(10, 30) 272
(49, 41) 294
(13, 3) 249
(0, 24) 277
(38, 21) 257
(25, 0) 320
(28, 27) 76
(50, 8) 302
(14, 34) 181
(40, 14) 135
(21, 52) 277
(4, 28) 426
(26, 33) 382
(7, 1) 502
(46, 36) 220
(29, 52) 75
(33, 49) 247
(16, 23) 260
(19, 2) 331
(41, 17) 112
(22, 29) 264
(44, 10) 341
(47, 15) 488
(12, 35) 299
(34, 16) 139
(17, 40) 85
(37, 37) 0
(42, 48) 243
(45, 37) 215
(10, 25) 568
(49, 34) 252
(35, 19) 343
(0, 31) 112
(38, 12) 306
(25, 9) 469
(28, 18) 421
(50, 3) 417
(14, 37) 183
(1, 48) 260
(4, 27) 379
(26, 40) 333
(46, 47) 60
(29, 13) 122
(51, 32) 73
(16, 14) 82
(19, 11) 357
(41, 26) 360
(22, 20) 340
(5, 36) 300
(44, 1) 301
(9, 33) 150
(47, 20) 481
(30, 52) 111
(34, 43) 84
(17, 33) 141
(37, 46) 223
(23, 15) 400
(45, 30) 290
(10, 0) 284
(35, 24) 324
(0, 22) 261
(38, 7) 221
(25, 18) 238
(14, 44) 164
(1, 9) 449
(39, 28) 371
(4, 2) 46
(26, 51) 295
(29, 6) 158
(51, 41) 162
(16, 5) 354
(19, 16) 189
(2, 40) 273
(41, 3) 204
(22, 47) 205
(5, 45) 223
(9, 42) 213
(47, 29) 263
(34, 34) 0
(17, 26) 248
(42, 34) 110
(23, 4) 239
(45, 23) 132
(10, 11) 30
(13, 46) 364
(35, 1) 421
(25, 27) 437
(11, 24) 541
(1, 2) 93
(39, 21) 545
(4, 9) 354
(29, 31) 62
(51, 46) 314
(19, 25) 246
(2, 35) 344
(41, 4) 260
(22, 38) 239
(5, 22) 163
(27, 41) 153
(47, 26) 615
(30, 38) 106
(17, 19) 191
(42, 45) 204
(23, 29) 175
(45, 16) 293
(10, 50) 525
(32, 11) 254
(13, 39) 227
(35, 6) 122
(18, 50) 493
(38, 49) 306
(25, 28) 504
(11, 17) 223
(50, 44) 272
(1, 27) 445
(39, 18) 299
(26, 5) 584
(48, 26) 608
(29, 24) 290
(15, 37) 256
(19, 30) 328
(41, 13) 112
(5, 31) 442
(27, 46) 243
(47, 35) 255
(30, 41) 134
(34, 52) 105
(17, 20) 185
(20, 7) 446
(42, 20) 231
(23, 26) 527
(45, 9) 249
(32, 2) 369
(13, 32) 166
(35, 15) 241
(18, 45) 379
(38, 40) 0
(11, 22) 524
(50, 39) 563
(14, 1) 430
(36, 22) 178
(1, 28) 504
(39, 11) 116
(26, 12) 156
(48, 17) 361
(29, 17) 122
(15, 34) 241
(19, 39) 295
(22, 48) 106
(5, 24) 118
(27, 39) 324
(47, 40) 287
(30, 16) 139
(52, 37) 85
(17, 13) 0
(20, 14) 201
(42, 31) 144
(23, 19) 412
(6, 41) 217
(45, 2) 131
(10, 36) 374
(32, 25) 437
(31, 51) 39
(35, 52) 122
(18, 36) 274
(38, 35) 112
(43, 52) 71
(8, 18) 567
(11, 15) 98
(14, 8) 386
(36, 29) 86
(1, 21) 118
(39, 0) 283
(26, 23) 527
(48, 8) 450
(51, 5) 463
(15, 43) 259
(19, 44) 234
(2, 12) 572
(24, 33) 257
(5, 1) 0
(47, 49) 54
(30, 27) 24
(52, 44) 57
(17, 6) 280
(20, 21) 323
(42, 6) 213
(23, 40) 199
(6, 32) 130
(10, 47) 553
(32, 16) 163
(18, 31) 318
(40, 48) 277
(43, 45) 201
(8, 25) 653
(11, 4) 579
(14, 19) 204
(36, 4) 238
(26, 30) 349
(48, 15) 493
(12, 29) 298
(51, 10) 212
(15, 48) 493
(2, 7) 416
(24, 40) 257
(5, 10) 619
(30, 2) 356
(52, 43) 71
(20, 28) 421
(42, 1) 299
(23, 33) 145
(6, 27) 130
(28, 44) 224
(32, 23) 193
(31, 33) 97
(35, 34) 21
(18, 22) 340
(43, 34) 84
(8, 0) 359
(33, 8) 307
(14, 26) 199
(36, 3) 230
(26, 25) 512
(48, 6) 247
(12, 20) 361
(51, 19) 314
(2, 30) 356
(24, 47) 251
(27, 10) 282
(49, 25) 471
(30, 5) 430
(52, 50) 307
(0, 40) 26
(20, 27) 345
(3, 37) 271
(42, 8) 372
(6, 18) 440
(28, 43) 194
(32, 46) 243
(31, 46) 275
(35, 43) 105
(18, 17) 185
(21, 4) 42
(43, 27) 127
(8, 7) 144
(7, 49) 219
(11, 50) 497
(33, 1) 352
(14, 29) 157
(36, 10) 374
(39, 47) 583
(12, 19) 360
(51, 24) 379
(15, 6) 361
(37, 21) 257
(2, 25) 158
(27, 3) 357
(49, 18) 513
(30, 12) 272
(0, 47) 312
(20, 34) 318
(3, 42) 206
(6, 21) 336
(28, 34) 112
(32, 37) 93
(31, 23) 218
(18, 8) 567
(40, 37) 63
(21, 13) 322
(43, 16) 106
(8, 14) 386
(7, 46) 195
(11, 43) 321
(33, 26) 382
(36, 49) 242
(39, 36) 382
(44, 49) 294
(9, 17) 280
(48, 52) 303
(12, 10) 0
(15, 15) 0
(37, 30) 80
(2, 16) 305
(27, 24) 348
(49, 11) 523
(52, 0) 0
(0, 38) 26
(20, 41) 225
(3, 19) 173
(25, 34) 394
(6, 12) 408
(31, 28) 106
(18, 3) 164
(40, 44) 36
(21, 22) 46
(4, 50) 301
(43, 9) 182
(7, 39) 413
(46, 6) 124
(11, 32) 254
(33, 19) 298
(41, 51) 162
(44, 40) 36
(9, 26) 497
(48, 43) 234
(12, 1) 619
(15, 20) 260
(37, 7) 168
(24, 4) 42
(27, 17) 166
(49, 12) 551
(13, 30) 142
(52, 15) 193
(20, 48) 428
(3, 24) 175
(25, 43) 311
(6, 7) 74
(28, 48) 339
(32, 51) 73
(31, 5) 442
(40, 19) 236
(21, 31) 352
(43, 14) 179
(7, 28) 42
(46, 9) 124
(29, 47) 263
(33, 20) 290
(16, 44) 84
(36, 39) 382
(41, 52) 57
(44, 39) 339
(9, 3) 405
(48, 34) 277
(34, 13) 150
(15, 29) 225
(37, 0) 85
(24, 11) 541
(27, 22) 318
(49, 5) 420
(13, 23) 283
(52, 22) 261
(0, 52) 0
(3, 1) 157
(25, 44) 284
(28, 15) 283
(50, 28) 230
(31, 2) 371
(1, 43) 319
(40, 26) 333
(21, 24) 0
(4, 32) 379
(43, 7) 205
(8, 35) 242
(7, 21) 393
(46, 16) 344
(29, 40) 62
(33, 45) 215
(16, 35) 154
(36, 46) 220
(22, 9) 294
(44, 30) 134
(9, 4) 354
(34, 4) 336
(15, 26) 137
(37, 9) 150
(24, 18) 323
(13, 16) 29
(52, 29) 75
(0, 11) 264
(38, 24) 257
(3, 6) 405
(28, 6) 106
(50, 23) 92
(31, 11) 224
(1, 44) 301
(40, 1) 335
(21, 33) 257
(4, 47) 250
(8, 42) 372
(7, 18) 446
(46, 27) 243
(29, 33) 36
(33, 38) 63
(16, 26) 276
(41, 38) 36
(22, 0) 261
(44, 21) 222
(9, 13) 280
(12, 46) 525
(34, 31) 56
(37, 50) 223
(24, 25) 177
(45, 50) 193
(10, 20) 361
(13, 9) 280
(0, 2) 291
(38, 19) 236
(3, 15) 374
(28, 29) 140
(50, 14) 404
(1, 37) 352
(40, 8) 353
(21, 42) 218
(4, 22) 62
(26, 39) 60
(7, 11) 325
(46, 34) 227
(16, 17) 29
(41, 47) 269
(22, 27) 318
(5, 49) 420
(44, 12) 341
(47, 1) 367
(12, 37) 333
(34, 22) 274
(45, 43) 201
(10, 31) 251
(49, 40) 306
(13, 2) 334
(0, 25) 320
(38, 10) 306
(25, 7) 510
(28, 20) 421
(50, 9) 124
(14, 35) 188
(40, 15) 217
(21, 51) 379
(4, 29) 324
(26, 46) 600
(7, 0) 233
(46, 37) 223
(29, 51) 92
(33, 48) 243
(16, 8) 385
(19, 5) 329
(41, 16) 84
(22, 18) 340
(44, 11) 320
(47, 14) 416
(30, 50) 255
(34, 17) 150
(17, 47) 371
(37, 36) 53
(42, 49) 287
(45, 36) 171
(10, 6) 408
(49, 33) 247
(35, 18) 335
(0, 16) 37
(38, 13) 85
(25, 8) 653
(28, 19) 428
(50, 0) 307
(14, 42) 170
(4, 4) 0
(26, 41) 360
(46, 44) 272
(29, 12) 298
(51, 35) 87
(16, 15) 170
(19, 10) 360
(2, 46) 322
(41, 25) 284
(22, 21) 46
(5, 35) 421
(44, 2) 237
(9, 32) 130
(47, 23) 89
(34, 40) 92
(17, 32) 166
(37, 45) 215
(23, 14) 328
(45, 29) 251
(10, 1) 619
(13, 52) 59
(35, 27) 25
(0, 23) 224
(38, 4) 295
(25, 17) 338
(14, 45) 374
(1, 8) 645
(39, 31) 289
(4, 3) 211
(26, 48) 608
(29, 5) 381
(51, 40) 128
(16, 6) 267
(19, 19) 0
(2, 41) 237
(41, 2) 237
(22, 44) 205
(5, 44) 301
(9, 41) 217
(47, 28) 275
(34, 35) 21
(17, 25) 338
(42, 35) 131
(23, 7) 187
(45, 22) 61
(10, 8) 384
(13, 45) 322
(35, 0) 122
(25, 26) 512
(11, 27) 254
(50, 50) 0
(14, 52) 109
(1, 1) 0
(39, 20) 299
(4, 10) 599
(29, 30) 49
(51, 49) 340
(19, 24) 334
(2, 32) 369
(41, 11) 320
(22, 39) 539
(5, 21) 118
(27, 40) 128
(47, 37) 233
(30, 39) 308
(17, 18) 185
(42, 42) 0
(23, 28) 209
(45, 15) 458
(10, 51) 212
(32, 12) 282
(13, 38) 85
(35, 9) 122
(18, 51) 308
(11, 16) 251
(50, 45) 193
(1, 26) 584
(39, 13) 227
(26, 2) 560
(48, 27) 314
(29, 23) 175
(15, 36) 289
(19, 33) 298
(41, 12) 341
(5, 30) 430
(27, 33) 93
(47, 34) 249
(30, 46) 255
(17, 11) 223
(20, 0) 213
(42, 21) 218
(23, 21) 226
(45, 8) 453
(32, 3) 357
(35, 14) 188
(18, 42) 231
(38, 41) 36
(11, 9) 379
(50, 36) 220
(14, 6) 310
(36, 23) 132
(1, 19) 329
(39, 10) 97
(26, 13) 248
(48, 18) 428
(29, 16) 109
(15, 45) 458
(19, 38) 236
(2, 50) 322
(22, 49) 257
(5, 7) 502
(27, 38) 128
(47, 43) 242
(30, 17) 142
(52, 38) 26
(17, 12) 240
(20, 15) 260
(3, 49) 431
(42, 28) 222
(23, 18) 403
(6, 46) 124
(45, 1) 223
(10, 37) 333
(32, 26) 367
(31, 50) 275
(18, 37) 290
(38, 32) 128
(8, 19) 573
(11, 14) 176
(14, 9) 310
(36, 30) 132
(1, 20) 320
(39, 3) 438
(26, 20) 278
(48, 9) 247
(51, 4) 414
(15, 42) 254
(19, 47) 491
(2, 13) 334
(24, 34) 304
(5, 0) 349
(47, 48) 112
(30, 24) 337
(52, 45) 266
(17, 5) 381
(20, 22) 340
(42, 7) 234
(23, 43) 155
(6, 33) 150
(10, 44) 341
(32, 17) 166
(18, 28) 421
(40, 49) 306
(43, 44) 35
(8, 26) 521
(11, 7) 325
(14, 16) 82
(36, 5) 300
(26, 31) 331
(48, 0) 303
(12, 30) 272
(51, 13) 123
(15, 51) 158
(19, 52) 221
(2, 4) 46
(24, 41) 222
(5, 9) 449
(27, 52) 135
(30, 3) 337
(52, 52) 0
(20, 29) 288
(42, 14) 170
(23, 32) 193
(6, 24) 336
(28, 45) 330
(32, 40) 128
(31, 32) 36
(35, 37) 69
(18, 23) 403
(43, 37) 37
(8, 1) 645
(33, 15) 256
(14, 27) 186
(36, 12) 374
(39, 49) 588
(48, 7) 318
(12, 21) 560
(51, 18) 308
(2, 31) 371
(24, 48) 148
(27, 13) 166
(49, 24) 303
(30, 10) 272
(52, 51) 119
(0, 41) 57
(20, 36) 274
(3, 36) 230
(42, 9) 213
(6, 19) 448
(28, 36) 206
(32, 47) 274
(31, 41) 143
(35, 42) 131
(18, 14) 201
(21, 3) 175
(43, 26) 378
(8, 8) 0
(7, 48) 318
(33, 0) 85
(36, 11) 351
(39, 46) 563
(12, 12) 0
(51, 27) 73
(15, 1) 517
(37, 20) 290
(2, 22) 71
(27, 2) 369
(49, 17) 388
(30, 13) 142
(0, 32) 135
(20, 35) 335
(3, 45) 257
(6, 10) 408
(28, 35) 91
(32, 38) 128
(31, 22) 326
(18, 9) 440
(40, 38) 0
(21, 12) 560
(4, 52) 315
(43, 19) 269
(8, 15) 391
(7, 41) 238
(11, 42) 324
(33, 25) 347
(36, 50) 220
(39, 39) 0
(44, 50) 272
(9, 16) 267
(12, 11) 30
(15, 14) 88
(37, 29) 36
(2, 17) 334
(27, 27) 0
(49, 10) 551
(52, 1) 349
(0, 39) 283
(20, 42) 231
(3, 18) 164
(25, 33) 347
(6, 13) 280
(31, 31) 0
(18, 0) 213
(40, 45) 241
(21, 21) 0
(4, 51) 414
(43, 8) 344
(7, 38) 221
(46, 7) 195
(11, 35) 272
(33, 18) 290
(41, 50) 272
(44, 41) 0
(9, 25) 469
(48, 44) 249
(12, 2) 572
(15, 23) 400
(37, 6) 150
(24, 5) 118
(27, 16) 163
(49, 3) 431
(13, 29) 122
(52, 8) 359
(20, 49) 513
(3, 27) 357
(25, 42) 285
(6, 4) 354
(28, 49) 255
(32, 52) 135
(31, 4) 386
(40, 20) 228
(21, 30) 337
(43, 1) 319
(7, 31) 138
(46, 14) 404
(29, 46) 247
(33, 43) 37
(16, 45) 293
(36, 32) 145
(44, 32) 153
(9, 2) 360
(48, 35) 290
(34, 10) 306
(15, 28) 283
(37, 15) 256
(24, 12) 560
(49, 4) 303
(13, 22) 312
(52, 23) 224
(3, 0) 234
(25, 51) 439
(28, 8) 151
(50, 29) 247
(31, 13) 135
(1, 42) 299
(40, 27) 128
(21, 39) 545
(4, 33) 290
(43, 6) 182
(8, 36) 353
(7, 20) 446
(46, 17) 364
(29, 39) 320
(33, 44) 70
(16, 36) 133
(36, 47) 217
(22, 14) 365
(44, 31) 143
(9, 11) 379
(12, 48) 576
(34, 5) 400
(37, 8) 307
(24, 19) 334
(13, 15) 141
(52, 30) 111
(0, 12) 284
(38, 25) 314
(3, 9) 405
(25, 52) 320
(28, 7) 42
(50, 20) 493
(31, 10) 251
(1, 35) 421
(40, 2) 273
(21, 32) 348
(4, 40) 295
(8, 43) 344
(7, 13) 270
(46, 24) 297
(29, 32) 68
(33, 37) 0
(16, 27) 163
(41, 37) 70
(22, 1) 163
(44, 22) 205
(9, 12) 408
(12, 47) 553
(34, 28) 112
(37, 49) 247
(24, 26) 554
(45, 49) 197
(10, 21) 560
(13, 8) 383
(0, 3) 234
(38, 16) 62
(3, 14) 292
(28, 30) 100
(50, 15) 468
(1, 36) 300
(40, 9) 212
(21, 41) 222
(4, 23) 239
(26, 36) 406
(7, 10) 355
(46, 35) 228
(16, 18) 182
(41, 46) 272
(22, 24) 46
(5, 48) 260
(44, 13) 112
(47, 0) 312
(12, 38) 306
(34, 23) 163
(45, 42) 204
(10, 28) 313
(49, 47) 54
(13, 1) 381
(0, 26) 307
(38, 11) 285
(25, 6) 469
(28, 21) 400
(50, 6) 124
(14, 32) 186
(21, 50) 297
(4, 30) 369
(26, 47) 615
(7, 3) 439
(46, 42) 266
(29, 50) 247
(16, 9) 267
(19, 4) 374
(41, 23) 184
(22, 19) 350
(44, 4) 260
(47, 9) 170
(30, 51) 60
(34, 46) 227
(17, 46) 364
(37, 35) 69
(45, 35) 270
(10, 7) 355
(49, 32) 269
(35, 21) 324
(0, 17) 59
(38, 2) 273
(25, 15) 463
(50, 1) 414
(14, 43) 179
(4, 5) 122
(46, 45) 193
(29, 11) 273
(51, 34) 94
(16, 0) 37
(19, 13) 191
(2, 47) 275
(41, 24) 222
(22, 42) 200
(5, 34) 400
(44, 3) 204
(9, 39) 454
(47, 22) 205
(34, 41) 112
(17, 39) 227
(37, 44) 70
(23, 9) 118
(45, 28) 330
(10, 14) 189
(13, 51) 123
(35, 26) 376
(38, 5) 335
(25, 16) 315
(14, 50) 404
(1, 15) 517
(39, 30) 308
(4, 12) 599
(26, 49) 625
(46, 52) 307
(29, 4) 324
(51, 43) 150
(16, 7) 265
(19, 18) 11
(2, 38) 273
(41, 1) 301
(22, 45) 61
(5, 43) 319
(9, 40) 212
(47, 31) 302
(34, 32) 45
(17, 24) 322
(42, 32) 152
(23, 6) 118
(45, 21) 107
(10, 9) 408
(13, 44) 112
(35, 3) 337
(25, 25) 0
(11, 26) 176
(50, 51) 314
(1, 0) 349
(39, 23) 495
(4, 11) 579
(29, 29) 0
(51, 48) 369
(19, 27) 352
(2, 33) 277
(41, 10) 341
(22, 36) 178
(5, 20) 320
(27, 43) 127
(47, 36) 217
(30, 36) 132
(17, 17) 0
(42, 43) 31
(23, 31) 218
(45, 14) 374
(10, 48) 576
(32, 13) 166
(13, 37) 141
(35, 8) 242
(18, 48) 428
(11, 19) 357
(50, 42) 266
(1, 25) 99
(39, 12) 97
(26, 3) 430
(48, 28) 339
(29, 22) 264
(15, 39) 95
(19, 32) 352
(5, 29) 381
(27, 32) 0
(47, 45) 144
(30, 47) 282
(34, 50) 227
(17, 10) 240
(20, 1) 320
(42, 18) 231
(23, 20) 403
(6, 52) 231
(45, 7) 315
(32, 4) 379
(31, 52) 112
(35, 49) 254
(18, 43) 260
(38, 46) 282
(43, 49) 263
(11, 8) 356
(50, 37) 223
(14, 7) 288
(36, 16) 133
(1, 18) 320
(39, 5) 588
(26, 10) 156
(48, 19) 438
(15, 44) 249
(19, 41) 234
(2, 51) 397
(5, 6) 449
(47, 42) 263
(30, 22) 308
(52, 39) 283
(17, 3) 249
(20, 8) 567
(3, 48) 306
(42, 29) 85
(23, 45) 132
(6, 47) 170
(45, 0) 266
(10, 34) 306
(32, 27) 0
(18, 34) 318
(38, 33) 63
(8, 20) 567
(11, 1) 604
(14, 14) 0
(36, 31) 148
(39, 2) 554
(26, 21) 554
(48, 10) 576
(51, 7) 168
(19, 46) 503
(2, 10) 572
(24, 35) 324
(5, 15) 517
(47, 51) 341
(30, 25) 418
(52, 46) 307
(17, 4) 362
(20, 23) 403
(42, 4) 256
(23, 42) 177
(6, 38) 212
(10, 45) 545
(32, 18) 345
(18, 29) 288
(40, 50) 282
(43, 47) 242
(8, 27) 225
(11, 6) 379
(14, 17) 53
(36, 6) 177
(26, 28) 420
(48, 1) 260
(12, 31) 251
(51, 12) 212
(15, 50) 468
(2, 5) 93
(24, 42) 218
(5, 8) 645
(30, 0) 111
(20, 30) 321
(42, 15) 254
(23, 35) 172
(6, 25) 469
(28, 46) 230
(32, 41) 153
(31, 35) 48
(35, 36) 121
(18, 20) 0
(43, 36) 30
(8, 2) 560
(33, 14) 183
(14, 24) 375
(36, 13) 158
(39, 48) 586
(12, 22) 545
(51, 21) 379
(2, 28) 422
(24, 49) 303
(27, 12) 282
(49, 31) 301
(30, 11) 245
(0, 42) 62
(20, 37) 290
(3, 39) 438
(6, 16) 267
(28, 37) 157
(32, 32) 0
(31, 40) 113
(35, 45) 270
(18, 15) 260
(40, 32) 128
(21, 2) 25
(43, 29) 62
(8, 9) 204
(7, 51) 168
(11, 52) 264
(33, 7) 168
(36, 52) 99
(39, 41) 339
(44, 52) 57
(12, 13) 240
(51, 26) 295
(15, 0) 193
(37, 19) 298
(2, 23) 250
(27, 5) 445
(49, 16) 367
(0, 33) 85
(20, 44) 225
(3, 44) 204
(23, 49) 111
(6, 11) 379
(32, 39) 324
(31, 17) 135
(18, 6) 440
(40, 39) 309
(21, 11) 541
(43, 18) 260
(8, 48) 450
(7, 40) 221
(11, 45) 521
(33, 24) 257
(16, 48) 333
(36, 51) 177
(39, 38) 309
(44, 51) 162
(9, 23) 118
(12, 4) 599
(15, 9) 361
(37, 28) 157
(27, 26) 367
(49, 9) 149
(52, 2) 291
(20, 43) 260
(3, 21) 175
(25, 32) 437
(6, 2) 360
(31, 30) 21
(18, 1) 320
(40, 46) 282
(21, 20) 323
(43, 11) 321
(7, 33) 168
(46, 4) 301
(11, 34) 279
(33, 17) 141
(41, 49) 294
(44, 42) 7
(9, 24) 336
(48, 45) 49
(12, 3) 479
(15, 22) 452
(37, 5) 352
(24, 6) 336
(27, 19) 352
(49, 2) 328
(13, 28) 241
(52, 9) 231
(20, 50) 493
(3, 26) 430
(25, 41) 284
(6, 5) 449
(28, 50) 230
(31, 7) 138
(40, 21) 257
(21, 29) 290
(43, 0) 71
(7, 30) 128
(46, 15) 468
(29, 45) 251
(33, 42) 66
(16, 46) 344
(36, 33) 53
(44, 33) 70
(9, 1) 449
(48, 36) 204
(34, 11) 279
(15, 31) 195
(37, 14) 183
(24, 13) 322
(13, 21) 322
(52, 16) 37
(3, 3) 0
(25, 50) 461
(28, 9) 106
(50, 26) 600
(31, 12) 251
(1, 41) 301
(40, 28) 202
(21, 38) 257
(4, 34) 336
(8, 37) 307
(7, 23) 187
(46, 22) 251
(29, 38) 62
(33, 35) 69
(16, 37) 122
(36, 40) 74
(41, 35) 133
(22, 15) 452
(44, 24) 222
(9, 10) 408
(12, 49) 551
(34, 2) 324
(24, 20) 323
(13, 14) 53
(52, 31) 112
(0, 13) 59
(38, 30) 106
(3, 8) 578
(28, 0) 210
(50, 21) 297
(1, 34) 400
(40, 3) 231
(21, 47) 251
(4, 41) 260
(8, 44) 374
(7, 12) 355
(46, 25) 461
(33, 36) 53
(16, 28) 239
(41, 36) 52
(22, 6) 294
(44, 23) 184
(9, 51) 203
(12, 40) 306
(34, 29) 31
(17, 51) 123
(37, 48) 243
(24, 27) 348
(45, 48) 49
(10, 18) 361
(13, 7) 270
(0, 4) 315
(38, 17) 85
(28, 31) 106
(50, 12) 525
(40, 10) 306
(21, 40) 257
(4, 16) 333
(26, 37) 382
(7, 5) 502
(46, 32) 243
(16, 19) 189
(41, 45) 210
(22, 25) 219
(44, 14) 164
(9, 52) 231
(47, 3) 387
(12, 39) 97
(34, 20) 318
(17, 52) 59
(42, 52) 62
(45, 41) 210
(10, 29) 298
(49, 46) 26
(13, 0) 59
(0, 27) 135
(38, 8) 353
(25, 5) 99
(28, 22) 364
(50, 7) 195
(14, 33) 183
(21, 49) 303
(4, 31) 386
(26, 44) 360
(7, 2) 416
(46, 43) 240
(29, 49) 272
(16, 10) 268
(19, 7) 454
(41, 22) 205
(22, 16) 283
(44, 5) 301
(47, 8) 360
(30, 48) 313
(34, 47) 249
(17, 45) 322
(37, 34) 48
(45, 34) 254
(10, 4) 599
(49, 39) 588
(35, 20) 335
(0, 18) 213
(38, 3) 231
(25, 14) 381
(14, 40) 135
(4, 6) 354
(46, 50) 0
(29, 10) 298
(51, 37) 128
(16, 1) 354
(19, 12) 360
(2, 44) 237
(41, 31) 143
(22, 43) 206
(5, 33) 352
(9, 38) 212
(47, 17) 371
(34, 38) 92
(17, 38) 85
(37, 43) 37
(42, 38) 39
(23, 8) 322
(45, 27) 295
(10, 15) 105
(13, 50) 364
(35, 29) 50
(25, 23) 377
(14, 51) 125
(1, 14) 430
(39, 25) 524
(4, 13) 362
(29, 3) 290
(51, 42) 164
(19, 21) 334
(2, 39) 554
(41, 0) 57
(22, 34) 274
(5, 42) 299
(9, 47) 170
(47, 30) 282
(30, 34) 36
(34, 33) 48
(17, 31) 135
(42, 33) 66
(23, 1) 342
(45, 20) 379
(13, 43) 130
(35, 2) 344
(25, 24) 177
(11, 29) 273
(50, 48) 168
(1, 7) 502
(39, 22) 539
(29, 28) 140
(51, 51) 0
(19, 26) 273
(41, 9) 217
(22, 37) 229
(5, 19) 329
(27, 42) 152
(47, 39) 583
(30, 37) 80
(17, 16) 29
(42, 40) 39
(23, 30) 197
(6, 50) 124
(45, 13) 322
(10, 49) 551
(32, 14) 186
(13, 36) 158
(35, 11) 272
(18, 49) 513
(38, 52) 26
(11, 18) 358
(50, 43) 240
(1, 24) 118
(39, 15) 95
(26, 0) 307
(48, 29) 278
(29, 21) 290
(15, 38) 217
(19, 35) 343
(5, 28) 504
(27, 35) 25
(47, 44) 269
(30, 44) 134
(34, 51) 94
(17, 9) 280
(20, 2) 321
(42, 19) 240
(23, 23) 0
(45, 6) 249
(32, 5) 445
(35, 48) 290
(18, 40) 228
(38, 47) 287
(43, 48) 234
(11, 11) 0
(50, 34) 227
(14, 4) 415
(36, 17) 158
(1, 17) 381
(39, 4) 587
(26, 11) 176
(48, 20) 428
(51, 1) 463
(15, 47) 488
(19, 40) 236
(2, 48) 171
(5, 5) 0
(30, 23) 197
(52, 32) 135
(17, 2) 334
(20, 9) 440
(3, 51) 353
(42, 26) 366
(23, 44) 184
(6, 44) 217
(10, 35) 299
(32, 28) 76
(18, 35) 335
(38, 38) 0
(43, 41) 35
(8, 21) 536
(11, 0) 264
(14, 15) 88
(36, 24) 205
(26, 18) 278
(48, 11) 551
(51, 6) 203
(15, 52) 193
(19, 49) 523
(2, 11) 554
(24, 36) 205
(5, 14) 430
(27, 49) 269
(47, 50) 60
(30, 30) 0
(52, 47) 312
(20, 16) 182
(42, 5) 299
(23, 37) 145
(6, 39) 454
(10, 42) 345
(32, 19) 352
(31, 37) 97
(18, 26) 278
(40, 51) 128
(43, 46) 240
(8, 28) 151
(14, 22) 365
(36, 7) 210
(26, 29) 354
(48, 2) 171
(12, 24) 560
(51, 15) 158
(2, 2) 0
(24, 43) 229
(30, 1) 430
(20, 31) 318
(3, 33) 271
(42, 12) 345
(23, 34) 163
(6, 30) 148
(28, 47) 275
(32, 42) 152
(31, 34) 56
(35, 39) 335
(18, 21) 323
(43, 39) 352
(8, 3) 578
(33, 13) 141
(14, 25) 381
(36, 14) 208
(39, 51) 251
(12, 23) 469
(51, 20) 308
(2, 29) 309
(24, 50) 297
(27, 15) 231
(49, 30) 281
(30, 8) 248
(0, 43) 71
(20, 38) 228
(3, 38) 231
(6, 17) 280
(28, 38) 202
(32, 33) 93
(31, 43) 124
(35, 44) 133
(18, 12) 361
(40, 33) 63
(21, 1) 118
(43, 28) 194
(8, 10) 384
(7, 50) 195
(33, 6) 150
(39, 40) 309
(48, 48) 0
(12, 14) 189
(51, 29) 92
(15, 3) 374
(37, 18) 290
(2, 20) 321
(27, 4) 379
(49, 23) 111
(52, 4) 315
(0, 34) 105
(20, 45) 379
(3, 47) 387
(23, 48) 131
(6, 8) 204
(31, 16) 136
(18, 7) 446
(40, 40) 0
(21, 10) 560
(43, 21) 229
(8, 49) 320
(7, 43) 205
(46, 2) 322
(11, 44) 320
(33, 31) 97
(16, 49) 367
(39, 33) 351
(44, 44) 0
(9, 22) 294
(12, 5) 619
(15, 8) 391
(37, 27) 93
(24, 0) 277
(27, 29) 68
(49, 8) 320
(52, 3) 234
(20, 52) 213
(3, 20) 164
(25, 39) 524
(6, 3) 405
(28, 52) 210
(31, 25) 427
(40, 47) 287
(21, 19) 334
(43, 10) 344
(7, 32) 104
(46, 5) 414
(11, 37) 308
(33, 16) 122
(16, 40) 62
(41, 48) 249
(44, 43) 35
(9, 31) 166
(48, 46) 168
(15, 17) 141
(37, 4) 290
(24, 7) 393
(27, 18) 345
(49, 1) 420
(13, 27) 166
(52, 10) 284
(0, 48) 303
(20, 51) 308
(3, 29) 290
(25, 40) 314
(28, 51) 130
