General parameters 

15 63 720 750


Customer schedules 

0 0	0 [0,720]	
1 75	1 [0,46]	2 [191,264]	3 [409,430]	4 [504,602]	5 [682,720]	
2 52	6 [0,1]	7 [80,139]	8 [373,415]	9 [475,489]	10 [647,720]	
3 51	11 [0,720]	
4 29	12 [0,4]	13 [107,111]	14 [306,560]	15 [674,720]	
5 47	16 [0,35]	17 [81,315]	18 [387,393]	19 [420,720]	
6 47	20 [0,40]	21 [71,253]	22 [399,404]	23 [541,587]	24 [612,653]	25 [690,720]	
7 49	26 [0,720]	
8 64	27 [0,20]	28 [78,142]	29 [220,329]	30 [391,436]	31 [493,720]	
9 51	32 [0,45]	33 [60,80]	34 [135,170]	35 [172,399]	36 [457,571]	37 [575,720]	
10 53	38 [0,15]	39 [116,120]	40 [351,353]	41 [600,602]	42 [708,720]	
11 48	43 [0,91]	44 [145,178]	45 [275,358]	46 [459,519]	47 [660,720]	
12 40	48 [0,21]	49 [27,35]	50 [75,159]	51 [281,422]	52 [562,720]	
13 57	53 [0,58]	54 [254,290]	55 [551,556]	56 [683,720]	
14 58	57 [0,112]	58 [233,240]	59 [363,495]	60 [505,720]	
15 29	61 [0,720]	
16 0	62 [0,720]	


Location coordinates

0 	 0.0 0.0
1 	 -16.289416621 -67.6834834203
2 	 56.2532144748 -69.2578896847
3 	 -14.1870798974 -52.9823885101
4 	 22.574492206 -57.980851672
5 	 -16.289416621 -67.6834834203
6 	 32.2839185697 -0.802938568322
7 	 -6.78723062505 -5.68872101662
8 	 104.176465928 -42.3455818347
9 	 110.365389878 -12.92023567
10 	 32.2839185697 -0.802938568322
11 	 -31.9655938151 -20.3051117806
12 	 -14.5949040015 19.1364080626
13 	 -57.7078226465 -9.25363002844
14 	 -10.4808019598 76.2279521551
15 	 -14.5949040015 19.1364080626
16 	 142.989453624 22.4091379457
17 	 156.141387273 3.65131718547
18 	 137.601196021 34.7740008891
19 	 142.989453624 22.4091379457
20 	 2.29964167791 -2.57845262884
21 	 2.96105105681 12.7763915194
22 	 73.5108633682 -6.4869676261
23 	 4.91896723279 -8.768345145
24 	 15.1757240844 -15.5994881676
25 	 2.29964167791 -2.57845262884
26 	 -32.1824702832 139.093712237
27 	 -0.911724038009 3.03035573664
28 	 17.1282250862 25.6983610993
29 	 -7.04456023971 -5.09460313557
30 	 23.3566253986 -11.7090887706
31 	 -0.911724038009 3.03035573664
32 	 -16.4415450486 -41.8633984681
33 	 -9.85374519095 -45.0702713541
34 	 12.4155897465 -28.9012896547
35 	 11.653012294 -28.1089341402
36 	 -14.6382934583 -40.812524617
37 	 -16.4415450486 -41.8633984681
38 	 -47.5257401183 65.2347557408
39 	 -63.0780252326 17.2328264044
40 	 -85.5979985797 130.698385684
41 	 -50.9922403836 12.1974856666
42 	 -47.5257401183 65.2347557408
43 	 -35.2727060808 162.005644099
44 	 -8.88119517924 166.802719642
45 	 -27.9202784068 121.985596166
46 	 22.770881803 122.341797788
47 	 -35.2727060808 162.005644099
48 	 76.0002567646 -54.1646257802
49 	 77.3666438012 -51.6681319363
50 	 68.7476764304 -69.877067444
51 	 7.80096513036 -69.6131392372
52 	 76.0002567646 -54.1646257802
53 	 -11.6219882222 101.520696886
54 	 -72.2891312988 24.6514353909
55 	 47.0501724498 77.5566283235
56 	 -11.6219882222 101.520696886
57 	 11.230377127 8.68850457301
58 	 5.29130983859 -51.3654896731
59 	 16.379445541 8.92172309327
60 	 11.230377127 8.68850457301
61 	 -41.5747462216 22.0260583138
62 	 0.0 0.0


Travel time matrix 

(32, 54) 174
(31, 6) 67
(53, 53) 0
(57, 50) 195
(40, 22) 420
(21, 28) 38
(4, 36) 82
(43, 3) 432
(7, 25) 19
(46, 12) 220
(29, 44) 344
(33, 41) 141
(16, 47) 453
(36, 34) 59
(58, 19) 312
(41, 57) 125
(61, 38) 87
(44, 34) 394
(9, 0) 222
(48, 37) 187
(12, 59) 65
(34, 8) 185
(15, 30) 98
(37, 13) 105
(24, 14) 191
(62, 31) 6
(45, 61) 202
(49, 58) 144
(13, 20) 121
(52, 17) 198
(0, 55) 181
(20, 58) 98
(3, 2) 145
(25, 49) 179
(28, 10) 61
(50, 27) 202
(31, 15) 42
(53, 62) 204
(1, 40) 420
(57, 59) 10
(40, 29) 313
(21, 37) 116
(4, 35) 64
(8, 38) 372
(7, 22) 161
(46, 23) 265
(29, 37) 76
(33, 34) 55
(16, 38) 391
(36, 41) 129
(58, 26) 388
(41, 34) 151
(22, 12) 183
(44, 25) 339
(9, 9) 0
(12, 50) 244
(34, 3) 72
(17, 57) 290
(37, 54) 174
(59, 9) 193
(24, 21) 62
(62, 6) 65
(45, 54) 214
(49, 51) 144
(13, 13) 0
(52, 24) 144
(0, 14) 154
(38, 31) 155
(3, 11) 74
(25, 58) 98
(28, 1) 198
(50, 18) 251
(53, 7) 214
(1, 33) 47
(57, 60) 0
(40, 4) 434
(21, 46) 223
(4, 42) 283
(8, 45) 421
(7, 15) 52
(46, 30) 268
(29, 62) 17
(33, 59) 120
(16, 29) 305
(54, 46) 273
(58, 37) 47
(41, 43) 301
(22, 7) 161
(5, 53) 339
(61, 56) 170
(44, 16) 419
(9, 50) 141
(47, 5) 461
(12, 41) 74
(34, 26) 347
(17, 50) 228
(59, 14) 145
(24, 28) 83
(62, 9) 222
(45, 47) 81
(10, 19) 226
(49, 52) 6
(13, 6) 181
(0, 5) 139
(38, 22) 281
(25, 3) 106
(28, 24) 83
(50, 13) 280
(53, 0) 204
(1, 58) 54
(40, 11) 320
(21, 55) 157
(4, 17) 294
(26, 34) 347
(7, 4) 120
(46, 33) 341
(29, 55) 197
(33, 60) 115
(16, 20) 286
(54, 33) 187
(19, 1) 366
(58, 44) 437
(41, 44) 320
(22, 30) 101
(5, 62) 139
(61, 49) 280
(44, 15) 295
(9, 59) 193
(47, 2) 497
(12, 32) 122
(34, 21) 85
(17, 43) 497
(37, 56) 287
(59, 7) 55
(42, 53) 102
(62, 48) 187
(45, 40) 117
(10, 26) 308
(49, 45) 406
(0, 28) 62
(38, 9) 352
(25, 4) 118
(28, 23) 73
(50, 4) 95
(14, 38) 77
(53, 9) 335
(1, 51) 48
(21, 48) 198
(4, 24) 86
(26, 45) 35
(46, 40) 217
(29, 48) 193
(33, 53) 293
(16, 11) 360
(54, 56) 196
(19, 6) 226
(58, 55) 271
(41, 21) 108
(22, 17) 167
(5, 39) 194
(44, 6) 345
(9, 60) 203
(47, 11) 365
(30, 49) 134
(34, 44) 394
(17, 44) 464
(56, 1) 339
(37, 33) 15
(59, 28) 34
(42, 60) 163
(62, 59) 37
(45, 33) 336
(10, 5) 165
(49, 38) 342
(13, 56) 240
(35, 23) 41
(0, 19) 289
(38, 0) 161
(25, 13) 121
(14, 41) 152
(53, 18) 327
(1, 52) 187
(21, 57) 18
(4, 7) 120
(26, 52) 443
(46, 51) 385
(29, 9) 235
(51, 36) 73
(16, 2) 252
(54, 51) 247
(19, 15) 315
(2, 45) 418
(58, 62) 103
(41, 30) 156
(22, 40) 420
(5, 32) 52
(9, 37) 260
(47, 16) 453
(30, 56) 237
(34, 39) 177
(17, 37) 357
(56, 8) 369
(37, 42) 223
(59, 21) 28
(42, 39) 101
(23, 11) 77
(62, 34) 63
(45, 26) 35
(10, 12) 101
(13, 49) 283
(35, 28) 108
(18, 60) 258
(38, 59) 170
(60, 12) 55
(25, 22) 143
(50, 54) 339
(14, 48) 313
(53, 27) 198
(1, 13) 143
(39, 24) 169
(4, 14) 276
(46, 58) 349
(29, 2) 180
(51, 45) 390
(54, 10) 215
(19, 20) 286
(2, 36) 153
(58, 57) 121
(41, 7) 95
(22, 35) 131
(5, 41) 174
(9, 46) 322
(47, 25) 337
(30, 35) 40
(34, 62) 63
(17, 30) 267
(56, 15) 165
(55, 41) 236
(59, 42) 170
(42, 46) 181
(23, 0) 20
(6, 56) 223
(62, 37) 90
(45, 19) 395
(10, 55) 159
(32, 8) 241
(13, 42) 150
(35, 5) 97
(18, 55) 200
(38, 50) 357
(60, 11) 103
(25, 31) 13
(11, 28) 134
(50, 49) 40
(14, 59) 145
(1, 6) 165
(39, 17) 439
(26, 6) 308
(46, 61) 238
(29, 27) 20
(51, 50) 122
(54, 13) 74
(19, 29) 305
(41, 8) 329
(22, 58) 163
(5, 18) 369
(27, 45) 244
(47, 38) 195
(30, 42) 209
(34, 57) 75
(17, 23) 303
(56, 22) 275
(55, 38) 191
(20, 4) 118
(59, 35) 75
(42, 41) 106
(23, 25) 13
(6, 51) 146
(62, 44) 334
(45, 12) 207
(10, 62) 65
(32, 15) 122
(13, 35) 144
(35, 10) 68
(18, 46) 289
(38, 53) 102
(60, 2) 180
(43, 58) 434
(11, 21) 96
(50, 40) 506
(14, 2) 320
(1, 31) 145
(39, 14) 158
(26, 1) 415
(48, 30) 135
(29, 20) 19
(51, 59) 158
(15, 33) 129
(54, 4) 252
(19, 34) 280
(2, 54) 318
(22, 61) 237
(5, 27) 145
(27, 34) 69
(47, 47) 0
(30, 45) 286
(34, 48) 137
(17, 8) 139
(56, 29) 213
(20, 3) 106
(59, 56) 193
(42, 16) 391
(23, 22) 137
(6, 42) 207
(45, 5) 380
(10, 57) 46
(32, 6) 127
(31, 54) 149
(35, 51) 83
(18, 41) 380
(57, 2) 180
(38, 44) 217
(60, 25) 29
(43, 51) 471
(11, 10) 134
(50, 35) 141
(14, 5) 288
(36, 18) 340
(1, 16) 366
(39, 7) 121
(26, 8) 454
(48, 21) 198
(51, 0) 140
(15, 46) 220
(54, 31) 149
(19, 43) 453
(2, 49) 55
(22, 52) 95
(5, 4) 80
(27, 59) 37
(47, 52) 486
(30, 20) 46
(52, 33) 173
(17, 1) 373
(56, 36) 285
(55, 52) 270
(20, 10) 60
(3, 50) 169
(59, 49) 172
(42, 27) 155
(23, 47) 350
(6, 45) 274
(10, 32) 127
(32, 29) 76
(35, 56) 263
(18, 32) 344
(57, 11) 103
(38, 39) 101
(60, 16) 265
(43, 40) 119
(8, 22) 94
(11, 3) 74
(14, 12) 114
(36, 25) 84
(39, 60) 150
(61, 15) 54
(26, 19) 421
(48, 12) 233
(51, 9) 234
(15, 55) 170
(54, 22) 298
(19, 48) 203
(2, 8) 110
(24, 37) 82
(5, 13) 143
(27, 48) 192
(47, 61) 280
(30, 31) 57
(52, 40) 491
(56, 43) 130
(55, 13) 272
(20, 17) 308
(3, 59) 138
(59, 54) 180
(42, 2) 339
(23, 36) 75
(6, 36) 123
(10, 43) 353
(32, 20) 87
(31, 36) 92
(35, 33) 55
(18, 27) 284
(57, 12) 55
(40, 52) 491
(60, 47) 320
(43, 33) 417
(8, 29) 235
(11, 56) 247
(33, 11) 66
(14, 23) 173
(36, 0) 87
(39, 53) 198
(61, 8) 319
(26, 26) 0
(48, 3) 180
(12, 25) 55
(51, 14) 294
(15, 60) 55
(19, 57) 265
(2, 3) 145
(24, 44) 368
(27, 9) 225
(47, 58) 434
(30, 6) 28
(52, 55) 270
(56, 50) 379
(55, 10) 159
(20, 24) 37
(3, 32) 23
(42, 13) 150
(23, 61) 112
(6, 31) 67
(28, 40) 294
(32, 43) 409
(31, 45) 244
(35, 38) 221
(18, 18) 0
(57, 21) 18
(40, 59) 318
(21, 7) 42
(60, 38) 163
(43, 38) 195
(8, 4) 166
(7, 52) 192
(11, 49) 227
(33, 12) 129
(14, 30) 188
(36, 15) 120
(39, 50) 316
(61, 1) 186
(48, 58) 142
(12, 16) 315
(51, 23) 122
(15, 5) 174
(19, 62) 289
(2, 26) 452
(24, 51) 109
(27, 14) 148
(49, 29) 193
(30, 9) 174
(52, 62) 187
(0, 44) 334
(56, 57) 191
(55, 3) 288
(20, 39) 137
(3, 41) 149
(23, 58) 85
(6, 22) 83
(28, 39) 161
(32, 34) 63
(31, 42) 155
(35, 47) 391
(18, 13) 400
(57, 30) 47
(40, 34) 374
(21, 0) 26
(60, 61) 109
(43, 31) 325
(8, 11) 275
(7, 45) 259
(11, 54) 121
(33, 5) 47
(16, 59) 255
(36, 54) 174
(58, 7) 94
(39, 43) 295
(61, 26) 235
(44, 54) 311
(48, 49) 6
(12, 15) 0
(51, 28) 191
(15, 2) 226
(37, 17) 357
(2, 21) 196
(24, 58) 74
(27, 7) 21
(49, 22) 91
(52, 5) 187
(0, 35) 61
(55, 24) 197
(20, 46) 253
(3, 46) 358
(23, 51) 122
(6, 9) 158
(28, 62) 62
(32, 57) 115
(31, 19) 290
(53, 34) 265
(18, 4) 296
(57, 39) 150
(40, 41) 247
(21, 9) 221
(4, 55) 275
(60, 52) 181
(43, 20) 337
(8, 50) 90
(7, 42) 163
(46, 3) 358
(11, 47) 365
(33, 30) 94
(16, 50) 237
(36, 61) 137
(58, 14) 257
(39, 32) 151
(61, 19) 369
(44, 45) 97
(9, 21) 221
(48, 40) 491
(12, 6) 101
(15, 11) 86
(37, 26) 363
(24, 1) 122
(62, 18) 284
(27, 28) 58
(49, 15) 232
(52, 12) 233
(0, 58) 103
(55, 17) 264
(20, 53) 210
(3, 23) 96
(25, 38) 168
(6, 0) 65
(28, 53) 162
(32, 48) 187
(31, 24) 49
(53, 43) 130
(57, 40) 312
(40, 16) 506
(21, 18) 273
(4, 62) 124
(60, 51) 157
(43, 13) 345
(8, 57) 212
(7, 35) 58
(46, 10) 247
(11, 36) 54
(33, 23) 78
(16, 41) 389
(36, 36) 0
(58, 9) 224
(41, 55) 236
(61, 44) 297
(44, 36) 415
(9, 30) 174
(48, 47) 486
(12, 61) 54
(34, 14) 215
(15, 16) 315
(37, 3) 23
(24, 8) 186
(62, 21) 26
(27, 21) 21
(49, 0) 186
(13, 26) 301
(52, 11) 226
(0, 49) 186
(20, 60) 29
(3, 28) 169
(25, 47) 337
(28, 12) 65
(32, 55) 270
(31, 1) 145
(53, 52) 357
(57, 49) 179
(40, 23) 332
(21, 27) 21
(4, 37) 84
(43, 2) 497
(8, 32) 241
(7, 24) 48
(46, 13) 308
(29, 43) 339
(33, 40) 383
(16, 32) 343
(36, 35) 58
(58, 16) 312
(41, 56) 195
(22, 10) 83
(61, 37) 137
(44, 35) 392
(9, 7) 235
(48, 38) 344
(12, 52) 233
(34, 9) 198
(15, 25) 55
(37, 12) 122
(24, 15) 91
(62, 28) 62
(45, 60) 240
(49, 57) 179
(13, 19) 406
(52, 18) 216
(0, 8) 225
(20, 59) 36
(3, 5) 30
(25, 48) 180
(28, 11) 134
(50, 24) 153
(31, 14) 148
(53, 61) 170
(1, 47) 461
(57, 58) 121
(40, 30) 359
(21, 36) 113
(4, 44) 454
(8, 39) 355
(7, 17) 326
(46, 20) 253
(29, 36) 73
(33, 33) 0
(16, 39) 412
(36, 42) 222
(58, 27) 109
(41, 33) 141
(22, 13) 262
(61, 62) 94
(44, 26) 72
(9, 8) 60
(12, 51) 183
(34, 0) 63
(17, 56) 388
(37, 53) 287
(59, 8) 203
(24, 22) 118
(62, 7) 18
(45, 53) 52
(49, 50) 40
(13, 12) 103
(52, 25) 180
(0, 15) 48
(38, 28) 152
(3, 10) 140
(25, 57) 29
(28, 2) 205
(50, 19) 237
(53, 6) 223
(1, 32) 52
(40, 5) 420
(21, 45) 227
(4, 43) 455
(8, 46) 367
(7, 14) 164
(46, 31) 243
(29, 61) 88
(33, 58) 33
(16, 30) 249
(54, 47) 285
(58, 34) 47
(41, 42) 106
(22, 4) 145
(5, 52) 187
(61, 55) 209
(44, 17) 464
(9, 49) 102
(47, 4) 455
(12, 42) 113
(34, 27) 69
(17, 49) 193
(37, 62) 90
(59, 1) 167
(24, 29) 49
(62, 14) 154
(45, 46) 101
(10, 16) 226
(49, 43) 483
(13, 5) 143
(0, 6) 65
(38, 23) 181
(25, 2) 172
(28, 25) 64
(50, 10) 156
(53, 15) 165
(1, 57) 162
(40, 12) 264
(21, 54) 152
(4, 18) 296
(26, 35) 345
(7, 7) 0
(46, 38) 181
(29, 54) 143
(33, 51) 60
(16, 21) 281
(54, 38) 95
(19, 0) 289
(58, 45) 353
(41, 19) 389
(22, 31) 150
(5, 61) 186
(61, 48) 280
(44, 8) 475
(9, 58) 224
(47, 13) 345
(12, 33) 129
(34, 18) 281
(17, 42) 426
(37, 39) 151
(59, 6) 37
(42, 50) 357
(62, 49) 186
(45, 39) 221
(10, 27) 67
(49, 44) 470
(13, 62) 117
(35, 17) 296
(0, 29) 17
(38, 14) 77
(25, 11) 77
(28, 16) 252
(50, 5) 170
(14, 39) 158
(53, 8) 369
(1, 50) 170
(4, 25) 118
(26, 42) 151
(46, 41) 265
(29, 15) 51
(33, 52) 173
(16, 12) 315
(54, 57) 170
(19, 9) 96
(58, 52) 142
(41, 20) 111
(22, 22) 0
(5, 38) 273
(44, 7) 345
(9, 35) 200
(47, 10) 353
(30, 54) 205
(34, 45) 312
(17, 35) 296
(56, 2) 367
(37, 32) 0
(59, 31) 37
(42, 61) 87
(23, 13) 125
(62, 56) 204
(45, 32) 329
(10, 2) 145
(49, 37) 189
(13, 55) 272
(35, 22) 131
(0, 20) 7
(38, 1) 273
(25, 12) 55
(50, 60) 195
(14, 46) 114
(53, 17) 388
(1, 11) 100
(21, 56) 180
(4, 0) 124
(26, 53) 86
(46, 48) 369
(29, 8) 235
(51, 39) 224
(16, 3) 349
(54, 48) 336
(19, 14) 325
(2, 42) 339
(41, 29) 94
(22, 41) 252
(5, 47) 461
(9, 36) 256
(47, 19) 453
(30, 57) 47
(34, 36) 59
(17, 36) 353
(56, 9) 335
(37, 41) 128
(59, 20) 36
(42, 36) 222
(23, 10) 57
(62, 35) 61
(45, 25) 256
(10, 13) 181
(13, 48) 282
(35, 31) 67
(18, 61) 359
(38, 56) 102
(60, 13) 142
(25, 21) 31
(50, 55) 298
(14, 49) 310
(53, 26) 86
(1, 12) 174
(39, 27) 128
(4, 15) 171
(26, 60) 275
(46, 59) 227
(29, 1) 126
(51, 44) 474
(54, 11) 121
(19, 23) 283
(2, 37) 155
(41, 6) 169
(22, 32) 193
(5, 40) 420
(9, 45) 386
(47, 24) 369
(30, 32) 100
(17, 29) 327
(56, 16) 347
(55, 40) 286
(59, 45) 243
(42, 47) 195
(23, 3) 96
(6, 57) 46
(62, 42) 161
(45, 18) 374
(10, 52) 138
(32, 9) 260
(13, 41) 45
(35, 4) 64
(18, 52) 216
(38, 51) 292
(60, 4) 135
(25, 30) 46
(11, 31) 78
(50, 46) 395
(14, 56) 51
(1, 5) 0
(39, 16) 412
(26, 7) 294
(48, 24) 144
(29, 26) 293
(51, 53) 344
(54, 2) 318
(19, 28) 252
(2, 60) 180
(41, 15) 74
(22, 59) 118
(5, 17) 373
(27, 44) 328
(47, 33) 417
(30, 43) 367
(34, 54) 200
(17, 22) 167
(56, 23) 223
(55, 33) 270
(20, 5) 135
(59, 34) 76
(42, 22) 281
(23, 24) 25
(6, 48) 138
(62, 45) 250
(45, 11) 285
(32, 0) 90
(13, 34) 146
(35, 13) 144
(18, 47) 429
(38, 42) 0
(60, 3) 133
(43, 61) 280
(11, 20) 77
(50, 41) 290
(14, 3) 258
(36, 20) 84
(1, 30) 137
(39, 9) 352
(26, 14) 133
(48, 31) 192
(29, 19) 305
(51, 58) 37
(15, 32) 122
(54, 5) 216
(19, 37) 343
(2, 55) 294
(22, 50) 127
(5, 26) 415
(27, 37) 95
(47, 46) 141
(30, 18) 247
(34, 49) 138
(17, 15) 343
(56, 30) 237
(55, 62) 181
(20, 12) 55
(59, 59) 0
(42, 17) 426
(23, 17) 303
(6, 43) 353
(45, 4) 374
(10, 38) 207
(32, 7) 75
(31, 49) 191
(35, 50) 141
(18, 38) 375
(57, 1) 162
(38, 45) 120
(60, 26) 275
(43, 50) 508
(8, 16) 151
(11, 13) 56
(50, 32) 179
(14, 10) 176
(36, 19) 339
(1, 23) 125
(39, 6) 194
(26, 9) 417
(48, 22) 95
(51, 3) 55
(15, 41) 74
(54, 28) 179
(19, 42) 391
(2, 14) 320
(22, 53) 275
(5, 3) 30
(27, 58) 109
(47, 55) 236
(30, 21) 64
(52, 34) 137
(17, 0) 312
(56, 37) 287
(55, 55) 0
(20, 11) 77
(3, 53) 309
(59, 48) 174
(42, 24) 204
(23, 46) 265
(6, 34) 69
(10, 33) 122
(32, 30) 100
(31, 62) 6
(35, 59) 75
(18, 33) 335
(57, 10) 46
(38, 36) 222
(60, 17) 290
(43, 43) 0
(8, 23) 210
(11, 2) 202
(14, 13) 195
(36, 26) 362
(61, 14) 125
(26, 16) 421
(48, 13) 282
(51, 8) 200
(15, 54) 116
(54, 23) 168
(19, 51) 327
(2, 9) 156
(24, 38) 204
(5, 12) 174
(27, 51) 146
(47, 60) 320
(30, 28) 76
(52, 41) 287
(56, 44) 131
(55, 12) 170
(20, 18) 281
(3, 58) 39
(42, 3) 246
(23, 39) 145
(6, 37) 127
(10, 40) 353
(32, 21) 116
(31, 39) 128
(35, 32) 62
(18, 24) 265
(57, 19) 265
(40, 53) 159
(60, 40) 312
(43, 32) 409
(8, 30) 173
(7, 62) 18
(11, 59) 112
(33, 10) 122
(14, 20) 160
(36, 1) 54
(39, 52) 313
(61, 7) 89
(26, 27) 279
(48, 4) 107
(12, 26) 242
(51, 17) 331
(19, 56) 347
(2, 0) 178
(24, 45) 288
(27, 8) 229
(49, 27) 191
(30, 7) 61
(52, 48) 0
(56, 51) 344
(55, 5) 317
(20, 25) 0
(3, 35) 72
(42, 10) 207
(23, 60) 37
(6, 28) 61
(28, 41) 139
(32, 44) 417
(31, 44) 328
(35, 41) 149
(18, 19) 27
(57, 20) 29
(40, 60) 312
(21, 6) 64
(60, 39) 150
(43, 25) 337
(8, 5) 246
(7, 55) 198
(11, 48) 226
(33, 3) 18
(14, 31) 148
(36, 8) 238
(39, 45) 221
(61, 0) 94
(44, 56) 131
(48, 59) 174
(12, 17) 343
(51, 22) 182
(15, 4) 171
(37, 23) 79
(2, 27) 184
(24, 52) 144
(27, 1) 145
(49, 28) 196
(30, 14) 188
(0, 45) 250
(56, 58) 307
(55, 2) 294
(20, 32) 87
(3, 40) 394
(23, 53) 223
(6, 23) 57
(28, 32) 151
(32, 35) 62
(31, 21) 21
(35, 46) 302
(18, 10) 222
(57, 29) 45
(40, 35) 372
(21, 15) 37
(60, 62) 28
(43, 30) 367
(8, 12) 267
(7, 44) 345
(11, 41) 75
(33, 4) 70
(16, 60) 265
(36, 55) 267
(58, 4) 37
(39, 42) 101
(61, 25) 101
(44, 55) 211
(9, 19) 96
(48, 50) 35
(12, 8) 267
(51, 31) 146
(15, 13) 103
(37, 16) 343
(2, 18) 264
(24, 59) 49
(27, 6) 67
(49, 21) 197
(52, 6) 138
(0, 36) 87
(55, 27) 177
(20, 47) 337
(3, 17) 359
(23, 50) 177
(6, 14) 176
(32, 58) 47
(31, 18) 284
(53, 33) 293
(18, 5) 369
(57, 38) 163
(40, 42) 151
(21, 8) 230
(4, 48) 107
(60, 53) 191
(43, 23) 350
(8, 51) 200
(7, 37) 75
(46, 0) 249
(11, 46) 306
(33, 29) 80
(16, 51) 327
(36, 62) 87
(58, 15) 146
(39, 35) 175
(61, 18) 359
(44, 46) 109
(9, 20) 217
(48, 41) 287
(12, 7) 52
(15, 10) 101
(37, 25) 87
(24, 2) 135
(62, 19) 289
(27, 31) 0
(49, 14) 310
(52, 13) 282
(0, 59) 37
(55, 16) 221
(20, 54) 159
(3, 22) 199
(25, 37) 87
(6, 1) 165
(28, 54) 179
(32, 49) 189
(31, 27) 0
(53, 42) 102
(57, 47) 320
(40, 17) 546
(21, 17) 307
(43, 12) 288
(8, 58) 199
(7, 34) 60
(46, 11) 306
(11, 39) 98
(33, 22) 184
(16, 42) 391
(36, 37) 4
(58, 22) 163
(41, 54) 49
(61, 43) 280
(44, 37) 417
(9, 29) 235
(48, 32) 187
(12, 62) 48
(34, 15) 110
(15, 19) 315
(37, 2) 155
(24, 9) 190
(62, 26) 285
(27, 20) 13
(49, 7) 192
(13, 25) 121
(52, 20) 180
(0, 50) 196
(20, 61) 101
(3, 31) 115
(25, 46) 253
(28, 13) 165
(50, 30) 148
(31, 0) 6
(53, 51) 344
(57, 48) 181
(40, 24) 355
(21, 26) 262
(4, 38) 283
(43, 5) 461
(8, 33) 228
(7, 27) 21
(46, 18) 289
(29, 42) 162
(33, 47) 417
(16, 33) 334
(36, 44) 415
(58, 17) 321
(22, 11) 213
(61, 36) 137
(44, 28) 287
(9, 6) 158
(48, 39) 313
(12, 53) 165
(34, 6) 69
(15, 24) 91
(37, 11) 53
(24, 16) 267
(62, 29) 17
(45, 59) 243
(49, 56) 354
(13, 18) 400
(52, 19) 203
(0, 9) 222
(38, 26) 151
(3, 4) 74
(25, 55) 184
(28, 4) 168
(50, 25) 189
(31, 9) 225
(53, 60) 191
(1, 46) 388
(57, 57) 0
(40, 31) 306
(21, 35) 84
(4, 45) 374
(8, 40) 514
(7, 16) 305
(46, 21) 223
(29, 35) 59
(33, 32) 15
(16, 24) 267
(36, 43) 408
(58, 24) 74
(41, 32) 128
(22, 2) 130
(61, 61) 0
(44, 27) 328
(9, 15) 258
(12, 44) 295
(34, 1) 96
(37, 52) 187
(59, 11) 112
(24, 23) 25
(62, 4) 124
(45, 52) 409
(10, 22) 83
(49, 49) 0
(13, 11) 56
(52, 26) 443
(0, 0) 0
(38, 29) 162
(3, 13) 123
(25, 56) 210
(28, 3) 169
(50, 16) 237
(53, 5) 339
(1, 39) 194
(40, 6) 353
(21, 44) 309
(4, 20) 118
(8, 47) 495
(7, 9) 235
(46, 28) 194
(29, 60) 45
(33, 57) 115
(16, 31) 290
(54, 44) 311
(58, 35) 48
(41, 41) 0
(22, 5) 217
(5, 51) 48
(61, 54) 62
(44, 18) 394
(9, 48) 107
(47, 7) 340
(12, 43) 288
(34, 24) 27
(17, 48) 198
(37, 61) 137
(59, 0) 37
(24, 30) 18
(62, 15) 48
(45, 45) 0
(10, 17) 248
(49, 42) 342
(13, 4) 188
(0, 7) 18
(38, 20) 168
(25, 1) 135
(28, 26) 247
(50, 11) 225
(53, 14) 51
(1, 56) 339
(40, 13) 285
(21, 53) 180
(4, 19) 290
(26, 32) 363
(7, 6) 79
(46, 39) 271
(29, 53) 213
(33, 50) 165
(16, 22) 150
(54, 39) 24
(19, 3) 349
(58, 42) 256
(41, 18) 380
(22, 28) 130
(5, 60) 162
(44, 9) 431
(9, 57) 203
(47, 12) 288
(12, 34) 110
(34, 19) 280
(17, 41) 415
(37, 38) 223
(59, 25) 36
(42, 51) 292
(62, 54) 153
(45, 38) 120
(10, 24) 45
(49, 35) 140
(13, 61) 70
(35, 16) 281
(0, 30) 52
(38, 15) 113
(25, 10) 60
(28, 17) 282
(50, 2) 25
(14, 36) 234
(53, 23) 223
(1, 49) 190
(21, 62) 26
(4, 26) 409
(26, 43) 46
(46, 46) 0
(29, 14) 163
(51, 33) 60
(16, 13) 406
(54, 62) 153
(19, 8) 151
(58, 53) 307
(41, 27) 102
(22, 23) 137
(5, 37) 52
(44, 0) 334
(9, 34) 198
(47, 21) 308
(30, 55) 185
(34, 42) 223
(17, 34) 295
(56, 3) 309
(37, 47) 409
(59, 30) 44
(42, 58) 256
(23, 12) 68
(62, 57) 28
(45, 31) 244
(10, 3) 140
(49, 36) 185
(13, 54) 74
(35, 25) 54
(0, 21) 26
(38, 6) 207
(25, 19) 286
(50, 61) 287
(14, 47) 179
(53, 16) 347
(1, 10) 165
(39, 29) 120
(4, 1) 80
(26, 50) 464
(46, 49) 365
(29, 7) 1
(51, 38) 292
(16, 4) 290
(54, 49) 336
(19, 17) 46
(2, 43) 497
(58, 60) 121
(41, 28) 139
(22, 46) 277
(5, 46) 388
(9, 43) 455
(47, 18) 429
(30, 62) 52
(34, 37) 63
(17, 27) 314
(56, 10) 223
(37, 40) 372
(59, 23) 42
(42, 37) 223
(23, 5) 125
(62, 32) 90
(45, 24) 288
(10, 10) 0
(13, 47) 345
(35, 30) 40
(18, 58) 315
(38, 57) 163
(60, 14) 142
(25, 20) 0
(11, 25) 77
(50, 52) 35
(14, 54) 161
(53, 25) 210
(1, 3) 30
(39, 26) 251
(4, 8) 166
(26, 61) 235
(46, 56) 80
(29, 0) 17
(51, 47) 471
(54, 8) 378
(19, 22) 150
(2, 34) 119
(41, 5) 174
(22, 33) 184
(5, 23) 125
(9, 44) 431
(47, 27) 325
(30, 33) 94
(34, 60) 75
(17, 28) 282
(56, 17) 388
(55, 43) 236
(59, 44) 320
(42, 44) 217
(23, 2) 159
(6, 62) 65
(62, 43) 331
(45, 17) 438
(10, 53) 223
(32, 10) 127
(13, 40) 285
(35, 7) 58
(18, 53) 327
(38, 48) 344
(60, 5) 162
(25, 29) 19
(11, 30) 112
(50, 47) 508
(14, 57) 142
(1, 4) 80
(39, 19) 412
(26, 4) 409
(48, 25) 180
(29, 25) 19
(51, 52) 140
(54, 3) 194
(19, 31) 290
(2, 61) 267
(41, 14) 152
(22, 56) 275
(5, 16) 366
(27, 47) 325
(47, 32) 409
(30, 40) 359
(34, 55) 224
(17, 21) 307
(56, 24) 240
(55, 32) 270
(20, 6) 60
(59, 37) 121
(42, 23) 181
(23, 27) 26
(6, 49) 136
(45, 10) 274
(10, 60) 46
(32, 1) 52
(13, 33) 120
(35, 12) 108
(18, 44) 394
(38, 43) 195
(60, 28) 36
(43, 60) 320
(11, 23) 77
(50, 38) 357
(14, 0) 154
(36, 21) 113
(1, 29) 126
(39, 8) 355
(26, 15) 242
(48, 16) 203
(29, 18) 300
(51, 61) 208
(15, 35) 108
(54, 26) 243
(19, 36) 339
(2, 52) 50
(22, 51) 182
(5, 25) 135
(27, 36) 92
(47, 41) 301
(30, 19) 249
(52, 36) 183
(17, 14) 363
(56, 31) 198
(55, 57) 155
(20, 13) 121
(59, 58) 123
(42, 30) 209
(23, 16) 283
(6, 40) 353
(45, 3) 351
(10, 39) 194
(32, 24) 82
(31, 48) 192
(35, 53) 263
(18, 39) 403
(57, 0) 28
(38, 34) 223
(60, 27) 27
(43, 53) 130
(8, 17) 139
(11, 12) 86
(50, 33) 165
(14, 11) 198
(36, 28) 147
(1, 22) 217
(39, 1) 194
(26, 22) 360
(48, 23) 169
(51, 2) 97
(15, 40) 264
(54, 29) 143
(19, 45) 395
(2, 15) 226
(24, 32) 82
(5, 2) 145
(27, 61) 90
(47, 54) 285
(30, 26) 321
(52, 35) 139
(17, 7) 326
(56, 38) 102
(55, 54) 261
(20, 20) 0
(3, 52) 180
(59, 51) 158
(42, 25) 168
(23, 41) 119
(6, 35) 68
(10, 46) 247
(32, 31) 95
(31, 57) 27
(35, 58) 48
(18, 30) 247
(57, 9) 203
(38, 37) 223
(60, 18) 258
(43, 42) 195
(8, 24) 186
(11, 5) 100
(14, 18) 308
(36, 27) 92
(39, 62) 131
(61, 13) 70
(26, 17) 464
(48, 14) 313
(12, 28) 65
(51, 11) 126
(15, 49) 232
(54, 20) 159
(19, 50) 237
(2, 6) 145
(24, 39) 169
(5, 11) 100
(27, 50) 202
(30, 29) 62
(52, 42) 344
(56, 45) 52
(55, 15) 170
(20, 19) 286
(3, 61) 160
(42, 0) 161
(23, 38) 181
(6, 26) 308
(10, 41) 169
(32, 22) 193
(31, 38) 155
(35, 35) 0
(18, 25) 281
(57, 18) 258
(40, 54) 214
(60, 41) 125
(43, 35) 391
(8, 31) 229
(7, 57) 46
(11, 58) 97
(33, 9) 249
(14, 21) 130
(36, 2) 153
(39, 55) 251
(61, 6) 155
(26, 24) 323
(48, 5) 187
(12, 27) 42
(51, 16) 327
(15, 62) 48
(19, 59) 255
(2, 1) 145
(24, 46) 276
(27, 11) 78
(49, 26) 440
(30, 4) 93
(52, 49) 6
(56, 52) 357
(55, 4) 275
(20, 26) 291
(3, 34) 72
(42, 11) 174
(6, 29) 79
(28, 42) 152
(32, 45) 329
(31, 47) 325
(35, 40) 372
(18, 16) 27
(57, 27) 27
(40, 61) 235
(21, 5) 165
(60, 32) 115
(43, 24) 369
(8, 6) 166
(7, 54) 144
(11, 51) 126
(33, 2) 141
(14, 28) 115
(36, 9) 256
(39, 44) 318
(61, 31) 90
(44, 57) 319
(48, 60) 181
(12, 18) 306
(51, 25) 135
(15, 7) 52
(37, 22) 193
(2, 24) 135
(24, 53) 240
(27, 0) 6
(49, 19) 198
(30, 15) 98
(52, 56) 357
(0, 46) 249
(56, 59) 193
(55, 29) 197
(20, 33) 88
(3, 43) 432
(23, 52) 169
(6, 20) 60
(28, 33) 151
(32, 36) 4
(31, 20) 13
(53, 39) 198
(18, 11) 356
(57, 28) 36
(40, 36) 371
(21, 14) 130
(43, 17) 497
(8, 13) 330
(7, 47) 340
(11, 40) 320
(33, 27) 98
(16, 61) 369
(36, 48) 183
(58, 5) 54
(39, 37) 151
(61, 24) 136
(44, 48) 473
(9, 18) 110
(48, 51) 140
(12, 9) 258
(51, 30) 120
(15, 12) 0
(37, 31) 95
(2, 19) 252
(24, 60) 49
(27, 25) 13
(49, 20) 179
(52, 7) 192
(0, 37) 90
(55, 26) 201
(20, 40) 319
(3, 16) 349
(25, 35) 54
(6, 15) 101
(28, 56) 162
(32, 59) 121
(31, 29) 20
(53, 32) 287
(18, 2) 264
(57, 37) 115
(40, 43) 119
(21, 23) 43
(4, 49) 110
(60, 54) 170
(43, 22) 401
(8, 52) 61
(7, 36) 72
(46, 1) 388
(11, 33) 66
(33, 28) 151
(16, 52) 203
(58, 12) 146
(39, 34) 177
(61, 17) 397
(44, 47) 54
(9, 27) 225
(48, 42) 344
(12, 0) 48
(15, 21) 37
(37, 24) 82
(24, 3) 95
(62, 16) 289
(27, 30) 57
(49, 13) 283
(13, 31) 116
(52, 14) 313
(0, 60) 28
(55, 19) 221
(20, 55) 184
(3, 25) 106
(25, 36) 84
(6, 6) 0
(28, 55) 120
(32, 50) 179
(31, 26) 279
(53, 41) 195
(57, 46) 228
(40, 18) 486
(21, 16) 281
(4, 56) 326
(43, 15) 288
(8, 59) 203
(7, 29) 1
(46, 8) 367
(11, 38) 174
(33, 21) 118
(16, 43) 453
(36, 38) 222
(58, 23) 85
(41, 53) 195
(61, 42) 87
(44, 38) 217
(9, 28) 202
(48, 33) 173
(34, 12) 110
(15, 18) 306
(37, 1) 52
(24, 10) 45
(62, 27) 6
(27, 23) 26
(49, 6) 136
(13, 24) 146
(52, 21) 198
(0, 51) 140
(20, 62) 7
(3, 30) 112
(25, 45) 256
(28, 14) 115
(50, 31) 202
(31, 3) 115
(53, 50) 379
(57, 55) 155
(40, 25) 319
(21, 25) 31
(4, 39) 228
(43, 4) 455
(8, 34) 185
(7, 26) 294
(46, 19) 313
(29, 41) 94
(33, 46) 341
(16, 34) 280
(36, 45) 327
(58, 30) 87
(41, 62) 105
(22, 8) 94
(61, 35) 146
(44, 29) 344
(9, 5) 276
(12, 54) 116
(34, 7) 60
(15, 27) 42
(37, 10) 127
(24, 17) 285
(62, 2) 178
(45, 58) 353
(13, 17) 428
(52, 28) 198
(0, 10) 65
(38, 27) 155
(3, 7) 96
(25, 54) 159
(28, 5) 198
(50, 22) 127
(31, 8) 229
(53, 59) 193
(1, 45) 380
(57, 56) 191
(40, 0) 312
(21, 34) 85
(4, 46) 361
(8, 41) 329
(7, 19) 305
(46, 26) 115
(29, 34) 61
(33, 39) 164
(16, 25) 286
(54, 42) 95
(58, 25) 98
(41, 39) 26
(22, 3) 199
(61, 60) 109
(44, 20) 339
(9, 14) 300
(12, 45) 207
(34, 30) 41
(17, 62) 312
(37, 51) 74
(59, 10) 37
(24, 24) 0
(62, 5) 139
(45, 51) 390
(10, 23) 57
(49, 48) 6
(13, 10) 181
(52, 27) 192
(0, 1) 139
(38, 18) 375
(3, 12) 144
(28, 28) 0
(50, 17) 228
(53, 4) 326
(1, 38) 273
(40, 7) 314
(21, 43) 308
(4, 21) 147
(26, 38) 151
(7, 8) 234
(46, 29) 262
(29, 59) 54
(33, 56) 293
(16, 16) 0
(54, 45) 214
(58, 32) 47
(41, 40) 247
(22, 26) 360
(5, 50) 170
(61, 53) 170
(44, 19) 419
(9, 55) 221
(47, 6) 353
(12, 36) 120
(34, 25) 56
(17, 55) 264
(37, 60) 115
(59, 3) 138
(24, 31) 49
(62, 12) 48
(45, 44) 97
(10, 30) 28
(49, 41) 287
(13, 3) 123
(0, 24) 44
(38, 21) 146
(25, 0) 7
(28, 27) 58
(50, 8) 90
(14, 34) 215
(53, 13) 240
(40, 14) 186
(21, 52) 198
(4, 28) 168
(26, 33) 371
(7, 1) 125
(46, 36) 335
(29, 52) 193
(33, 49) 175
(16, 23) 283
(54, 36) 174
(19, 2) 252
(58, 43) 434
(41, 17) 415
(22, 29) 161
(5, 59) 167
(44, 10) 345
(9, 56) 335
(47, 15) 288
(12, 35) 108
(34, 16) 280
(17, 40) 546
(37, 37) 0
(59, 24) 49
(42, 48) 344
(62, 55) 181
(45, 37) 329
(10, 25) 60
(49, 34) 138
(13, 60) 142
(35, 19) 281
(0, 31) 6
(38, 12) 113
(25, 9) 217
(28, 18) 242
(50, 3) 169
(14, 37) 236
(53, 22) 275
(1, 48) 187
(21, 61) 91
(4, 27) 130
(26, 40) 108
(46, 47) 141
(29, 13) 102
(51, 32) 74
(16, 14) 325
(19, 11) 360
(58, 50) 132
(41, 26) 257
(22, 20) 143
(5, 36) 54
(44, 1) 469
(9, 33) 249
(47, 20) 337
(30, 52) 135
(34, 43) 393
(17, 33) 346
(56, 4) 326
(37, 46) 338
(59, 17) 280
(42, 59) 170
(23, 15) 68
(62, 62) 0
(45, 30) 286
(10, 0) 65
(13, 53) 240
(35, 24) 26
(0, 22) 148
(38, 7) 163
(25, 18) 281
(50, 58) 132
(14, 44) 181
(53, 31) 198
(1, 9) 276
(39, 28) 161
(4, 2) 71
(26, 51) 425
(46, 54) 273
(29, 6) 79
(51, 41) 201
(16, 5) 366
(54, 54) 0
(19, 16) 0
(2, 40) 490
(58, 61) 174
(41, 3) 149
(22, 47) 401
(5, 45) 380
(9, 42) 352
(47, 29) 339
(34, 34) 0
(17, 26) 464
(56, 11) 247
(55, 45) 174
(59, 22) 118
(42, 34) 223
(23, 4) 105
(62, 33) 92
(45, 23) 269
(10, 11) 134
(13, 46) 308
(35, 1) 97
(18, 59) 248
(38, 62) 161
(60, 15) 55
(25, 27) 13
(11, 24) 95
(50, 53) 379
(14, 55) 115
(53, 24) 240
(1, 2) 145
(39, 21) 132
(4, 9) 197
(26, 58) 388
(46, 57) 228
(29, 31) 20
(51, 46) 385
(54, 9) 373
(19, 25) 286
(2, 35) 121
(41, 4) 203
(22, 38) 281
(5, 22) 217
(27, 41) 102
(47, 26) 46
(30, 38) 209
(34, 61) 148
(17, 19) 46
(56, 18) 327
(55, 42) 191
(59, 47) 323
(42, 45) 120
(23, 29) 25
(62, 40) 312
(45, 16) 395
(10, 50) 156
(32, 11) 53
(13, 39) 54
(35, 6) 68
(18, 50) 251
(38, 49) 342
(60, 6) 46
(25, 28) 64
(11, 17) 379
(50, 44) 498
(14, 62) 154
(1, 27) 145
(39, 18) 403
(26, 5) 415
(48, 26) 443
(29, 24) 49
(51, 55) 305
(15, 37) 122
(54, 0) 153
(19, 30) 249
(2, 58) 108
(41, 13) 45
(22, 57) 128
(5, 31) 145
(27, 46) 243
(47, 35) 391
(30, 41) 156
(34, 52) 137
(17, 20) 308
(56, 25) 210
(55, 35) 223
(20, 7) 19
(59, 36) 117
(42, 20) 168
(23, 26) 304
(6, 54) 215
(45, 9) 386
(10, 61) 155
(32, 2) 155
(13, 32) 105
(35, 15) 108
(18, 45) 374
(38, 40) 151
(60, 29) 45
(11, 22) 213
(50, 39) 316
(14, 1) 288
(36, 22) 189
(1, 28) 198
(39, 11) 98
(26, 12) 242
(48, 17) 198
(29, 17) 327
(51, 60) 157
(15, 34) 110
(54, 27) 149
(19, 39) 412
(2, 53) 367
(22, 48) 95
(5, 24) 122
(27, 39) 128
(47, 40) 119
(30, 16) 249
(52, 37) 187
(17, 13) 428
(56, 32) 287
(55, 56) 127
(20, 14) 160
(59, 61) 119
(42, 31) 155
(23, 19) 283
(6, 41) 169
(45, 2) 418
(10, 36) 123
(32, 25) 87
(31, 51) 146
(35, 52) 139
(18, 36) 340
(57, 7) 46
(38, 35) 221
(60, 20) 29
(43, 52) 486
(8, 18) 168
(11, 15) 86
(14, 8) 330
(36, 29) 73
(1, 21) 165
(39, 0) 131
(26, 23) 304
(48, 8) 61
(51, 5) 48
(15, 43) 288
(54, 18) 420
(19, 44) 419
(2, 12) 226
(24, 33) 77
(5, 1) 0
(27, 60) 27
(47, 49) 483
(30, 27) 57
(52, 44) 473
(17, 6) 248
(56, 39) 198
(55, 49) 265
(20, 21) 31
(3, 55) 288
(59, 50) 189
(42, 6) 207
(23, 40) 332
(6, 32) 127
(10, 47) 353
(32, 16) 343
(31, 56) 198
(35, 61) 146
(18, 31) 284
(57, 8) 212
(40, 48) 491
(60, 19) 265
(43, 45) 81
(8, 25) 219
(11, 4) 133
(14, 19) 325
(36, 4) 82
(39, 57) 150
(61, 12) 54
(26, 30) 321
(48, 15) 233
(12, 29) 51
(51, 10) 146
(15, 48) 233
(54, 21) 152
(19, 53) 347
(2, 7) 179
(24, 40) 355
(5, 10) 165
(27, 53) 198
(47, 62) 331
(30, 2) 133
(52, 43) 486
(56, 46) 80
(55, 14) 115
(20, 28) 64
(3, 60) 133
(42, 1) 273
(23, 33) 78
(6, 27) 67
(28, 44) 287
(32, 23) 79
(31, 33) 98
(35, 34) 2
(18, 22) 152
(57, 17) 290
(40, 55) 286
(60, 42) 163
(43, 34) 393
(8, 0) 225
(7, 56) 214
(11, 61) 87
(33, 8) 228
(14, 26) 133
(36, 3) 24
(39, 54) 24
(61, 5) 186
(26, 25) 291
(48, 6) 138
(12, 20) 55
(51, 19) 327
(15, 57) 55
(19, 58) 312
(2, 30) 133
(24, 47) 369
(27, 10) 67
(49, 25) 179
(30, 5) 137
(52, 50) 35
(0, 40) 312
(56, 53) 0
(55, 7) 198
(20, 27) 13
(3, 37) 23
(42, 8) 372
(23, 62) 20
(6, 18) 222
(28, 43) 292
(32, 46) 338
(31, 46) 243
(35, 43) 391
(18, 17) 72
(57, 26) 275
(40, 62) 312
(21, 4) 147
(60, 33) 115
(43, 27) 325
(8, 7) 234
(7, 49) 192
(11, 50) 225
(33, 1) 47
(14, 29) 163
(36, 10) 123
(39, 47) 295
(61, 30) 146
(44, 58) 437
(48, 61) 280
(12, 19) 315
(51, 24) 109
(15, 6) 101
(37, 21) 116
(2, 25) 172
(24, 54) 192
(27, 3) 115
(49, 18) 211
(30, 12) 98
(52, 57) 181
(0, 47) 331
(56, 60) 191
(55, 28) 120
(20, 34) 56
(3, 42) 246
(23, 55) 192
(6, 21) 64
(28, 34) 110
(32, 37) 0
(31, 23) 26
(53, 38) 102
(18, 8) 168
(57, 35) 74
(40, 37) 372
(21, 13) 129
(60, 56) 191
(43, 16) 453
(8, 14) 330
(7, 46) 263
(11, 43) 365
(33, 26) 371
(16, 62) 289
(36, 49) 185
(58, 2) 108
(39, 36) 151
(61, 23) 112
(44, 49) 470
(9, 17) 97
(48, 52) 0
(12, 10) 101
(15, 15) 0
(37, 30) 100
(2, 16) 252
(24, 61) 136
(27, 24) 49
(49, 11) 227
(52, 0) 187
(0, 38) 161
(55, 21) 157
(20, 41) 111
(3, 19) 349
(25, 34) 56
(6, 12) 101
(28, 57) 36
(32, 60) 115
(31, 28) 58
(53, 47) 130
(18, 3) 351
(57, 36) 112
(40, 44) 170
(21, 22) 146
(4, 50) 95
(60, 55) 155
(43, 9) 455
(8, 53) 369
(7, 39) 121
(46, 6) 247
(11, 32) 53
(33, 19) 334
(16, 53) 347
(36, 56) 285
(58, 13) 152
(41, 51) 201
(61, 16) 369
(44, 40) 170
(9, 26) 417
(48, 43) 486
(12, 1) 174
(15, 20) 55
(37, 7) 75
(24, 4) 86
(62, 17) 312
(27, 17) 314
(49, 12) 232
(13, 30) 162
(52, 15) 233
(0, 61) 94
(55, 18) 200
(20, 48) 180
(3, 24) 95
(25, 43) 337
(6, 7) 79
(28, 48) 198
(32, 51) 74
(31, 5) 145
(53, 40) 159
(57, 45) 240
(40, 19) 506
(21, 31) 21
(4, 57) 135
(43, 14) 179
(8, 60) 212
(7, 28) 79
(46, 9) 322
(29, 47) 339
(33, 20) 88
(16, 44) 419
(36, 39) 151
(58, 20) 98
(41, 52) 287
(61, 41) 27
(44, 39) 318
(9, 3) 262
(48, 34) 137
(12, 56) 165
(34, 13) 146
(15, 29) 51
(37, 0) 90
(24, 11) 95
(62, 24) 44
(27, 22) 150
(49, 5) 190
(13, 23) 125
(52, 22) 95
(0, 52) 187
(3, 1) 30
(25, 44) 339
(28, 15) 65
(50, 28) 217
(31, 2) 184
(53, 49) 354
(1, 43) 461
(57, 54) 170
(40, 26) 108
(21, 24) 62
(4, 32) 84
(43, 7) 340
(8, 35) 187
(7, 21) 42
(46, 16) 313
(29, 40) 313
(33, 45) 336
(16, 35) 281
(36, 46) 335
(58, 31) 109
(41, 61) 27
(22, 9) 75
(61, 34) 148
(44, 30) 363
(9, 4) 197
(12, 55) 170
(34, 4) 62
(15, 26) 242
(37, 9) 260
(24, 18) 265
(62, 3) 110
(45, 57) 240
(49, 62) 186
(13, 16) 406
(52, 29) 193
(0, 11) 75
(38, 24) 204
(3, 6) 140
(25, 53) 210
(28, 6) 61
(50, 23) 177
(31, 11) 78
(53, 58) 307
(1, 44) 469
(40, 1) 420
(21, 33) 118
(4, 47) 455
(8, 42) 372
(7, 18) 300
(46, 27) 243
(29, 33) 80
(33, 38) 233
(16, 26) 421
(54, 43) 285
(58, 38) 256
(41, 38) 106
(22, 0) 148
(61, 59) 119
(44, 21) 309
(9, 13) 336
(12, 46) 220
(34, 31) 69
(17, 61) 397
(37, 50) 179
(59, 13) 152
(24, 25) 37
(62, 10) 65
(45, 50) 430
(10, 20) 60
(49, 55) 265
(13, 9) 336
(0, 2) 178
(38, 19) 391
(3, 15) 144
(25, 62) 7
(28, 29) 78
(50, 14) 332
(53, 3) 309
(1, 37) 52
(40, 8) 514
(21, 42) 146
(4, 22) 145
(26, 39) 251
(7, 11) 58
(46, 34) 303
(29, 58) 95
(16, 17) 46
(54, 34) 200
(58, 33) 33
(41, 47) 301
(22, 27) 150
(5, 49) 190
(61, 52) 280
(44, 12) 295
(9, 54) 373
(47, 1) 461
(12, 37) 122
(34, 22) 130
(17, 54) 459
(37, 59) 121
(59, 2) 176
(42, 54) 95
(62, 13) 117
(45, 43) 81
(10, 31) 67
(49, 40) 489
(13, 2) 258
(0, 25) 7
(38, 10) 207
(25, 7) 19
(28, 20) 64
(50, 9) 141
(14, 35) 213
(53, 12) 165
(1, 62) 139
(40, 15) 264
(21, 51) 165
(4, 29) 121
(26, 46) 115
(7, 0) 18
(46, 37) 338
(29, 51) 132
(33, 48) 173
(16, 8) 151
(54, 37) 174
(19, 5) 366
(58, 40) 407
(41, 16) 389
(22, 18) 152
(5, 58) 54
(44, 11) 377
(47, 14) 179
(30, 50) 148
(34, 17) 295
(17, 47) 497
(37, 36) 4
(59, 27) 37
(42, 49) 342
(62, 52) 187
(45, 36) 327
(10, 6) 0
(49, 33) 175
(13, 59) 152
(35, 18) 282
(0, 16) 289
(38, 13) 150
(25, 8) 219
(28, 19) 252
(50, 0) 196
(14, 42) 77
(53, 21) 180
(1, 55) 317
(21, 60) 18
(4, 4) 0
(26, 41) 257
(46, 44) 109
(29, 12) 51
(51, 35) 83
(16, 15) 315
(54, 60) 170
(19, 10) 226
(2, 46) 389
(58, 51) 37
(41, 25) 111
(22, 21) 146
(5, 35) 97
(44, 2) 490
(9, 32) 260
(47, 23) 350
(30, 53) 237
(34, 40) 374
(17, 32) 357
(56, 5) 339
(37, 45) 329
(59, 16) 255
(42, 56) 102
(23, 14) 173
(45, 29) 258
(10, 1) 165
(13, 52) 282
(35, 27) 67
(0, 23) 20
(38, 4) 283
(25, 17) 308
(50, 59) 189
(14, 45) 98
(53, 30) 237
(1, 8) 246
(39, 31) 128
(4, 3) 74
(26, 48) 443
(46, 55) 102
(29, 5) 126
(51, 40) 442
(16, 6) 226
(54, 55) 261
(19, 19) 0
(2, 41) 269
(58, 58) 0
(41, 2) 269
(22, 44) 384
(5, 44) 469
(9, 41) 327
(47, 28) 292
(30, 60) 47
(34, 35) 2
(17, 25) 308
(56, 12) 165
(55, 44) 211
(59, 41) 135
(42, 35) 221
(23, 7) 24
(62, 38) 161
(45, 22) 327
(10, 8) 166
(13, 45) 269
(35, 0) 61
(18, 56) 327
(60, 8) 212
(25, 26) 291
(11, 27) 78
(50, 50) 0
(14, 52) 313
(1, 1) 0
(39, 20) 137
(4, 10) 116
(26, 59) 278
(46, 62) 249
(29, 30) 62
(51, 49) 144
(54, 14) 161
(19, 24) 267
(2, 32) 155
(41, 11) 75
(22, 39) 277
(5, 21) 165
(27, 40) 306
(47, 37) 409
(30, 39) 182
(34, 58) 47
(17, 18) 72
(56, 19) 347
(55, 37) 270
(59, 46) 227
(42, 42) 0
(23, 28) 73
(6, 60) 46
(62, 41) 105
(45, 15) 207
(10, 51) 146
(32, 12) 122
(13, 38) 150
(35, 9) 200
(18, 51) 333
(38, 54) 95
(60, 7) 46
(43, 57) 320
(11, 16) 360
(50, 45) 430
(1, 26) 415
(39, 13) 54
(26, 2) 452
(48, 27) 192
(29, 23) 25
(51, 54) 247
(15, 36) 120
(54, 1) 216
(19, 33) 334
(2, 59) 176
(41, 12) 74
(22, 62) 148
(5, 30) 137
(27, 33) 98
(47, 34) 393
(30, 46) 268
(34, 53) 265
(17, 11) 379
(56, 26) 86
(55, 34) 224
(20, 0) 7
(59, 39) 160
(42, 21) 146
(23, 21) 43
(6, 55) 159
(45, 8) 421
(10, 58) 115
(32, 3) 23
(31, 53) 198
(35, 14) 213
(18, 42) 375
(38, 41) 106
(60, 30) 47
(43, 62) 331
(11, 9) 285
(50, 36) 177
(14, 6) 176
(36, 23) 75
(1, 19) 366
(39, 10) 194
(26, 13) 301
(48, 18) 216
(29, 16) 305
(15, 45) 207
(54, 24) 192
(19, 38) 391
(2, 50) 25
(22, 49) 91
(5, 7) 125
(27, 38) 155
(47, 43) 0
(30, 17) 267
(52, 38) 344
(17, 12) 343
(56, 33) 293
(55, 59) 150
(20, 15) 55
(3, 49) 183
(59, 60) 10
(42, 28) 152
(23, 18) 279
(6, 46) 247
(45, 1) 380
(10, 37) 127
(32, 26) 363
(31, 50) 202
(35, 55) 223
(18, 37) 344
(57, 6) 46
(38, 32) 223
(60, 21) 18
(43, 55) 236
(8, 19) 151
(11, 14) 198
(14, 9) 300
(36, 30) 96
(1, 20) 135
(39, 3) 171
(26, 20) 291
(48, 9) 107
(51, 4) 38
(15, 42) 113
(54, 19) 431
(19, 47) 453
(2, 13) 258
(24, 34) 27
(5, 0) 139
(47, 48) 486
(30, 24) 18
(52, 45) 409
(17, 5) 373
(56, 40) 159
(55, 48) 270
(20, 22) 143
(3, 54) 194
(59, 53) 193
(42, 7) 163
(23, 43) 350
(6, 33) 122
(10, 44) 345
(32, 17) 357
(31, 59) 37
(35, 60) 74
(18, 28) 242
(57, 15) 55
(40, 49) 489
(60, 44) 319
(43, 44) 54
(8, 26) 454
(11, 7) 58
(14, 16) 325
(36, 5) 54
(39, 56) 198
(61, 11) 87
(26, 31) 279
(48, 0) 187
(12, 30) 98
(51, 13) 178
(15, 51) 183
(19, 52) 203
(2, 4) 71
(24, 41) 143
(5, 9) 276
(27, 52) 192
(47, 57) 320
(30, 3) 112
(52, 52) 0
(56, 47) 130
(55, 9) 221
(20, 29) 19
(42, 14) 77
(23, 32) 79
(6, 24) 45
(28, 45) 213
(32, 40) 372
(31, 32) 95
(35, 37) 62
(18, 23) 279
(57, 16) 265
(40, 56) 159
(60, 43) 320
(43, 37) 409
(8, 1) 246
(7, 59) 55
(11, 60) 103
(33, 15) 129
(14, 27) 148
(36, 12) 120
(39, 49) 313
(61, 4) 205
(44, 60) 319
(48, 7) 192
(12, 21) 37
(51, 18) 333
(15, 56) 165
(19, 61) 369
(2, 31) 184
(24, 48) 144
(27, 13) 116
(49, 24) 144
(30, 10) 28
(52, 51) 140
(0, 41) 105
(56, 54) 196
(55, 6) 159
(20, 36) 84
(3, 36) 24
(42, 9) 352
(23, 57) 37
(6, 19) 226
(28, 36) 147
(32, 47) 409
(31, 41) 102
(35, 42) 221
(18, 14) 308
(57, 25) 29
(21, 3) 136
(60, 34) 75
(43, 26) 46
(8, 8) 0
(7, 48) 192
(11, 53) 247
(33, 0) 92
(16, 56) 347
(36, 11) 54
(39, 46) 271
(61, 29) 88
(44, 59) 320
(48, 62) 187
(12, 12) 0
(51, 27) 146
(15, 1) 174
(37, 20) 87
(2, 22) 130
(24, 55) 197
(27, 2) 184
(49, 17) 193
(30, 13) 162
(52, 58) 142
(0, 32) 90
(56, 61) 170
(55, 31) 177
(20, 35) 54
(3, 45) 351
(23, 54) 168
(6, 10) 0
(28, 35) 108
(32, 38) 223
(31, 22) 150
(53, 37) 287
(18, 9) 110
(57, 34) 75
(40, 38) 151
(21, 12) 37
(4, 52) 107
(60, 57) 0
(43, 19) 453
(8, 15) 267
(7, 41) 95
(11, 42) 174
(33, 25) 88
(36, 50) 177
(58, 3) 39
(39, 39) 0
(61, 22) 237
(44, 50) 498
(9, 16) 96
(48, 53) 357
(12, 11) 86
(15, 14) 114
(37, 29) 76
(2, 17) 247
(24, 62) 44
(27, 27) 0
(49, 10) 136
(52, 1) 187
(0, 39) 131
(55, 20) 184
(20, 42) 168
(3, 18) 351
(25, 33) 88
(6, 13) 181
(28, 58) 156
(32, 61) 137
(31, 31) 0
(53, 46) 80
(18, 0) 284
(57, 43) 320
(40, 45) 117
(21, 21) 0
(4, 51) 38
(60, 48) 181
(43, 8) 495
(8, 54) 378
(7, 38) 163
(46, 7) 263
(11, 35) 89
(33, 18) 335
(16, 54) 431
(36, 57) 112
(58, 10) 115
(41, 50) 290
(61, 47) 280
(44, 41) 320
(9, 25) 217
(48, 44) 473
(12, 2) 226
(15, 23) 68
(37, 6) 127
(24, 5) 122
(62, 22) 148
(27, 16) 290
(49, 3) 183
(13, 29) 102
(52, 8) 61
(0, 62) 0
(20, 49) 179
(3, 27) 115
(25, 42) 168
(6, 4) 116
(28, 49) 196
(32, 52) 187
(31, 4) 130
(53, 55) 127
(57, 44) 319
(40, 20) 319
(21, 30) 64
(4, 58) 37
(43, 1) 461
(8, 61) 319
(7, 31) 21
(46, 14) 114
(29, 46) 262
(33, 43) 417
(16, 45) 395
(36, 32) 4
(58, 21) 128
(41, 59) 135
(61, 40) 235
(44, 32) 417
(9, 2) 156
(48, 35) 139
(12, 57) 55
(34, 10) 69
(15, 28) 65
(37, 15) 122
(24, 12) 91
(62, 25) 7
(49, 4) 110
(13, 22) 262
(52, 23) 169
(0, 53) 204
(20, 56) 210
(3, 0) 110
(25, 51) 135
(28, 8) 221
(50, 29) 199
(31, 13) 116
(53, 48) 357
(1, 42) 273
(57, 53) 191
(40, 27) 306
(21, 39) 132
(4, 33) 70
(43, 6) 353
(8, 36) 238
(7, 20) 19
(46, 17) 357
(29, 39) 120
(33, 44) 424
(16, 36) 339
(36, 47) 408
(58, 28) 156
(41, 60) 125
(22, 14) 236
(61, 33) 148
(44, 31) 328
(9, 11) 285
(12, 48) 233
(34, 5) 96
(17, 59) 280
(37, 8) 241
(24, 19) 267
(62, 0) 0
(45, 56) 52
(49, 61) 280
(13, 15) 103
(52, 30) 135
(0, 12) 48
(38, 25) 168
(3, 9) 262
(25, 52) 180
(28, 7) 79
(50, 20) 189
(31, 10) 67
(53, 57) 191
(1, 35) 97
(57, 62) 28
(40, 2) 490
(21, 32) 116
(4, 40) 434
(8, 43) 495
(7, 13) 102
(46, 24) 276
(29, 32) 76
(33, 37) 15
(16, 27) 290
(54, 40) 214
(58, 39) 194
(41, 37) 128
(22, 1) 217
(5, 55) 317
(61, 58) 174
(44, 22) 384
(9, 12) 258
(12, 47) 288
(34, 28) 110
(17, 60) 290
(37, 49) 189
(59, 12) 65
(24, 26) 323
(62, 11) 75
(45, 49) 406
(10, 21) 64
(49, 54) 336
(13, 8) 330
(0, 3) 110
(38, 16) 391
(3, 14) 258
(25, 61) 101
(28, 30) 76
(50, 15) 244
(53, 2) 367
(1, 36) 54
(40, 9) 486
(21, 41) 108
(4, 23) 105
(26, 36) 362
(7, 10) 79
(46, 35) 302
(29, 57) 45
(33, 62) 92
(16, 18) 27
(54, 35) 198
(58, 46) 349
(41, 46) 265
(22, 24) 118
(5, 48) 187
(61, 51) 208
(44, 13) 365
(9, 53) 335
(47, 0) 331
(12, 38) 113
(34, 23) 43
(17, 53) 388
(37, 58) 47
(59, 5) 167
(42, 55) 191
(62, 50) 196
(45, 42) 120
(10, 28) 61
(49, 47) 483
(13, 1) 143
(0, 26) 285
