General parameters 

20 64 720 750


Customer schedules 

0 0	0 [0,720]	
1 56	1 [0,720]	
2 35	2 [0,140]	3 [204,218]	4 [291,304]	5 [343,560]	6 [617,639]	7 [648,720]	
3 61	8 [0,17]	9 [133,136]	10 [291,296]	11 [300,351]	12 [458,564]	13 [630,720]	
4 70	14 [0,28]	15 [66,70]	16 [184,334]	17 [442,720]	
5 55	18 [0,720]	
6 54	19 [0,187]	20 [199,210]	21 [344,355]	22 [420,444]	23 [552,559]	24 [573,720]	
7 55	25 [0,720]	
8 58	26 [0,65]	27 [335,362]	28 [632,720]	
9 31	29 [0,87]	30 [110,112]	31 [325,343]	32 [572,720]	
10 69	33 [0,31]	34 [289,351]	35 [609,720]	
11 33	36 [0,23]	37 [135,256]	38 [368,720]	
12 69	39 [0,8]	40 [146,207]	41 [402,419]	42 [479,720]	
13 68	43 [0,720]	
14 42	44 [0,120]	45 [125,162]	46 [167,720]	
15 63	47 [0,48]	48 [283,296]	49 [560,573]	50 [692,720]	
16 22	51 [0,125]	52 [256,486]	53 [617,720]	
17 58	54 [0,62]	55 [209,459]	56 [606,720]	
18 65	57 [0,178]	58 [241,248]	59 [361,449]	60 [500,720]	
19 58	61 [0,720]	
20 47	62 [0,720]	
21 0	63 [0,720]	


Location coordinates

0 	 0.0 0.0
1 	 -34.6658257899 80.7825057446
2 	 65.6203675324 -156.1283616
3 	 33.7139172837 -153.526856402
4 	 67.326696782 -139.607196854
5 	 86.7572692897 -138.311623459
6 	 62.5391322179 -153.088582481
7 	 65.6203675324 -156.1283616
8 	 36.4587363887 -0.762526565666
9 	 56.9075056227 -55.2948070544
10 	 28.4403610212 17.2656861203
11 	 28.3033946382 19.3413782988
12 	 61.1983750659 -22.7576989986
13 	 36.4587363887 -0.762526565666
14 	 -25.9183014467 -104.145082725
15 	 -7.13497090689 -104.851714251
16 	 -26.8737728283 -158.060056723
17 	 -25.9183014467 -104.145082725
18 	 -84.9017722402 -23.5782520378
19 	 -45.3065972377 -87.5029037247
20 	 -45.9260383334 -81.6866015847
21 	 -35.7231389372 -147.892062775
22 	 -67.9600130761 -143.920746478
23 	 -46.1330237524 -94.5295742099
24 	 -45.3065972377 -87.5029037247
25 	 117.988010317 66.4100023476
26 	 132.638792572 17.5016242949
27 	 61.7378434234 -97.4800399119
28 	 132.638792572 17.5016242949
29 	 -152.351590883 -3.94712293481
30 	 -146.076148831 5.41539349927
31 	 -40.9858312412 21.7192295212
32 	 -152.351590883 -3.94712293481
33 	 -11.3066895995 62.5007953691
34 	 -138.044315147 39.0508078405
35 	 -11.3066895995 62.5007953691
36 	 0.18052923001 0.119959516756
37 	 21.7410150292 51.9451424343
38 	 0.18052923001 0.119959516756
39 	 -28.3575221844 -9.96100370834
40 	 6.14464159764 49.7151138953
41 	 -51.5702009717 -28.7470430334
42 	 -28.3575221844 -9.96100370834
43 	 2.15828907578 -3.89696685959
44 	 -72.7327038986 -25.9682626069
45 	 -73.7195256156 -28.3694818297
46 	 -72.7327038986 -25.9682626069
47 	 -85.4016347373 -48.0992076146
48 	 32.0234229196 -41.4929017543
49 	 -82.5282768808 -107.324502802
50 	 -85.4016347373 -48.0992076146
51 	 43.9802745248 -14.3401111452
52 	 59.895229848 49.1867560653
53 	 43.9802745248 -14.3401111452
54 	 -40.9629218732 18.7615531171
55 	 -34.2736694901 91.9662527328
56 	 -40.9629218732 18.7615531171
57 	 -14.6635751403 -96.7667246355
58 	 16.8145189314 -97.5987455513
59 	 -39.1905955558 -89.7723348605
60 	 -14.6635751403 -96.7667246355
61 	 -25.1428094098 -11.3794044012
62 	 104.85917998 45.781765943
63 	 0.0 0.0


Travel time matrix 

(32, 54) 227
(31, 6) 406
(53, 53) 0
(57, 50) 172
(40, 22) 415
(21, 28) 472
(4, 36) 310
(43, 3) 306
(8, 63) 73
(7, 25) 457
(46, 12) 268
(29, 44) 165
(33, 41) 199
(16, 47) 249
(36, 34) 287
(58, 19) 126
(41, 57) 155
(61, 38) 55
(44, 34) 184
(9, 0) 159
(48, 37) 188
(12, 59) 241
(34, 8) 358
(15, 30) 355
(37, 13) 109
(24, 14) 51
(62, 31) 296
(45, 61) 103
(49, 58) 199
(13, 20) 231
(52, 17) 351
(0, 55) 196
(20, 58) 129
(3, 2) 64
(25, 49) 530
(28, 10) 208
(50, 27) 310
(31, 15) 262
(53, 62) 171
(1, 40) 102
(57, 59) 51
(40, 29) 335
(21, 37) 416
(4, 35) 434
(8, 38) 73
(7, 22) 268
(46, 23) 147
(29, 37) 366
(33, 34) 258
(16, 38) 321
(36, 41) 118
(58, 26) 327
(41, 34) 220
(22, 12) 354
(61, 63) 55
(44, 25) 424
(9, 9) 0
(12, 50) 298
(34, 3) 516
(17, 57) 27
(37, 54) 142
(59, 9) 204
(24, 21) 122
(62, 6) 407
(45, 54) 115
(49, 51) 314
(13, 13) 0
(52, 24) 345
(0, 14) 215
(38, 31) 93
(3, 11) 346
(25, 58) 385
(28, 1) 358
(50, 18) 49
(53, 7) 287
(1, 33) 59
(57, 60) 0
(40, 4) 398
(21, 46) 255
(4, 42) 322
(8, 45) 227
(7, 15) 178
(46, 30) 160
(29, 62) 524
(33, 59) 309
(16, 29) 397
(54, 46) 110
(58, 37) 299
(41, 43) 118
(22, 7) 268
(5, 53) 262
(61, 56) 68
(44, 16) 280
(9, 50) 285
(47, 5) 389
(12, 41) 226
(34, 26) 543
(17, 50) 163
(37, 63) 112
(59, 14) 39
(24, 28) 413
(62, 9) 224
(45, 47) 46
(10, 19) 256
(49, 52) 423
(13, 6) 309
(0, 5) 327
(38, 22) 318
(25, 3) 471
(28, 24) 413
(50, 13) 261
(53, 0) 92
(1, 58) 371
(40, 11) 75
(21, 55) 479
(4, 17) 200
(26, 34) 543
(7, 4) 33
(46, 33) 215
(29, 55) 304
(33, 60) 319
(16, 20) 157
(54, 33) 106
(19, 1) 337
(58, 44) 229
(41, 44) 43
(22, 30) 337
(5, 62) 370
(61, 49) 224
(44, 15) 205
(9, 59) 204
(47, 2) 371
(12, 32) 429
(34, 21) 426
(17, 43) 208
(37, 56) 142
(59, 7) 248
(42, 53) 145
(62, 48) 227
(45, 40) 223
(10, 26) 208
(49, 45) 159
(13, 63) 73
(0, 28) 267
(38, 9) 159
(25, 4) 424
(63, 19) 197
(28, 23) 422
(50, 4) 356
(14, 38) 215
(53, 9) 86
(1, 51) 247
(21, 48) 252
(4, 24) 248
(26, 45) 423
(46, 40) 219
(29, 48) 376
(33, 53) 189
(16, 11) 372
(54, 56) 0
(19, 6) 252
(58, 55) 393
(41, 21) 240
(22, 17) 116
(5, 39) 345
(44, 6) 371
(9, 60) 165
(47, 11) 264
(30, 49) 259
(34, 44) 184
(17, 44) 182
(56, 1) 125
(37, 33) 69
(59, 28) 405
(42, 60) 176
(62, 59) 396
(45, 33) 220
(10, 5) 331
(49, 38) 271
(13, 56) 160
(35, 23) 321
(0, 19) 197
(38, 0) 0
(25, 13) 211
(63, 24) 197
(50, 63) 196
(14, 41) 159
(53, 18) 258
(1, 52) 199
(21, 57) 111
(4, 7) 33
(26, 52) 159
(46, 51) 235
(29, 9) 430
(51, 36) 92
(16, 2) 185
(54, 51) 182
(19, 15) 84
(2, 45) 378
(58, 62) 337
(41, 30) 201
(22, 40) 415
(5, 32) 549
(9, 37) 225
(47, 16) 249
(30, 56) 212
(34, 39) 240
(17, 37) 326
(56, 8) 160
(37, 42) 159
(59, 21) 116
(42, 39) 0
(23, 11) 272
(62, 34) 486
(45, 26) 423
(10, 12) 103
(13, 49) 319
(35, 28) 301
(18, 60) 203
(38, 59) 196
(60, 12) 212
(25, 22) 561
(63, 1) 176
(50, 54) 161
(14, 48) 171
(53, 27) 170
(1, 13) 216
(39, 24) 159
(4, 14) 200
(26, 63) 267
(46, 58) 229
(29, 2) 531
(51, 45) 237
(54, 10) 139
(19, 20) 12
(2, 36) 339
(58, 57) 63
(41, 7) 346
(22, 35) 428
(5, 41) 353
(9, 46) 266
(47, 25) 466
(30, 35) 293
(34, 62) 486
(17, 30) 325
(56, 15) 256
(55, 41) 244
(59, 42) 161
(42, 46) 94
(23, 0) 210
(6, 56) 401
(62, 37) 167
(45, 19) 131
(10, 55) 195
(32, 8) 378
(13, 42) 131
(35, 5) 447
(18, 55) 252
(38, 50) 196
(60, 11) 248
(25, 31) 330
(63, 14) 215
(11, 28) 209
(50, 49) 119
(14, 59) 39
(1, 6) 507
(39, 17) 188
(26, 6) 369
(46, 61) 100
(29, 27) 467
(51, 50) 267
(54, 13) 160
(19, 29) 272
(2, 63) 339
(41, 8) 185
(22, 58) 193
(5, 18) 413
(27, 45) 304
(47, 38) 196
(30, 42) 237
(34, 57) 367
(17, 23) 45
(56, 22) 330
(55, 38) 196
(20, 4) 254
(59, 35) 309
(42, 41) 60
(23, 25) 460
(6, 51) 280
(62, 44) 382
(45, 12) 270
(10, 62) 163
(32, 15) 353
(13, 35) 159
(35, 10) 120
(18, 46) 25
(38, 53) 92
(60, 2) 200
(43, 58) 190
(63, 55) 196
(11, 21) 358
(50, 40) 268
(14, 2) 211
(1, 31) 119
(39, 14) 188
(26, 1) 358
(48, 30) 368
(29, 20) 264
(51, 59) 225
(15, 33) 335
(54, 4) 384
(19, 34) 314
(2, 54) 410
(22, 61) 279
(5, 27) 96
(27, 34) 484
(47, 47) 0
(30, 45) 159
(34, 48) 376
(17, 8) 241
(56, 29) 227
(55, 63) 196
(20, 3) 215
(59, 56) 217
(42, 16) 296
(23, 22) 108
(6, 42) 339
(45, 5) 389
(10, 57) 244
(32, 6) 522
(31, 54) 6
(35, 51) 189
(18, 41) 67
(57, 2) 200
(38, 44) 154
(60, 25) 421
(43, 51) 86
(63, 60) 196
(11, 10) 4
(50, 35) 266
(14, 5) 235
(36, 18) 176
(1, 16) 478
(39, 7) 348
(26, 8) 196
(48, 21) 252
(51, 0) 92
(15, 46) 205
(54, 31) 6
(19, 43) 192
(2, 49) 312
(22, 52) 463
(5, 4) 39
(27, 59) 202
(47, 52) 349
(30, 20) 265
(52, 33) 145
(17, 1) 370
(56, 36) 90
(55, 52) 207
(20, 10) 248
(3, 50) 318
(59, 49) 94
(42, 27) 251
(23, 47) 122
(6, 45) 369
(10, 32) 364
(32, 29) 0
(31, 63) 93
(35, 56) 106
(18, 32) 140
(57, 11) 248
(38, 39) 60
(60, 16) 125
(43, 40) 108
(8, 22) 354
(63, 37) 112
(11, 3) 346
(14, 12) 238
(36, 25) 270
(39, 60) 176
(61, 15) 190
(26, 19) 413
(48, 12) 69
(51, 9) 86
(15, 55) 397
(54, 22) 330
(19, 48) 180
(2, 8) 316
(24, 37) 309
(5, 13) 292
(27, 48) 127
(47, 61) 141
(30, 31) 213
(52, 40) 108
(56, 43) 97
(55, 13) 233
(20, 17) 60
(3, 59) 194
(59, 54) 217
(42, 2) 348
(23, 36) 210
(6, 36) 331
(10, 43) 67
(32, 20) 264
(31, 36) 93
(35, 33) 0
(18, 27) 328
(57, 12) 212
(40, 52) 108
(60, 47) 172
(43, 33) 135
(8, 29) 378
(7, 63) 339
(63, 34) 287
(11, 56) 139
(33, 11) 117
(14, 23) 45
(36, 0) 0
(39, 53) 145
(61, 8) 125
(26, 26) 0
(48, 3) 224
(12, 25) 211
(51, 14) 228
(15, 60) 22
(19, 57) 64
(2, 3) 64
(24, 44) 135
(27, 9) 85
(47, 58) 227
(30, 6) 524
(52, 55) 207
(56, 50) 161
(55, 10) 195
(20, 24) 12
(3, 32) 477
(42, 13) 131
(23, 61) 171
(6, 31) 406
(28, 40) 261
(32, 43) 309
(31, 45) 120
(35, 38) 127
(18, 18) 0
(57, 21) 111
(40, 59) 293
(21, 7) 203
(60, 38) 196
(43, 38) 9
(8, 4) 284
(7, 52) 411
(63, 43) 9
(11, 49) 337
(33, 12) 223
(14, 30) 325
(36, 15) 210
(39, 50) 137
(61, 1) 185
(44, 63) 154
(48, 58) 116
(12, 16) 323
(51, 23) 241
(15, 5) 199
(19, 62) 402
(2, 26) 372
(24, 51) 231
(27, 14) 176
(49, 29) 249
(30, 9) 424
(52, 62) 90
(0, 44) 154
(56, 57) 237
(55, 3) 509
(20, 39) 148
(3, 41) 302
(23, 58) 126
(6, 22) 262
(28, 39) 326
(32, 34) 91
(31, 42) 68
(35, 47) 266
(18, 13) 247
(57, 30) 333
(40, 34) 289
(21, 0) 304
(60, 61) 172
(43, 31) 100
(8, 11) 43
(7, 45) 378
(11, 54) 139
(33, 5) 447
(16, 59) 139
(36, 54) 90
(58, 7) 152
(39, 43) 62
(61, 26) 321
(44, 54) 110
(48, 49) 264
(12, 15) 214
(51, 28) 188
(15, 2) 178
(37, 17) 326
(2, 21) 203
(24, 58) 126
(27, 7) 118
(49, 22) 79
(52, 5) 379
(0, 35) 127
(55, 24) 359
(20, 46) 124
(3, 46) 332
(23, 51) 241
(6, 9) 196
(28, 62) 79
(32, 57) 332
(31, 19) 219
(53, 34) 379
(18, 4) 383
(57, 39) 176
(40, 41) 195
(21, 9) 262
(4, 55) 506
(60, 52) 328
(43, 20) 183
(8, 50) 261
(7, 42) 348
(46, 3) 332
(11, 47) 264
(33, 30) 293
(16, 50) 249
(36, 61) 55
(58, 14) 86
(39, 32) 248
(61, 19) 157
(44, 45) 5
(9, 21) 262
(48, 40) 190
(12, 6) 260
(15, 11) 258
(37, 26) 232
(24, 1) 337
(62, 18) 404
(27, 28) 270
(49, 15) 151
(52, 12) 144
(0, 58) 198
(55, 17) 392
(20, 53) 225
(3, 23) 199
(25, 38) 270
(6, 0) 331
(28, 53) 188
(32, 48) 376
(31, 24) 219
(53, 43) 86
(57, 40) 296
(40, 16) 421
(21, 18) 267
(4, 62) 378
(60, 51) 202
(43, 13) 69
(8, 57) 218
(7, 35) 464
(46, 10) 220
(11, 36) 68
(33, 23) 321
(16, 41) 263
(36, 36) 0
(58, 9) 117
(41, 55) 244
(61, 44) 100
(44, 36) 154
(9, 30) 424
(48, 47) 235
(12, 61) 174
(34, 14) 364
(15, 16) 114
(37, 3) 412
(24, 8) 238
(62, 21) 478
(27, 21) 219
(49, 0) 271
(13, 26) 196
(52, 11) 87
(0, 49) 271
(20, 60) 69
(3, 28) 395
(25, 47) 466
(28, 12) 164
(32, 55) 304
(31, 1) 119
(53, 52) 131
(57, 49) 137
(40, 23) 307
(21, 27) 219
(4, 37) 393
(43, 2) 330
(8, 32) 378
(7, 24) 261
(46, 13) 224
(29, 43) 309
(33, 40) 43
(16, 32) 397
(36, 35) 127
(58, 16) 149
(41, 56) 97
(22, 10) 376
(61, 37) 158
(44, 35) 215
(9, 7) 202
(48, 38) 105
(12, 52) 144
(34, 9) 433
(15, 25) 424
(37, 12) 169
(24, 15) 84
(62, 28) 79
(45, 60) 181
(49, 57) 137
(13, 19) 238
(52, 18) 324
(0, 8) 73
(20, 59) 21
(3, 5) 110
(25, 48) 276
(28, 11) 209
(50, 24) 112
(31, 14) 254
(53, 61) 138
(1, 47) 277
(57, 58) 63
(40, 30) 317
(21, 36) 304
(4, 44) 360
(8, 39) 131
(7, 17) 211
(46, 20) 124
(29, 36) 305
(33, 33) 0
(16, 39) 296
(36, 42) 60
(58, 27) 90
(41, 33) 199
(22, 13) 354
(61, 62) 283
(44, 26) 420
(9, 8) 116
(12, 51) 38
(34, 0) 287
(17, 56) 248
(37, 53) 140
(59, 8) 234
(24, 22) 122
(62, 7) 411
(45, 53) 237
(49, 50) 119
(13, 12) 66
(52, 25) 121
(0, 15) 210
(38, 28) 267
(3, 10) 342
(25, 57) 421
(28, 2) 372
(50, 19) 112
(53, 6) 280
(1, 32) 290
(40, 5) 409
(21, 45) 251
(4, 43) 301
(8, 46) 224
(7, 14) 211
(46, 31) 115
(29, 61) 255
(33, 58) 325
(16, 30) 405
(54, 47) 161
(58, 34) 413
(41, 42) 60
(22, 4) 271
(5, 52) 379
(61, 55) 207
(44, 17) 182
(9, 49) 298
(47, 4) 356
(12, 42) 181
(34, 27) 484
(17, 49) 113
(37, 62) 167
(59, 1) 341
(24, 29) 272
(62, 14) 398
(45, 46) 5
(10, 16) 368
(49, 43) 267
(13, 5) 292
(0, 6) 331
(38, 23) 210
(25, 2) 457
(63, 21) 304
(28, 25) 102
(50, 10) 262
(53, 15) 208
(1, 57) 357
(40, 12) 182
(21, 54) 333
(4, 18) 383
(26, 35) 301
(7, 7) 0
(46, 38) 154
(29, 54) 227
(33, 51) 189
(16, 21) 27
(54, 38) 90
(19, 0) 197
(58, 45) 228
(41, 19) 118
(22, 31) 336
(5, 61) 338
(61, 48) 129
(44, 8) 224
(9, 58) 117
(47, 13) 261
(12, 33) 223
(34, 18) 164
(17, 42) 188
(37, 39) 159
(59, 6) 240
(42, 50) 137
(62, 49) 484
(45, 39) 98
(10, 27) 239
(49, 44) 164
(13, 62) 165
(35, 17) 335
(0, 29) 305
(38, 14) 215
(25, 11) 203
(63, 18) 176
(28, 16) 474
(50, 5) 389
(14, 39) 188
(53, 8) 31
(1, 50) 277
(21, 63) 304
(4, 25) 424
(26, 42) 326
(46, 41) 43
(29, 15) 353
(33, 52) 145
(16, 12) 323
(54, 57) 237
(19, 9) 214
(58, 52) 306
(41, 20) 106
(22, 22) 0
(5, 38) 327
(44, 7) 380
(9, 35) 272
(47, 10) 262
(30, 54) 212
(34, 45) 186
(17, 35) 335
(56, 2) 410
(37, 32) 366
(59, 31) 223
(42, 61) 7
(23, 13) 250
(62, 56) 297
(45, 32) 164
(10, 2) 355
(49, 37) 381
(13, 55) 233
(35, 22) 428
(0, 20) 187
(38, 1) 176
(25, 12) 211
(63, 27) 231
(50, 60) 172
(14, 46) 182
(53, 17) 228
(1, 11) 176
(21, 56) 333
(4, 0) 310
(26, 53) 188
(46, 48) 212
(29, 8) 378
(51, 39) 145
(16, 3) 122
(54, 48) 189
(19, 14) 51
(2, 42) 348
(58, 63) 198
(41, 29) 207
(22, 41) 233
(5, 47) 389
(9, 36) 159
(47, 19) 112
(30, 57) 333
(34, 36) 287
(17, 36) 215
(56, 9) 245
(37, 41) 218
(59, 20) 21
(42, 36) 60
(23, 10) 269
(62, 35) 235
(45, 25) 428
(10, 13) 39
(13, 48) 82
(35, 31) 101
(18, 61) 122
(38, 56) 90
(60, 13) 218
(25, 21) 527
(63, 0) 0
(50, 55) 298
(14, 49) 113
(53, 26) 188
(1, 12) 282
(39, 27) 251
(4, 15) 164
(26, 60) 373
(46, 59) 144
(29, 1) 290
(51, 44) 235
(54, 11) 139
(19, 23) 14
(2, 37) 425
(41, 6) 338
(22, 32) 327
(5, 40) 409
(9, 45) 267
(47, 24) 112
(30, 32) 23
(34, 63) 287
(17, 29) 323
(56, 16) 355
(55, 40) 117
(59, 45) 141
(42, 47) 137
(23, 3) 199
(6, 57) 191
(62, 42) 288
(45, 18) 24
(10, 52) 90
(32, 9) 430
(13, 41) 185
(35, 4) 434
(18, 52) 324
(38, 51) 92
(60, 4) 185
(25, 30) 542
(63, 9) 159
(11, 31) 139
(50, 46) 51
(14, 56) 248
(1, 5) 501
(39, 16) 296
(26, 7) 372
(48, 24) 180
(29, 26) 572
(51, 53) 0
(54, 2) 410
(19, 28) 413
(2, 60) 200
(41, 15) 176
(22, 59) 123
(5, 17) 235
(27, 44) 305
(47, 33) 266
(30, 43) 297
(34, 54) 198
(17, 22) 116
(56, 23) 227
(55, 33) 75
(20, 5) 288
(59, 34) 325
(42, 22) 279
(23, 24) 14
(6, 48) 231
(62, 45) 386
(45, 11) 225
(10, 63) 66
(32, 0) 305
(13, 34) 358
(35, 13) 159
(18, 47) 49
(38, 42) 60
(60, 3) 149
(43, 61) 57
(63, 54) 90
(11, 20) 251
(50, 41) 78
(14, 3) 155
(36, 20) 187
(1, 30) 269
(39, 9) 193
(26, 14) 400
(48, 31) 193
(29, 19) 272
(51, 58) 175
(15, 32) 353
(54, 5) 405
(19, 37) 309
(2, 55) 535
(22, 50) 195
(5, 26) 325
(27, 37) 309
(47, 46) 51
(30, 18) 135
(34, 49) 313
(17, 15) 38
(56, 30) 212
(55, 62) 293
(20, 12) 244
(59, 59) 0
(42, 17) 188
(23, 17) 45
(6, 43) 322
(45, 4) 359
(10, 38) 66
(32, 7) 531
(31, 49) 271
(35, 50) 266
(18, 38) 176
(57, 1) 357
(38, 45) 158
(60, 26) 373
(43, 50) 196
(8, 16) 339
(63, 63) 0
(11, 13) 43
(50, 32) 160
(14, 10) 266
(36, 19) 197
(1, 23) 351
(39, 6) 339
(26, 9) 210
(48, 22) 286
(51, 3) 279
(15, 41) 176
(54, 28) 347
(19, 42) 159
(2, 14) 211
(22, 53) 342
(5, 3) 110
(27, 58) 90
(47, 55) 298
(30, 21) 378
(52, 34) 396
(17, 0) 215
(56, 37) 142
(55, 55) 0
(20, 11) 251
(3, 53) 279
(59, 48) 172
(42, 24) 159
(23, 46) 147
(6, 34) 555
(10, 33) 120
(32, 30) 23
(31, 62) 296
(35, 59) 309
(18, 33) 227
(57, 10) 244
(38, 36) 0
(60, 17) 27
(43, 43) 0
(8, 23) 250
(63, 36) 0
(11, 2) 359
(14, 13) 241
(36, 26) 267
(39, 63) 60
(61, 14) 186
(26, 16) 474
(48, 13) 82
(51, 8) 31
(15, 54) 256
(54, 23) 227
(19, 51) 231
(2, 9) 202
(24, 38) 197
(5, 12) 237
(27, 51) 170
(47, 60) 172
(30, 28) 558
(52, 41) 272
(56, 44) 110
(55, 12) 298
(20, 18) 140
(3, 58) 117
(42, 3) 313
(23, 39) 173
(6, 37) 418
(10, 40) 79
(32, 21) 371
(31, 39) 68
(35, 32) 312
(18, 24) 150
(57, 19) 64
(40, 53) 149
(60, 40) 296
(43, 32) 309
(8, 30) 365
(7, 62) 411
(63, 45) 158
(11, 59) 257
(33, 10) 120
(14, 20) 60
(36, 1) 176
(39, 52) 212
(61, 7) 342
(26, 27) 270
(48, 4) 209
(12, 26) 164
(51, 17) 228
(15, 63) 210
(19, 56) 213
(2, 0) 339
(24, 45) 131
(27, 8) 200
(49, 27) 289
(30, 7) 533
(52, 48) 190
(56, 51) 182
(55, 5) 520
(20, 25) 442
(3, 35) 441
(42, 10) 126
(23, 60) 63
(6, 28) 369
(28, 41) 380
(32, 44) 165
(31, 44) 115
(35, 41) 199
(18, 19) 150
(57, 20) 69
(40, 60) 296
(21, 6) 197
(60, 39) 176
(43, 25) 271
(8, 5) 292
(7, 55) 535
(63, 42) 60
(11, 48) 122
(33, 3) 441
(14, 31) 254
(36, 8) 73
(39, 45) 98
(61, 0) 55
(44, 56) 110
(48, 59) 172
(12, 17) 238
(51, 22) 342
(15, 4) 164
(37, 23) 322
(2, 27) 118
(24, 52) 345
(27, 1) 405
(49, 28) 497
(30, 14) 325
(52, 63) 155
(0, 45) 158
(56, 58) 260
(55, 2) 535
(20, 32) 264
(3, 40) 410
(23, 53) 241
(6, 23) 247
(28, 32) 572
(32, 35) 312
(31, 21) 339
(35, 46) 215
(18, 10) 241
(57, 29) 332
(40, 35) 43
(21, 15) 103
(60, 62) 372
(43, 30) 297
(8, 12) 66
(7, 44) 380
(11, 41) 186
(33, 4) 434
(16, 60) 125
(36, 55) 196
(58, 4) 131
(39, 42) 0
(61, 25) 325
(44, 55) 248
(9, 19) 214
(48, 50) 235
(12, 8) 66
(51, 31) 185
(15, 13) 226
(37, 16) 431
(2, 18) 401
(24, 59) 13
(27, 6) 111
(49, 21) 124
(52, 6) 404
(0, 36) 0
(55, 27) 425
(20, 47) 104
(3, 17) 155
(23, 50) 122
(6, 14) 202
(28, 63) 267
(32, 58) 387
(31, 18) 126
(53, 33) 189
(18, 5) 413
(57, 38) 196
(40, 42) 138
(21, 8) 328
(4, 48) 209
(60, 53) 202
(43, 23) 205
(8, 51) 31
(7, 37) 425
(46, 0) 154
(11, 46) 221
(33, 29) 312
(16, 51) 320
(36, 62) 228
(58, 15) 50
(39, 35) 149
(61, 18) 122
(44, 46) 0
(9, 20) 212
(48, 41) 169
(12, 7) 267
(15, 10) 254
(37, 25) 195
(24, 2) 261
(62, 19) 402
(27, 31) 315
(49, 14) 113
(52, 13) 110
(0, 59) 196
(55, 16) 500
(20, 54) 201
(3, 22) 204
(25, 37) 195
(6, 1) 507
(28, 54) 347
(32, 49) 249
(31, 27) 315
(53, 42) 145
(57, 47) 172
(40, 17) 314
(21, 17) 90
(4, 63) 310
(43, 12) 124
(8, 58) 198
(7, 34) 564
(46, 11) 221
(11, 39) 128
(33, 22) 428
(16, 42) 296
(36, 37) 112
(58, 22) 193
(41, 54) 97
(61, 43) 57
(44, 37) 245
(9, 29) 430
(48, 32) 376
(12, 62) 163
(34, 15) 389
(15, 19) 84
(37, 2) 425
(24, 9) 214
(62, 26) 79
(27, 20) 218
(49, 7) 312
(13, 25) 211
(52, 20) 337
(0, 50) 196
(20, 61) 147
(3, 31) 381
(25, 46) 424
(28, 13) 196
(50, 30) 162
(31, 0) 93
(53, 51) 0
(57, 48) 145
(40, 24) 293
(21, 26) 472
(4, 38) 310
(43, 5) 318
(8, 33) 159
(7, 27) 118
(46, 18) 25
(29, 42) 248
(33, 47) 266
(16, 33) 442
(36, 44) 154
(58, 17) 86
(41, 63) 118
(22, 11) 379
(61, 36) 55
(44, 28) 420
(9, 6) 196
(48, 39) 136
(12, 53) 38
(34, 6) 555
(15, 24) 84
(37, 11) 67
(24, 16) 146
(62, 29) 524
(45, 59) 141
(49, 56) 266
(13, 18) 247
(52, 19) 345
(0, 9) 159
(38, 26) 267
(3, 4) 73
(25, 55) 309
(28, 4) 340
(50, 25) 466
(31, 9) 249
(53, 60) 202
(1, 46) 227
(57, 57) 0
(40, 31) 110
(21, 35) 424
(4, 45) 359
(8, 40) 118
(7, 16) 185
(46, 21) 255
(29, 35) 312
(33, 32) 312
(16, 24) 146
(36, 43) 9
(58, 24) 126
(41, 32) 207
(22, 2) 268
(61, 61) 0
(44, 27) 305
(9, 15) 162
(12, 44) 268
(34, 1) 223
(17, 63) 215
(37, 52) 77
(59, 11) 257
(24, 23) 14
(62, 4) 378
(45, 52) 309
(10, 22) 376
(49, 49) 0
(13, 11) 43
(52, 26) 159
(0, 0) 0
(38, 29) 305
(3, 13) 306
(25, 56) 332
(28, 3) 395
(50, 16) 249
(53, 5) 262
(1, 39) 182
(40, 6) 421
(21, 44) 255
(4, 20) 254
(8, 47) 261
(7, 9) 202
(46, 28) 420
(29, 60) 332
(33, 57) 319
(16, 31) 361
(54, 44) 110
(58, 35) 325
(41, 41) 0
(22, 5) 310
(5, 51) 262
(61, 54) 68
(44, 18) 25
(9, 48) 57
(47, 7) 371
(12, 43) 124
(34, 24) 314
(17, 48) 171
(37, 61) 158
(59, 0) 196
(24, 30) 274
(62, 15) 375
(45, 45) 0
(10, 17) 266
(49, 42) 223
(13, 4) 284
(0, 7) 339
(38, 20) 187
(25, 1) 307
(63, 20) 187
(28, 26) 0
(50, 11) 264
(53, 14) 228
(1, 56) 125
(40, 13) 118
(21, 53) 311
(4, 19) 248
(26, 32) 572
(7, 6) 9
(46, 39) 94
(29, 53) 393
(33, 50) 266
(16, 22) 87
(54, 39) 63
(19, 3) 206
(58, 42) 197
(41, 18) 67
(22, 28) 515
(5, 60) 219
(44, 9) 266
(9, 57) 165
(47, 12) 298
(12, 34) 417
(34, 19) 314
(17, 41) 159
(37, 38) 112
(59, 25) 443
(42, 51) 145
(62, 54) 297
(45, 38) 158
(10, 24) 256
(49, 35) 368
(13, 61) 125
(35, 16) 442
(0, 30) 292
(38, 15) 210
(25, 10) 204
(63, 29) 305
(28, 17) 400
(50, 2) 371
(14, 36) 215
(53, 23) 241
(1, 49) 388
(21, 62) 478
(4, 26) 340
(26, 43) 264
(46, 46) 0
(29, 14) 323
(51, 33) 189
(16, 13) 339
(54, 62) 297
(19, 8) 238
(58, 53) 175
(41, 27) 265
(22, 23) 108
(5, 37) 401
(44, 0) 154
(9, 34) 433
(47, 21) 223
(30, 55) 283
(34, 42) 240
(17, 34) 364
(56, 3) 376
(37, 47) 293
(59, 30) 286
(42, 58) 197
(23, 12) 258
(62, 57) 372
(45, 31) 120
(10, 3) 342
(49, 36) 271
(13, 54) 160
(35, 25) 259
(0, 21) 304
(38, 6) 331
(25, 19) 449
(63, 26) 267
(50, 61) 141
(14, 47) 163
(53, 16) 320
(1, 10) 179
(39, 29) 248
(4, 1) 486
(26, 50) 455
(46, 49) 164
(29, 7) 531
(51, 38) 92
(16, 4) 192
(54, 49) 266
(19, 17) 51
(2, 43) 330
(58, 60) 63
(41, 28) 380
(22, 46) 236
(5, 46) 390
(9, 43) 150
(47, 18) 49
(30, 62) 508
(34, 37) 321
(17, 27) 176
(56, 10) 139
(37, 40) 32
(59, 23) 17
(42, 37) 159
(23, 5) 280
(62, 32) 524
(45, 24) 131
(10, 10) 0
(13, 47) 261
(35, 30) 293
(18, 58) 252
(38, 57) 196
(60, 14) 27
(25, 20) 442
(63, 3) 314
(11, 25) 203
(50, 52) 349
(14, 54) 248
(53, 25) 219
(1, 3) 488
(39, 26) 326
(4, 8) 284
(26, 61) 321
(46, 56) 110
(29, 0) 305
(51, 47) 267
(54, 8) 160
(19, 22) 122
(2, 34) 564
(41, 5) 353
(22, 33) 428
(5, 23) 280
(9, 44) 266
(47, 27) 310
(30, 33) 293
(34, 60) 367
(17, 28) 400
(56, 17) 248
(55, 43) 205
(59, 44) 144
(42, 44) 94
(23, 2) 255
(6, 62) 407
(62, 43) 228
(45, 17) 179
(10, 53) 70
(32, 10) 364
(13, 40) 118
(35, 7) 464
(18, 53) 258
(38, 48) 105
(60, 5) 219
(25, 29) 559
(63, 8) 73
(11, 30) 350
(50, 47) 0
(14, 57) 27
(1, 4) 486
(39, 19) 159
(26, 4) 340
(48, 25) 276
(29, 25) 559
(51, 52) 131
(54, 3) 376
(19, 31) 219
(2, 61) 342
(41, 14) 159
(22, 56) 330
(5, 16) 231
(27, 47) 310
(47, 32) 160
(30, 40) 317
(34, 55) 233
(17, 21) 90
(56, 24) 213
(55, 32) 304
(20, 6) 259
(59, 37) 308
(42, 23) 173
(23, 27) 216
(6, 49) 304
(45, 10) 224
(10, 60) 244
(32, 1) 290
(13, 33) 159
(35, 12) 223
(18, 44) 25
(38, 43) 9
(60, 28) 373
(43, 60) 189
(63, 49) 271
(11, 23) 272
(50, 38) 196
(14, 0) 215
(36, 21) 304
(1, 29) 290
(39, 8) 131
(26, 15) 372
(48, 16) 261
(29, 18) 140
(51, 61) 138
(15, 35) 335
(54, 26) 347
(19, 36) 197
(2, 52) 411
(22, 51) 342
(5, 25) 414
(27, 36) 231
(47, 41) 78
(30, 19) 274
(52, 36) 155
(17, 14) 0
(56, 31) 6
(55, 57) 379
(20, 13) 231
(59, 58) 113
(42, 30) 237
(23, 16) 133
(6, 40) 421
(45, 3) 330
(10, 39) 126
(32, 24) 272
(31, 48) 193
(35, 53) 189
(18, 39) 116
(57, 0) 196
(38, 34) 287
(60, 27) 153
(43, 53) 86
(8, 17) 241
(63, 62) 228
(11, 12) 107
(50, 33) 266
(14, 11) 270
(36, 28) 267
(1, 22) 454
(39, 1) 182
(26, 22) 515
(48, 23) 189
(51, 2) 287
(15, 40) 310
(54, 29) 227
(19, 45) 131
(2, 15) 178
(24, 32) 272
(5, 2) 55
(27, 61) 245
(47, 54) 161
(30, 26) 558
(52, 35) 145
(17, 7) 211
(56, 38) 90
(55, 54) 147
(20, 20) 0
(3, 52) 409
(59, 51) 225
(42, 25) 330
(23, 41) 132
(6, 35) 456
(10, 46) 220
(32, 31) 229
(31, 57) 243
(35, 58) 325
(18, 30) 135
(57, 9) 165
(38, 37) 112
(60, 18) 203
(43, 42) 62
(8, 24) 238
(63, 39) 60
(11, 5) 335
(14, 18) 200
(36, 27) 231
(39, 62) 288
(61, 13) 125
(26, 17) 400
(48, 14) 171
(12, 28) 164
(51, 11) 74
(15, 49) 151
(54, 20) 201
(19, 50) 112
(2, 6) 9
(24, 39) 159
(5, 11) 335
(27, 50) 310
(47, 63) 196
(30, 29) 23
(52, 42) 212
(56, 45) 115
(55, 15) 397
(20, 19) 12
(3, 61) 308
(42, 0) 60
(23, 38) 210
(6, 26) 369
(10, 41) 184
(32, 22) 327
(31, 38) 93
(35, 35) 0
(18, 25) 444
(57, 18) 203
(40, 54) 113
(60, 41) 155
(43, 35) 135
(8, 31) 161
(7, 57) 200
(63, 44) 154
(11, 58) 235
(33, 9) 272
(14, 21) 90
(36, 2) 339
(39, 55) 204
(61, 6) 333
(26, 24) 413
(48, 5) 222
(12, 27) 149
(51, 16) 320
(15, 62) 375
(19, 59) 13
(2, 1) 515
(24, 46) 135
(27, 11) 243
(49, 26) 497
(30, 4) 516
(52, 49) 423
(56, 52) 211
(55, 4) 506
(20, 26) 408
(3, 34) 516
(42, 11) 128
(23, 63) 210
(6, 29) 522
(28, 42) 326
(32, 45) 164
(31, 47) 165
(35, 40) 43
(18, 16) 293
(57, 27) 153
(40, 61) 137
(21, 5) 246
(60, 32) 332
(43, 24) 192
(8, 6) 309
(7, 54) 410
(11, 51) 74
(33, 2) 464
(14, 28) 400
(36, 9) 159
(39, 44) 94
(61, 31) 73
(44, 57) 183
(48, 60) 145
(12, 18) 292
(51, 25) 219
(15, 7) 178
(37, 22) 430
(2, 24) 261
(24, 53) 231
(27, 0) 231
(49, 19) 84
(30, 15) 355
(52, 56) 211
(0, 46) 154
(56, 59) 217
(55, 29) 304
(20, 33) 297
(3, 43) 306
(23, 52) 357
(6, 20) 259
(28, 33) 301
(32, 36) 305
(31, 20) 207
(53, 39) 145
(18, 11) 242
(57, 28) 373
(40, 36) 100
(21, 14) 90
(60, 63) 196
(43, 17) 208
(8, 13) 0
(7, 47) 371
(11, 40) 75
(33, 27) 352
(16, 61) 293
(36, 48) 105
(58, 5) 162
(39, 37) 159
(61, 24) 157
(44, 48) 212
(9, 18) 290
(48, 51) 59
(12, 9) 66
(51, 30) 382
(15, 12) 214
(37, 31) 139
(2, 19) 261
(24, 60) 64
(27, 25) 347
(49, 20) 89
(52, 7) 411
(0, 37) 112
(55, 26) 366
(20, 40) 283
(3, 16) 122
(25, 35) 259
(6, 15) 169
(28, 56) 347
(32, 59) 284
(31, 29) 229
(53, 32) 393
(18, 2) 401
(57, 37) 306
(40, 43) 108
(21, 23) 109
(4, 49) 307
(60, 54) 237
(43, 22) 313
(8, 52) 110
(7, 36) 339
(46, 1) 227
(11, 33) 117
(33, 28) 301
(16, 52) 449
(36, 63) 0
(58, 12) 174
(39, 34) 240
(61, 17) 186
(44, 47) 51
(9, 27) 85
(48, 42) 136
(12, 0) 130
(15, 21) 103
(37, 24) 309
(24, 3) 206
(62, 16) 485
(27, 30) 463
(49, 13) 319
(13, 31) 161
(52, 14) 351
(0, 60) 196
(55, 19) 359
(20, 55) 348
(3, 25) 471
(25, 36) 270
(6, 6) 0
(28, 55) 366
(32, 50) 160
(31, 26) 347
(53, 41) 193
(57, 46) 183
(40, 18) 234
(21, 16) 27
(4, 56) 384
(43, 15) 203
(8, 59) 234
(7, 29) 531
(46, 8) 224
(11, 38) 68
(33, 21) 424
(16, 43) 314
(36, 38) 0
(58, 23) 126
(41, 53) 193
(61, 42) 7
(44, 38) 154
(9, 28) 210
(48, 33) 225
(12, 63) 130
(34, 12) 417
(15, 18) 225
(37, 1) 127
(24, 10) 256
(62, 27) 299
(27, 23) 216
(49, 6) 304
(13, 24) 238
(52, 21) 438
(0, 51) 92
(20, 62) 395
(3, 30) 480
(25, 45) 428
(28, 14) 400
(50, 31) 165
(31, 3) 381
(53, 50) 267
(57, 55) 379
(40, 25) 226
(21, 25) 527
(4, 39) 322
(43, 4) 301
(8, 34) 358
(7, 26) 372
(46, 19) 135
(29, 41) 207
(33, 46) 215
(16, 34) 453
(36, 45) 158
(58, 30) 385
(41, 62) 346
(22, 8) 354
(61, 35) 150
(44, 29) 165
(9, 5) 176
(12, 54) 220
(34, 7) 564
(15, 27) 139
(37, 10) 71
(24, 17) 51
(62, 2) 411
(45, 58) 228
(49, 63) 271
(13, 17) 241
(52, 28) 159
(0, 10) 66
(38, 27) 231
(3, 7) 64
(25, 54) 332
(28, 5) 325
(50, 22) 195
(31, 8) 161
(53, 59) 225
(1, 45) 232
(57, 56) 237
(40, 0) 100
(21, 34) 426
(4, 46) 360
(8, 41) 185
(7, 19) 261
(46, 26) 420
(29, 34) 91
(33, 39) 149
(16, 25) 534
(54, 42) 63
(58, 25) 385
(41, 39) 60
(22, 3) 204
(61, 60) 172
(44, 20) 124
(9, 14) 192
(12, 45) 270
(34, 30) 69
(17, 62) 398
(37, 51) 140
(59, 10) 253
(24, 24) 0
(62, 5) 370
(45, 51) 237
(10, 23) 269
(49, 48) 264
(13, 10) 39
(52, 27) 293
(0, 1) 176
(38, 18) 176
(3, 12) 267
(25, 63) 270
(28, 28) 0
(50, 17) 163
(53, 4) 255
(1, 38) 176
(40, 7) 429
(21, 43) 298
(4, 21) 207
(26, 38) 267
(7, 8) 316
(46, 29) 165
(29, 59) 284
(33, 56) 106
(16, 16) 0
(54, 45) 115
(58, 32) 387
(41, 40) 195
(22, 26) 515
(5, 50) 389
(61, 53) 138
(44, 19) 135
(9, 55) 346
(47, 6) 362
(12, 36) 130
(34, 25) 515
(17, 55) 392
(37, 60) 306
(59, 3) 194
(24, 31) 219
(62, 12) 163
(45, 44) 5
(10, 30) 350
(49, 41) 169
(13, 3) 306
(0, 24) 197
(38, 21) 304
(25, 0) 270
(63, 23) 210
(28, 27) 270
(50, 8) 261
(14, 34) 364
(53, 13) 31
(1, 63) 176
(40, 14) 314
(21, 52) 438
(4, 28) 340
(26, 33) 301
(7, 1) 515
(46, 36) 154
(29, 52) 438
(33, 49) 368
(16, 23) 133
(54, 36) 90
(19, 2) 261
(58, 43) 190
(41, 17) 159
(22, 29) 327
(5, 59) 270
(44, 10) 220
(9, 56) 245
(47, 15) 193
(12, 35) 223
(34, 16) 453
(17, 40) 314
(37, 37) 0
(59, 24) 13
(42, 48) 136
(62, 55) 293
(45, 37) 250
(10, 25) 204
(49, 34) 313
(13, 60) 218
(35, 19) 307
(0, 31) 93
(38, 12) 130
(25, 9) 272
(63, 28) 267
(28, 18) 442
(50, 3) 318
(14, 37) 326
(53, 22) 342
(1, 48) 279
(21, 61) 274
(4, 27) 85
(26, 40) 261
(46, 47) 51
(29, 13) 378
(51, 32) 393
(16, 14) 108
(54, 63) 90
(19, 11) 259
(58, 50) 227
(41, 26) 380
(22, 20) 132
(5, 36) 327
(44, 1) 227
(9, 33) 272
(47, 20) 104
(30, 52) 421
(34, 43) 293
(17, 33) 335
(56, 4) 384
(37, 46) 245
(59, 17) 39
(42, 59) 161
(23, 15) 81
(62, 62) 0
(45, 30) 159
(10, 0) 66
(13, 53) 31
(35, 24) 307
(0, 22) 318
(38, 7) 339
(25, 18) 444
(63, 5) 327
(50, 58) 227
(14, 44) 182
(53, 31) 185
(1, 9) 328
(39, 28) 326
(4, 2) 33
(26, 51) 188
(46, 54) 110
(29, 6) 522
(51, 41) 193
(16, 5) 231
(54, 54) 0
(19, 16) 146
(2, 40) 429
(58, 61) 192
(41, 3) 302
(22, 47) 195
(5, 45) 389
(9, 42) 193
(47, 29) 160
(30, 63) 292
(34, 34) 0
(17, 26) 400
(56, 11) 139
(55, 45) 253
(59, 22) 123
(42, 34) 240
(23, 4) 244
(62, 33) 235
(45, 23) 143
(10, 11) 4
(13, 46) 224
(35, 1) 59
(18, 59) 161
(38, 62) 228
(60, 15) 22
(25, 27) 347
(63, 2) 339
(11, 24) 259
(50, 53) 267
(14, 55) 392
(53, 24) 231
(1, 2) 515
(39, 21) 276
(4, 9) 170
(26, 58) 327
(46, 57) 183
(29, 31) 229
(51, 46) 235
(54, 9) 245
(19, 25) 449
(2, 35) 464
(41, 4) 325
(22, 38) 318
(5, 22) 310
(27, 41) 265
(47, 26) 455
(30, 38) 292
(34, 61) 247
(17, 19) 51
(56, 18) 122
(55, 42) 204
(59, 47) 124
(42, 45) 98
(23, 29) 279
(6, 63) 331
(62, 40) 198
(45, 16) 276
(10, 50) 262
(32, 11) 364
(13, 39) 131
(35, 6) 456
(18, 50) 49
(38, 49) 271
(60, 6) 191
(25, 28) 102
(63, 11) 68
(11, 17) 270
(50, 44) 51
(14, 62) 398
(1, 27) 405
(39, 18) 116
(26, 5) 325
(48, 26) 233
(29, 24) 272
(51, 55) 264
(15, 37) 319
(54, 0) 90
(19, 30) 274
(2, 58) 152
(41, 13) 185
(22, 57) 142
(5, 31) 410
(27, 46) 305
(47, 35) 266
(30, 41) 201
(34, 52) 396
(17, 20) 60
(56, 25) 332
(55, 35) 75
(20, 7) 268
(59, 36) 196
(42, 20) 148
(23, 26) 422
(6, 54) 401
(45, 9) 267
(10, 61) 121
(32, 2) 531
(13, 32) 378
(35, 15) 335
(18, 45) 24
(38, 40) 100
(60, 29) 332
(43, 63) 9
(63, 48) 105
(11, 22) 379
(50, 39) 137
(14, 1) 370
(36, 22) 318
(1, 28) 358
(39, 11) 128
(26, 12) 164
(48, 17) 171
(29, 17) 323
(51, 60) 202
(15, 34) 389
(54, 27) 310
(19, 39) 159
(2, 53) 287
(22, 48) 286
(5, 24) 283
(27, 39) 251
(47, 40) 268
(30, 16) 405
(52, 37) 77
(17, 13) 241
(56, 32) 227
(55, 56) 147
(20, 14) 60
(59, 61) 159
(42, 31) 68
(23, 19) 14
(6, 41) 338
(45, 2) 378
(10, 36) 66
(32, 25) 559
(31, 51) 185
(35, 52) 145
(18, 36) 176
(57, 7) 200
(38, 35) 127
(60, 20) 69
(43, 52) 157
(8, 18) 247
(63, 57) 196
(11, 15) 258
(14, 8) 241
(36, 29) 305
(1, 21) 457
(39, 0) 60
(26, 23) 422
(48, 8) 82
(51, 5) 262
(15, 43) 203
(54, 18) 122
(19, 44) 135
(2, 12) 267
(24, 33) 307
(5, 1) 501
(27, 60) 153
(47, 49) 119
(30, 27) 463
(52, 44) 305
(17, 6) 202
(56, 39) 63
(55, 49) 410
(20, 21) 134
(3, 55) 509
(59, 50) 124
(42, 6) 339
(23, 40) 307
(6, 32) 522
(10, 47) 262
(32, 16) 397
(31, 56) 6
(35, 61) 150
(18, 31) 126
(57, 8) 218
(40, 48) 190
(60, 19) 64
(43, 45) 159
(8, 25) 211
(63, 38) 0
(11, 4) 327
(14, 19) 51
(36, 4) 310
(39, 57) 176
(61, 12) 174
(26, 30) 558
(48, 15) 149
(12, 29) 429
(51, 10) 70
(15, 48) 149
(54, 21) 333
(19, 53) 231
(2, 7) 0
(24, 40) 293
(5, 10) 331
(27, 53) 170
(47, 62) 424
(30, 2) 533
(52, 43) 157
(56, 46) 110
(55, 14) 392
(20, 28) 408
(3, 60) 149
(42, 1) 182
(23, 33) 321
(6, 27) 111
(28, 44) 420
(32, 23) 279
(31, 33) 101
(35, 34) 258
(18, 22) 243
(57, 17) 27
(40, 55) 117
(60, 42) 176
(43, 34) 293
(8, 0) 73
(7, 56) 410
(63, 47) 196
(11, 61) 123
(33, 8) 159
(14, 26) 400
(36, 3) 314
(39, 54) 63
(61, 5) 338
(26, 25) 102
(48, 6) 231
(12, 20) 244
(51, 19) 231
(15, 57) 22
(19, 58) 126
(2, 30) 533
(24, 47) 112
(27, 10) 239
(49, 25) 530
(30, 5) 547
(52, 50) 349
(0, 40) 100
(56, 53) 182
(55, 7) 535
(20, 27) 218
(3, 37) 412
(42, 8) 131
(23, 62) 412
(6, 18) 392
(28, 43) 264
(32, 46) 165
(31, 46) 115
(35, 43) 135
(18, 17) 200
(57, 26) 373
(40, 62) 198
(21, 4) 207
(60, 33) 319
(43, 27) 222
(8, 7) 316
(7, 49) 312
(11, 50) 264
(33, 1) 59
(14, 29) 323
(36, 10) 66
(39, 47) 137
(61, 30) 244
(44, 58) 229
(48, 61) 129
(12, 19) 249
(51, 24) 231
(15, 6) 169
(37, 21) 416
(2, 25) 457
(24, 54) 213
(27, 3) 125
(49, 18) 168
(30, 12) 418
(52, 57) 328
(0, 47) 196
(56, 60) 237
(55, 28) 366
(20, 34) 304
(3, 42) 313
(23, 55) 373
(6, 21) 197
(28, 34) 543
(32, 37) 366
(31, 23) 233
(53, 38) 92
(18, 8) 247
(57, 35) 319
(40, 37) 32
(21, 13) 328
(60, 56) 237
(43, 16) 314
(8, 14) 241
(7, 46) 380
(11, 43) 70
(33, 26) 301
(16, 62) 485
(36, 49) 271
(58, 2) 152
(39, 36) 60
(61, 23) 171
(44, 49) 164
(9, 17) 192
(48, 52) 190
(12, 10) 103
(15, 15) 0
(37, 30) 348
(2, 16) 185
(24, 61) 157
(27, 24) 215
(49, 11) 337
(52, 0) 155
(0, 38) 0
(55, 21) 479
(20, 41) 106
(3, 19) 206
(25, 34) 515
(6, 12) 260
(28, 57) 373
(32, 60) 332
(31, 28) 347
(53, 47) 267
(18, 3) 352
(57, 36) 196
(40, 44) 219
(21, 22) 65
(4, 50) 356
(60, 55) 379
(43, 9) 150
(8, 53) 31
(7, 39) 348
(46, 6) 371
(11, 32) 364
(33, 19) 307
(16, 53) 320
(36, 56) 90
(58, 13) 198
(41, 51) 193
(61, 16) 293
(44, 40) 219
(9, 26) 210
(48, 43) 96
(12, 1) 282
(15, 20) 90
(37, 7) 425
(24, 4) 248
(62, 17) 398
(27, 17) 176
(49, 12) 333
(13, 30) 365
(52, 15) 336
(0, 61) 55
(55, 18) 252
(20, 48) 175
(3, 24) 206
(25, 43) 271
(6, 7) 9
(28, 48) 233
(32, 51) 393
(31, 5) 410
(53, 40) 149
(57, 45) 181
(40, 19) 293
(21, 31) 339
(4, 57) 185
(43, 14) 208
(8, 60) 218
(7, 28) 372
(46, 9) 266
(29, 47) 160
(33, 20) 297
(16, 44) 280
(36, 39) 60
(58, 20) 129
(41, 52) 272
(61, 41) 63
(44, 39) 94
(9, 3) 202
(48, 34) 376
(12, 56) 220
(34, 13) 358
(15, 29) 353
(37, 0) 112
(24, 11) 259
(62, 24) 402
(27, 22) 276
(49, 5) 344
(13, 23) 250
(52, 22) 463
(0, 52) 155
(20, 63) 187
(3, 1) 488
(25, 44) 424
(28, 15) 372
(50, 28) 455
(31, 2) 415
(53, 49) 314
(1, 43) 185
(57, 54) 237
(40, 26) 261
(21, 24) 122
(4, 32) 516
(43, 7) 330
(8, 35) 159
(7, 21) 203
(46, 16) 280
(29, 40) 335
(33, 45) 220
(16, 35) 442
(36, 46) 154
(58, 31) 265
(41, 61) 63
(22, 9) 306
(61, 34) 247
(44, 30) 160
(9, 4) 170
(12, 55) 298
(34, 4) 544
(15, 26) 372
(37, 9) 225
(24, 18) 150
(62, 3) 423
(45, 57) 181
(49, 62) 484
(13, 16) 339
(52, 29) 438
(0, 11) 68
(38, 24) 197
(3, 6) 58
(25, 53) 219
(28, 6) 369
(50, 23) 122
(31, 11) 139
(53, 58) 175
(1, 44) 227
(57, 63) 196
(40, 1) 102
(21, 33) 424
(4, 47) 356
(8, 42) 131
(7, 18) 401
(46, 27) 305
(29, 33) 312
(33, 38) 127
(16, 26) 474
(54, 43) 97
(58, 38) 198
(41, 38) 118
(22, 0) 318
(61, 59) 159
(44, 21) 255
(9, 13) 116
(12, 46) 268
(34, 31) 197
(17, 61) 186
(37, 50) 293
(59, 13) 234
(24, 25) 449
(62, 10) 163
(45, 50) 46
(10, 20) 248
(49, 55) 410
(13, 9) 116
(0, 2) 339
(38, 19) 197
(3, 15) 127
(25, 62) 49
(28, 29) 572
(50, 14) 163
(53, 3) 279
(1, 37) 127
(40, 8) 118
(21, 42) 276
(4, 22) 271
(26, 39) 326
(7, 11) 359
(46, 34) 184
(29, 58) 387
(33, 63) 127
(16, 17) 108
(54, 34) 198
(58, 33) 325
(41, 47) 78
(22, 27) 276
(5, 49) 344
(61, 52) 209
(44, 12) 268
(9, 54) 245
(47, 1) 277
(12, 37) 169
(34, 22) 392
(17, 54) 248
(37, 59) 308
(59, 2) 248
(42, 54) 63
(62, 13) 165
(45, 43) 159
(10, 31) 139
(49, 40) 361
(13, 2) 316
(0, 25) 270
(38, 10) 66
(25, 7) 457
(63, 22) 318
(28, 20) 408
(50, 9) 285
(14, 35) 335
(53, 12) 38
(1, 62) 288
(40, 15) 310
(21, 51) 311
(4, 29) 516
(26, 46) 420
(7, 0) 339
(46, 37) 245
(29, 51) 393
(33, 48) 225
(16, 8) 339
(54, 37) 142
(19, 5) 283
(58, 40) 295
(41, 16) 263
(22, 18) 243
(5, 58) 162
(44, 11) 221
(9, 63) 159
(47, 14) 163
(30, 50) 162
(34, 17) 364
(17, 47) 163
(37, 36) 112
(59, 27) 202
(42, 49) 223
(62, 52) 90
(45, 36) 158
(10, 6) 347
(49, 33) 368
(13, 59) 234
(35, 18) 227
(0, 16) 321
(38, 13) 73
(25, 8) 211
(63, 31) 93
(28, 19) 413
(50, 0) 196
(14, 42) 188
(53, 21) 311
(1, 55) 22
(21, 60) 111
(4, 4) 0
(26, 41) 380
(46, 44) 0
(29, 12) 429
(51, 35) 189
(16, 15) 114
(54, 60) 237
(19, 10) 256
(2, 46) 380
(58, 51) 175
(41, 25) 388
(22, 21) 65
(5, 35) 447
(44, 2) 380
(9, 32) 430
(47, 23) 122
(30, 53) 382
(34, 40) 289
(17, 32) 323
(56, 5) 405
(37, 45) 250
(59, 16) 139
(42, 56) 63
(23, 14) 45
(62, 63) 228
(45, 29) 164
(10, 1) 179
(13, 52) 110
(35, 27) 352
(0, 23) 210
(38, 4) 310
(25, 17) 446
(63, 4) 310
(50, 59) 124
(14, 45) 179
(53, 30) 382
(1, 8) 216
(39, 31) 68
(4, 3) 73
(26, 48) 233
(46, 55) 248
(29, 5) 549
(51, 40) 149
(16, 6) 179
(54, 55) 147
(19, 19) 0
(2, 41) 346
(58, 58) 0
(41, 2) 346
(22, 44) 236
(5, 44) 390
(9, 41) 223
(47, 28) 455
(30, 60) 333
(34, 35) 258
(17, 25) 446
(56, 12) 220
(55, 44) 248
(59, 41) 125
(42, 35) 149
(23, 7) 255
(62, 38) 228
(45, 22) 231
(10, 8) 39
(13, 45) 227
(35, 0) 127
(18, 56) 122
(38, 63) 0
(60, 8) 218
(25, 26) 102
(63, 13) 73
(11, 27) 243
(50, 50) 0
(14, 52) 351
(1, 1) 0
(39, 20) 148
(4, 10) 323
(26, 59) 405
(46, 62) 382
(29, 30) 23
(51, 49) 314
(54, 14) 248
(19, 24) 0
(2, 32) 531
(41, 11) 186
(22, 39) 279
(5, 21) 246
(27, 40) 315
(47, 37) 293
(30, 39) 237
(34, 58) 413
(17, 18) 200
(56, 19) 213
(55, 37) 138
(59, 46) 144
(42, 42) 0
(23, 28) 422
(6, 60) 191
(62, 41) 346
(45, 15) 203
(10, 51) 70
(32, 12) 429
(13, 38) 73
(35, 9) 272
(18, 51) 258
(38, 54) 90
(60, 7) 200
(43, 57) 189
(63, 10) 66
(11, 16) 372
(50, 45) 46
(14, 63) 215
(1, 26) 358
(39, 13) 131
(26, 2) 372
(48, 27) 127
(29, 23) 279
(51, 54) 182
(15, 36) 210
(54, 1) 125
(19, 33) 307
(2, 59) 248
(41, 12) 226
(22, 62) 513
(5, 30) 547
(27, 33) 352
(47, 34) 204
(30, 46) 160
(34, 53) 379
(17, 11) 270
(56, 26) 347
(55, 34) 233
(20, 0) 187
(59, 39) 161
(42, 21) 276
(23, 21) 109
(6, 55) 527
(45, 8) 227
(10, 58) 231
(32, 3) 477
(31, 53) 185
(35, 14) 335
(18, 42) 116
(38, 41) 118
(60, 30) 333
(43, 62) 228
(63, 51) 92
(11, 9) 159
(50, 36) 196
(14, 6) 202
(36, 23) 210
(1, 19) 337
(39, 10) 126
(26, 13) 196
(48, 18) 236
(29, 16) 397
(51, 63) 92
(15, 45) 203
(54, 24) 213
(19, 38) 197
(2, 50) 371
(22, 49) 79
(5, 7) 55
(27, 38) 231
(47, 43) 196
(30, 17) 325
(52, 38) 155
(17, 12) 238
(56, 33) 106
(55, 59) 363
(20, 15) 90
(3, 49) 250
(59, 60) 51
(42, 28) 326
(23, 18) 162
(6, 46) 371
(45, 1) 232
(10, 37) 71
(32, 26) 572
(31, 50) 165
(35, 55) 75
(18, 37) 261
(57, 6) 191
(38, 32) 305
(60, 21) 111
(43, 55) 205
(8, 19) 238
(63, 56) 90
(11, 14) 270
(14, 9) 192
(36, 30) 292
(1, 20) 326
(39, 3) 313
(26, 20) 408
(48, 9) 57
(51, 4) 255
(15, 42) 194
(54, 19) 213
(19, 47) 112
(2, 13) 316
(24, 34) 314
(5, 0) 327
(27, 63) 231
(47, 48) 235
(30, 24) 274
(52, 45) 309
(17, 5) 235
(56, 40) 113
(55, 48) 298
(20, 22) 132
(3, 54) 376
(59, 53) 225
(42, 7) 348
(23, 43) 205
(6, 33) 456
(10, 44) 220
(32, 17) 323
(31, 59) 223
(35, 60) 319
(18, 28) 442
(57, 15) 22
(40, 49) 361
(60, 44) 183
(43, 44) 156
(8, 26) 196
(63, 33) 127
(11, 7) 359
(14, 16) 108
(36, 5) 327
(39, 56) 63
(61, 11) 123
(26, 31) 347
(48, 0) 105
(12, 30) 418
(51, 13) 31
(15, 51) 208
(19, 52) 345
(2, 4) 33
(24, 41) 118
(5, 9) 176
(27, 52) 293
(47, 57) 172
(30, 3) 480
(52, 52) 0
(56, 47) 161
(55, 9) 346
(20, 29) 264
(3, 63) 314
(42, 14) 188
(23, 32) 279
(6, 24) 252
(28, 45) 423
(32, 40) 335
(31, 32) 229
(35, 37) 69
(18, 23) 162
(57, 16) 125
(40, 56) 113
(60, 43) 189
(43, 37) 118
(8, 1) 216
(7, 59) 248
(63, 46) 154
(11, 60) 248
(33, 15) 335
(14, 27) 176
(36, 12) 130
(39, 49) 223
(61, 4) 316
(44, 60) 183
(48, 7) 239
(12, 21) 317
(51, 18) 258
(15, 56) 256
(19, 61) 157
(2, 31) 415
(24, 48) 180
(27, 13) 200
(49, 24) 84
(30, 10) 350
(52, 51) 131
(0, 41) 118
(56, 54) 0
(55, 6) 527
(20, 36) 187
(3, 36) 314
(42, 9) 193
(23, 57) 63
(6, 19) 252
(28, 36) 267
(32, 47) 160
(31, 41) 103
(35, 42) 149
(18, 14) 200
(57, 25) 421
(40, 63) 100
(21, 3) 139
(60, 34) 367
(43, 26) 264
(8, 8) 0
(7, 48) 239
(11, 53) 74
(33, 0) 127
(16, 56) 355
(36, 11) 68
(39, 46) 94
(61, 29) 255
(44, 59) 144
(48, 62) 227
(12, 12) 0
(51, 27) 170
(15, 1) 375
(37, 20) 299
(2, 22) 268
(24, 55) 359
(27, 2) 118
(49, 17) 113
(30, 13) 365
(52, 58) 306
(0, 32) 305
(56, 61) 68
(55, 31) 141
(20, 35) 297
(3, 45) 330
(23, 54) 227
(6, 10) 347
(28, 35) 301
(32, 38) 305
(31, 22) 336
(53, 37) 140
(18, 9) 290
(57, 34) 367
(40, 38) 100
(21, 12) 317
(4, 52) 378
(60, 57) 0
(43, 19) 192
(8, 15) 226
(7, 41) 346
(11, 42) 128
(33, 25) 259
(16, 63) 321
(36, 50) 196
(58, 3) 117
(39, 39) 0
(61, 22) 279
(44, 50) 51
(9, 16) 265
(48, 53) 59
(12, 11) 107
(15, 14) 38
(37, 29) 366
(2, 17) 211
(24, 62) 402
(27, 27) 0
(49, 10) 334
(52, 1) 199
(0, 39) 60
(55, 20) 348
(20, 42) 148
(3, 18) 352
(25, 33) 259
(6, 13) 309
(28, 58) 327
(32, 61) 255
(31, 31) 0
(53, 46) 235
(18, 0) 176
(57, 43) 189
(40, 45) 223
(21, 21) 0
(4, 51) 255
(60, 48) 145
(43, 8) 69
(8, 54) 160
(7, 38) 339
(46, 7) 380
(11, 35) 117
(33, 18) 227
(16, 54) 355
(36, 57) 196
(58, 10) 231
(41, 50) 78
(61, 47) 141
(44, 41) 43
(9, 25) 272
(48, 44) 212
(12, 2) 267
(15, 23) 81
(37, 6) 418
(24, 5) 283
(62, 22) 513
(27, 16) 215
(49, 3) 250
(13, 29) 378
(52, 8) 110
(0, 62) 228
(20, 49) 89
(3, 27) 125
(25, 42) 330
(6, 4) 29
(28, 49) 497
(32, 52) 438
(31, 4) 389
(53, 55) 264
(57, 44) 183
(40, 20) 283
(21, 30) 378
(4, 58) 131
(43, 1) 185
(8, 61) 125
(7, 31) 415
(46, 14) 182
(29, 46) 165
(33, 43) 135
(16, 45) 276
(36, 32) 305
(58, 21) 145
(41, 59) 125
