General parameters 

15 51 720 750


Customer schedules 

0 0	0 [0,720]	
1 38	1 [0,720]	
2 42	2 [0,65]	3 [212,213]	4 [354,370]	5 [531,542]	6 [637,720]	
3 58	7 [0,87]	8 [140,236]	9 [297,325]	10 [338,720]	
4 34	11 [0,2]	12 [332,334]	13 [664,720]	
5 49	14 [0,20]	15 [256,310]	16 [475,480]	17 [621,720]	
6 55	18 [0,27]	19 [133,150]	20 [391,440]	21 [617,670]	22 [672,720]	
7 35	23 [0,720]	
8 48	24 [0,720]	
9 39	25 [0,35]	26 [50,78]	27 [145,289]	28 [472,479]	29 [603,625]	30 [650,720]	
10 61	31 [0,69]	32 [312,349]	33 [592,720]	
11 59	34 [0,70]	35 [83,166]	36 [341,342]	37 [506,549]	38 [652,720]	
12 44	39 [0,116]	40 [178,257]	41 [320,401]	42 [417,616]	43 [633,720]	
13 56	44 [0,720]	
14 71	45 [0,64]	46 [263,279]	47 [497,612]	48 [666,720]	
15 22	49 [0,720]	
16 0	50 [0,720]	


Location coordinates

0 	 0.0 0.0
1 	 -2.29558901984 9.34492742955
2 	 37.9604453441 10.5274811269
3 	 104.880315588 40.7964327052
4 	 34.8754740776 49.3933870566
5 	 72.2730556958 -22.1259719722
6 	 37.9604453441 10.5274811269
7 	 -22.6501884335 5.66421498769
8 	 3.9459811073 5.9839730873
9 	 -25.9142691997 11.493228612
10 	 -22.6501884335 5.66421498769
11 	 1.51872346961 -2.65734420628
12 	 161.221849562 -45.0937797507
13 	 1.51872346961 -2.65734420628
14 	 -66.625007808 8.33164246641
15 	 3.906104216 102.692263841
16 	 -74.8067597968 78.1162700162
17 	 -66.625007808 8.33164246641
18 	 -124.656354313 98.8965011893
19 	 -167.29522753 130.998021024
20 	 -141.793162506 12.9983490987
21 	 -125.428121737 99.7429503413
22 	 -124.656354313 98.8965011893
23 	 -23.4719870559 100.931567306
24 	 -36.0311950409 17.688324028
25 	 81.447965242 -72.9835626872
26 	 78.4390797941 -79.6870741534
27 	 111.641596519 -74.6742419004
28 	 22.9555000477 -97.5733132394
29 	 83.8906979647 -85.0429119534
30 	 81.447965242 -72.9835626872
31 	 88.1200883082 -47.3010466072
32 	 -30.3462822033 -20.9414278577
33 	 88.1200883082 -47.3010466072
34 	 62.6391671064 24.0647187243
35 	 56.8152094503 21.0965016848
36 	 70.6443300327 107.712643201
37 	 112.382081696 37.2227668305
38 	 62.6391671064 24.0647187243
39 	 17.42714751 0.532743532973
40 	 -13.2439164459 -5.09064262904
41 	 17.906268107 0.62934872974
42 	 25.149136551 4.52264421808
43 	 17.42714751 0.532743532973
44 	 -51.0050403141 -42.4373750988
45 	 -52.8884129089 114.944021453
46 	 -58.7260637142 15.8499804395
47 	 -78.8224409396 123.039080028
48 	 -52.8884129089 114.944021453
49 	 -101.968442199 81.999746372
50 	 0.0 0.0


Travel time matrix 

(31, 6) 153
(40, 22) 304
(21, 28) 493
(4, 36) 137
(43, 3) 192
(7, 25) 261
(46, 12) 456
(29, 44) 283
(33, 41) 170
(16, 47) 90
(36, 34) 168
(44, 34) 263
(9, 0) 57
(48, 37) 365
(34, 8) 123
(15, 30) 384
(37, 13) 235
(24, 14) 64
(13, 20) 288
(3, 2) 147
(25, 49) 480
(28, 10) 226
(50, 27) 269
(31, 15) 343
(1, 40) 36
(40, 29) 251
(21, 37) 492
(4, 35) 72
(8, 38) 123
(7, 22) 276
(46, 23) 184
(29, 37) 251
(33, 34) 152
(16, 38) 295
(36, 41) 239
(41, 34) 100
(22, 12) 640
(44, 25) 272
(9, 9) 0
(12, 50) 335
(34, 3) 91
(24, 21) 242
(13, 13) 0
(0, 14) 134
(38, 31) 152
(3, 11) 224
(28, 1) 219
(50, 18) 318
(1, 33) 213
(40, 4) 145
(21, 46) 214
(4, 42) 92
(8, 45) 246
(7, 15) 201
(46, 30) 332
(16, 29) 455
(41, 43) 1
(22, 7) 276
(44, 16) 246
(9, 50) 57
(47, 5) 419
(12, 41) 301
(34, 26) 210
(17, 50) 134
(24, 28) 259
(45, 47) 54
(10, 19) 382
(13, 6) 77
(0, 5) 151
(38, 22) 403
(25, 3) 232
(28, 24) 259
(50, 13) 6
(40, 11) 30
(4, 17) 219
(26, 34) 210
(7, 4) 145
(46, 33) 320
(16, 20) 187
(19, 1) 409
(41, 44) 163
(22, 30) 537
(44, 15) 310
(47, 2) 324
(12, 32) 386
(34, 21) 405
(17, 43) 169
(45, 40) 253
(10, 26) 265
(49, 45) 118
(0, 28) 200
(38, 9) 179
(25, 4) 262
(28, 23) 407
(50, 4) 121
(14, 38) 260
(21, 48) 148
(4, 24) 155
(26, 45) 469
(46, 40) 100
(29, 48) 484
(16, 11) 222
(19, 6) 476
(41, 21) 348
(22, 17) 215
(5, 39) 119
(44, 6) 207
(47, 11) 298
(30, 49) 480
(34, 44) 263
(17, 44) 106
(37, 33) 176
(45, 33) 430
(10, 5) 198
(49, 38) 349
(35, 23) 226
(0, 19) 424
(38, 0) 134
(25, 13) 213
(14, 41) 170
(4, 7) 145
(29, 9) 292
(16, 2) 263
(19, 15) 347
(2, 45) 277
(41, 30) 194
(22, 40) 304
(5, 32) 205
(9, 37) 281
(47, 16) 90
(34, 39) 101
(17, 37) 363
(37, 42) 186
(42, 39) 17
(23, 11) 213
(45, 26) 469
(10, 12) 381
(13, 49) 267
(35, 28) 247
(25, 22) 537
(14, 48) 215
(1, 13) 25
(39, 24) 112
(4, 14) 219
(29, 2) 212
(19, 20) 241
(2, 36) 205
(41, 7) 82
(22, 35) 395
(5, 41) 118
(9, 46) 66
(47, 25) 506
(30, 35) 195
(17, 30) 338
(42, 46) 169
(23, 0) 207
(45, 19) 231
(32, 8) 87
(13, 42) 49
(35, 5) 92
(38, 50) 134
(25, 31) 53
(11, 28) 195
(50, 49) 262
(1, 6) 81
(39, 17) 169
(26, 6) 198
(29, 27) 59
(19, 29) 661
(41, 8) 30
(5, 18) 462
(27, 45) 502
(47, 38) 345
(30, 42) 192
(17, 23) 204
(20, 4) 361
(42, 41) 16
(23, 25) 406
(45, 12) 535
(32, 15) 256
(13, 35) 120
(35, 10) 162
(18, 46) 212
(11, 21) 326
(50, 40) 28
(14, 2) 209
(1, 31) 213
(39, 14) 169
(26, 1) 240
(48, 30) 462
(29, 20) 492
(15, 33) 343
(19, 34) 507
(5, 27) 131
(27, 34) 220
(47, 47) 0
(30, 45) 462
(34, 48) 294
(17, 8) 141
(20, 3) 496
(42, 16) 248
(23, 22) 202
(6, 42) 28
(45, 5) 371
(32, 6) 150
(18, 41) 346
(38, 44) 263
(11, 10) 51
(50, 35) 121
(14, 5) 284
(36, 18) 391
(1, 16) 200
(39, 7) 81
(26, 8) 227
(48, 21) 148
(15, 46) 214
(19, 43) 452
(2, 49) 314
(5, 4) 161
(30, 20) 478
(17, 1) 129
(20, 10) 239
(3, 50) 225
(42, 27) 235
(23, 47) 119
(6, 45) 277
(10, 32) 55
(32, 29) 262
(18, 32) 305
(38, 39) 101
(43, 40) 62
(8, 22) 317
(11, 3) 224
(14, 12) 468
(36, 25) 362
(26, 19) 646
(48, 12) 535
(19, 48) 231
(2, 8) 69
(24, 37) 299
(5, 13) 147
(27, 48) 502
(30, 31) 53
(20, 17) 151
(42, 2) 28
(23, 36) 189
(6, 36) 205
(10, 43) 81
(32, 20) 233
(31, 36) 312
(35, 33) 150
(18, 27) 586
(43, 33) 171
(8, 29) 242
(33, 11) 195
(14, 23) 204
(36, 0) 257
(26, 26) 0
(48, 3) 348
(12, 25) 169
(2, 3) 147
(24, 44) 124
(27, 9) 325
(30, 6) 188
(20, 24) 212
(3, 32) 297
(42, 13) 49
(6, 31) 153
(28, 40) 199
(32, 43) 105
(31, 45) 430
(35, 38) 13
(18, 18) 0
(21, 7) 278
(43, 38) 101
(8, 4) 107
(11, 49) 267
(33, 12) 146
(14, 30) 338
(36, 15) 134
(39, 50) 35
(12, 16) 533
(15, 5) 284
(2, 26) 198
(27, 14) 393
(49, 29) 499
(30, 9) 273
(0, 44) 133
(20, 39) 319
(3, 41) 191
(6, 22) 370
(28, 39) 197
(32, 34) 206
(31, 42) 163
(35, 47) 339
(18, 13) 324
(40, 34) 162
(21, 0) 320
(43, 31) 171
(8, 11) 18
(7, 45) 227
(33, 5) 59
(39, 43) 0
(48, 49) 118
(12, 15) 432
(15, 2) 197
(37, 17) 363
(2, 21) 372
(27, 7) 313
(49, 22) 57
(0, 35) 121
(20, 46) 166
(3, 46) 331
(6, 9) 128
(31, 19) 622
(18, 4) 334
(40, 41) 63
(21, 9) 266
(43, 20) 319
(8, 50) 14
(7, 42) 96
(46, 3) 331
(11, 47) 298
(33, 30) 53
(16, 50) 216
(39, 32) 105
(44, 45) 315
(9, 21) 266
(48, 40) 253
(12, 6) 270
(15, 11) 211
(37, 26) 243
(24, 1) 70
(27, 28) 183
(49, 15) 216
(3, 23) 283
(25, 38) 197
(6, 0) 79
(32, 48) 275
(31, 24) 280
(40, 16) 207
(21, 18) 2
(43, 13) 32
(7, 35) 162
(46, 10) 75
(11, 36) 260
(33, 23) 371
(16, 41) 242
(36, 36) 0
(44, 36) 386
(9, 30) 273
(48, 47) 54
(34, 14) 260
(15, 16) 165
(37, 3) 17
(24, 8) 83
(27, 21) 588
(49, 0) 262
(13, 26) 218
(0, 49) 262
(3, 28) 322
(25, 47) 506
(28, 12) 296
(31, 1) 213
(40, 23) 213
(21, 27) 588
(4, 37) 157
(43, 2) 45
(8, 32) 87
(7, 24) 36
(46, 13) 126
(29, 43) 217
(33, 40) 220
(16, 32) 217
(36, 35) 175
(22, 10) 276
(44, 35) 250
(9, 7) 13
(48, 38) 294
(34, 9) 179
(15, 25) 384
(37, 12) 191
(24, 15) 188
(13, 19) 430
(0, 8) 14
(3, 5) 142
(25, 48) 462
(28, 11) 195
(50, 24) 80
(31, 14) 329
(1, 47) 274
(40, 30) 233
(21, 36) 392
(4, 44) 251
(8, 39) 29
(7, 17) 88
(46, 20) 166
(29, 36) 386
(33, 33) 0
(16, 39) 241
(36, 42) 226
(41, 33) 170
(22, 13) 324
(44, 26) 269
(9, 8) 61
(34, 0) 134
(24, 22) 240
(49, 50) 262
(13, 12) 330
(0, 15) 206
(38, 28) 256
(3, 10) 264
(28, 2) 218
(50, 19) 424
(1, 32) 83
(40, 5) 174
(21, 45) 148
(4, 43) 104
(8, 46) 127
(7, 14) 88
(46, 31) 320
(16, 30) 435
(41, 42) 16
(22, 4) 334
(44, 17) 106
(9, 49) 207
(47, 4) 271
(12, 42) 290
(34, 27) 220
(17, 49) 163
(24, 29) 315
(45, 46) 199
(10, 16) 178
(49, 43) 289
(13, 5) 147
(0, 6) 79
(38, 23) 231
(25, 2) 188
(28, 25) 127
(50, 10) 47
(40, 12) 358
(4, 18) 334
(26, 35) 206
(7, 7) 0
(46, 38) 243
(16, 21) 110
(19, 0) 424
(41, 19) 452
(22, 31) 516
(44, 8) 146
(47, 13) 298
(12, 33) 146
(34, 18) 403
(17, 42) 184
(37, 39) 203
(42, 50) 51
(45, 39) 269
(10, 27) 313
(49, 44) 269
(35, 17) 248
(0, 29) 239
(38, 14) 260
(25, 11) 213
(28, 16) 402
(50, 5) 151
(14, 39) 169
(1, 50) 19
(4, 25) 262
(26, 42) 199
(46, 41) 156
(29, 15) 408
(16, 12) 533
(19, 9) 370
(41, 20) 320
(22, 22) 0
(5, 38) 94
(44, 7) 112
(9, 35) 167
(47, 10) 260
(34, 45) 294
(17, 35) 248
(37, 32) 308
(23, 13) 213
(45, 32) 275
(10, 2) 122
(49, 37) 438
(35, 22) 395
(0, 20) 285
(38, 1) 133
(25, 12) 169
(14, 46) 22
(1, 11) 25
(4, 0) 121
(46, 48) 199
(29, 8) 242
(16, 3) 367
(19, 14) 317
(2, 42) 28
(41, 29) 216
(22, 41) 346
(5, 47) 419
(9, 36) 273
(47, 19) 178
(34, 36) 168
(17, 36) 339
(37, 41) 202
(42, 36) 226
(23, 10) 191
(45, 25) 462
(10, 13) 51
(13, 48) 259
(35, 31) 150
(25, 21) 539
(14, 49) 163
(1, 12) 345
(39, 27) 241
(4, 15) 123
(29, 1) 255
(19, 23) 294
(2, 37) 158
(41, 6) 44
(22, 32) 305
(5, 40) 174
(9, 45) 214
(47, 24) 227
(30, 32) 247
(17, 29) 354
(42, 47) 315
(23, 3) 283
(45, 18) 147
(32, 9) 65
(13, 41) 33
(35, 4) 72
(25, 30) 0
(11, 31) 195
(50, 46) 122
(1, 5) 162
(39, 16) 241
(26, 7) 265
(48, 24) 197
(29, 26) 15
(19, 28) 594
(41, 15) 206
(5, 17) 284
(27, 44) 332
(47, 33) 477
(30, 43) 195
(17, 22) 215
(20, 5) 434
(42, 22) 354
(23, 24) 168
(6, 48) 277
(45, 11) 259
(32, 0) 74
(13, 34) 133
(35, 13) 120
(18, 47) 104
(38, 42) 84
(11, 20) 288
(50, 41) 36
(14, 3) 349
(36, 20) 465
(1, 30) 235
(39, 9) 89
(26, 14) 339
(48, 31) 430
(29, 19) 661
(15, 32) 256
(19, 37) 590
(22, 50) 318
(5, 26) 116
(27, 37) 224
(47, 46) 218
(30, 18) 537
(34, 49) 349
(17, 15) 236
(20, 12) 617
(42, 17) 184
(23, 17) 204
(6, 43) 45
(45, 4) 219
(10, 38) 174
(32, 7) 55
(31, 49) 460
(35, 50) 121
(18, 38) 403
(38, 45) 294
(43, 50) 35
(8, 16) 214
(11, 13) 0
(50, 32) 74
(14, 10) 88
(36, 19) 478
(1, 23) 188
(39, 6) 45
(26, 9) 277
(48, 22) 147
(15, 41) 206
(19, 42) 460
(2, 14) 209
(5, 3) 142
(30, 21) 539
(17, 0) 134
(20, 11) 288
(42, 24) 125
(23, 46) 184
(6, 34) 56
(10, 33) 246
(32, 30) 247
(18, 33) 516
(38, 36) 168
(43, 43) 0
(8, 23) 198
(11, 2) 77
(14, 13) 138
(36, 26) 375
(26, 16) 440
(48, 13) 259
(2, 9) 128
(24, 38) 198
(5, 12) 184
(30, 28) 127
(20, 18) 175
(42, 3) 175
(23, 39) 217
(6, 37) 158
(10, 40) 29
(32, 21) 307
(31, 39) 171
(35, 32) 193
(18, 24) 240
(43, 32) 105
(8, 30) 221
(33, 10) 246
(14, 20) 151
(36, 1) 245
(26, 27) 67
(48, 4) 219
(12, 26) 179
(2, 0) 79
(24, 45) 197
(27, 8) 269
(49, 27) 530
(30, 7) 261
(20, 25) 478
(3, 35) 104
(42, 10) 96
(6, 28) 218
(28, 41) 197
(32, 44) 60
(31, 44) 278
(35, 41) 87
(18, 19) 106
(21, 6) 372
(43, 25) 195
(8, 5) 148
(11, 48) 259
(33, 3) 179
(14, 31) 329
(36, 8) 243
(39, 45) 269
(12, 17) 468
(15, 4) 123
(37, 23) 300
(2, 27) 225
(27, 1) 283
(49, 28) 438
(30, 14) 338
(0, 45) 253
(20, 32) 233
(3, 40) 253
(6, 23) 219
(28, 32) 187
(32, 35) 193
(31, 21) 518
(35, 46) 231
(18, 10) 276
(40, 35) 149
(21, 15) 259
(43, 30) 195
(8, 12) 331
(7, 44) 112
(11, 41) 33
(33, 4) 220
(39, 42) 17
(9, 19) 370
(48, 50) 253
(12, 8) 331
(15, 13) 211
(37, 16) 383
(2, 18) 370
(27, 6) 225
(49, 21) 59
(0, 36) 257
(20, 47) 253
(3, 17) 349
(23, 50) 207
(6, 14) 209
(31, 18) 516
(18, 5) 462
(40, 42) 79
(21, 8) 319
(4, 48) 219
(43, 23) 217
(7, 37) 277
(46, 0) 122
(11, 46) 126
(33, 29) 76
(39, 35) 88
(44, 46) 118
(9, 20) 232
(48, 41) 269
(12, 7) 381
(15, 10) 201
(37, 25) 229
(24, 2) 149
(27, 31) 72
(49, 14) 163
(3, 22) 474
(25, 37) 229
(6, 1) 81
(32, 49) 251
(31, 27) 72
(40, 17) 110
(21, 17) 217
(43, 12) 302
(7, 34) 174
(46, 11) 126
(11, 39) 32
(33, 22) 516
(16, 42) 248
(36, 37) 164
(44, 37) 364
(9, 29) 292
(48, 32) 275
(34, 15) 196
(15, 19) 347
(37, 2) 158
(24, 9) 24
(27, 20) 536
(49, 7) 220
(13, 25) 213
(0, 50) 0
(3, 31) 179
(25, 46) 332
(28, 13) 195
(50, 30) 219
(31, 0) 200
(40, 24) 64
(21, 26) 542
(4, 38) 75
(43, 5) 119
(8, 33) 199
(7, 27) 313
(46, 18) 212
(29, 42) 214
(33, 47) 477
(16, 33) 411
(36, 44) 386
(22, 11) 324
(44, 28) 185
(9, 6) 128
(48, 39) 269
(34, 6) 56
(15, 24) 188
(37, 11) 235
(24, 16) 144
(13, 18) 324
(0, 9) 57
(38, 26) 210
(3, 4) 141
(28, 4) 295
(50, 25) 219
(31, 9) 257
(1, 46) 113
(40, 31) 220
(21, 35) 397
(4, 45) 219
(8, 40) 41
(7, 16) 178
(46, 21) 214
(29, 35) 219
(33, 32) 243
(16, 24) 144
(36, 43) 239
(41, 32) 106
(22, 2) 370
(44, 27) 332
(9, 15) 192
(12, 44) 424
(34, 1) 133
(24, 23) 168
(10, 22) 276
(49, 49) 0
(13, 11) 0
(0, 0) 0
(38, 29) 222
(3, 13) 224
(28, 3) 322
(50, 16) 216
(1, 39) 43
(40, 6) 107
(21, 44) 321
(4, 20) 361
(8, 47) 287
(7, 9) 13
(46, 28) 280
(16, 31) 411
(41, 41) 0
(22, 5) 462
(44, 18) 319
(9, 48) 214
(47, 7) 260
(12, 43) 302
(34, 24) 198
(17, 48) 215
(24, 30) 297
(45, 45) 0
(10, 17) 88
(49, 42) 298
(13, 4) 124
(0, 7) 47
(38, 20) 409
(25, 1) 235
(28, 26) 117
(50, 11) 6
(40, 13) 30
(4, 19) 436
(26, 32) 247
(7, 6) 122
(46, 39) 155
(33, 50) 200
(16, 22) 108
(19, 3) 573
(41, 18) 346
(22, 28) 491
(44, 9) 119
(47, 12) 586
(12, 34) 241
(34, 19) 507
(17, 41) 170
(37, 38) 103
(45, 38) 294
(10, 24) 36
(49, 35) 340
(35, 16) 287
(0, 30) 219
(38, 15) 196
(25, 10) 261
(28, 17) 277
(50, 2) 79
(14, 36) 339
(1, 49) 247
(4, 26) 272
(26, 43) 202
(46, 46) 0
(29, 14) 354
(16, 13) 222
(19, 8) 423
(41, 27) 240
(22, 23) 202
(5, 37) 143
(44, 0) 133
(9, 34) 179
(47, 21) 104
(34, 42) 84
(17, 34) 260
(37, 47) 419
(23, 12) 471
(45, 31) 430
(10, 3) 264
(49, 36) 349
(35, 25) 195
(0, 21) 320
(38, 6) 56
(25, 19) 643
(14, 47) 231
(1, 10) 41
(39, 29) 217
(4, 1) 109
(26, 50) 224
(46, 49) 158
(29, 7) 280
(16, 4) 227
(19, 17) 317
(2, 43) 45
(41, 28) 197
(22, 46) 212
(5, 46) 273
(9, 43) 89
(47, 18) 104
(34, 37) 103
(17, 27) 393
(37, 40) 265
(42, 37) 186
(23, 5) 312
(45, 24) 197
(10, 10) 0
(13, 47) 298
(35, 30) 195
(25, 20) 478
(11, 25) 213
(1, 3) 223
(39, 26) 202
(4, 8) 107
(29, 0) 239
(19, 22) 106
(2, 34) 56
(41, 5) 118
(22, 33) 516
(5, 23) 312
(9, 44) 119
(47, 27) 549
(30, 33) 53
(17, 28) 277
(42, 44) 179
(23, 2) 219
(45, 17) 215
(32, 10) 55
(13, 40) 30
(35, 7) 162
(38, 48) 294
(25, 29) 25
(11, 30) 213
(50, 47) 292
(1, 4) 109
(39, 19) 452
(26, 4) 272
(48, 25) 462
(29, 25) 25
(19, 31) 622
(41, 14) 170
(5, 16) 356
(27, 47) 549
(47, 32) 304
(30, 40) 233
(17, 21) 217
(20, 6) 360
(42, 23) 216
(23, 27) 443
(6, 49) 314
(45, 10) 227
(32, 1) 83
(13, 33) 195
(35, 12) 247
(18, 44) 319
(38, 43) 101
(11, 23) 213
(50, 38) 134
(14, 0) 134
(36, 21) 392
(1, 29) 255
(39, 8) 29
(26, 15) 394
(48, 16) 86
(29, 18) 555
(15, 35) 194
(19, 36) 478
(5, 25) 103
(27, 36) 374
(47, 41) 312
(30, 19) 643
(17, 14) 0
(20, 13) 288
(42, 30) 192
(23, 16) 112
(6, 40) 107
(45, 3) 348
(10, 39) 81
(32, 24) 78
(31, 48) 430
(18, 39) 346
(38, 34) 0
(8, 17) 141
(11, 12) 330
(50, 33) 200
(14, 11) 138
(36, 28) 422
(1, 22) 303
(39, 1) 43
(26, 22) 540
(48, 23) 65
(15, 40) 218
(19, 45) 231
(2, 15) 197
(24, 32) 78
(5, 2) 95
(30, 26) 15
(17, 7) 88
(20, 20) 0
(42, 25) 192
(23, 41) 217
(6, 35) 43
(10, 46) 75
(32, 31) 243
(18, 30) 537
(38, 37) 103
(43, 42) 17
(8, 24) 83
(11, 5) 147
(14, 18) 215
(36, 27) 374
(26, 17) 339
(48, 14) 215
(12, 28) 296
(15, 49) 216
(19, 50) 424
(2, 6) 0
(24, 39) 112
(5, 11) 147
(27, 50) 269
(30, 29) 25
(20, 19) 241
(42, 0) 51
(23, 38) 231
(6, 26) 198
(10, 41) 82
(32, 22) 305
(31, 38) 152
(35, 35) 0
(18, 25) 537
(43, 35) 88
(8, 31) 199
(33, 9) 257
(14, 21) 217
(36, 2) 205
(26, 24) 300
(48, 5) 371
(12, 27) 115
(2, 1) 81
(24, 46) 46
(27, 11) 263
(49, 26) 484
(30, 4) 262
(20, 26) 478
(3, 34) 91
(42, 11) 49
(6, 29) 212
(28, 42) 204
(32, 45) 275
(31, 47) 477
(35, 40) 149
(18, 16) 108
(21, 5) 464
(43, 24) 112
(8, 6) 69
(33, 2) 153
(14, 28) 277
(36, 9) 273
(39, 44) 162
(12, 18) 640
(15, 7) 201
(37, 22) 490
(2, 24) 149
(27, 0) 269
(49, 19) 163
(30, 15) 384
(0, 46) 122
(20, 33) 475
(3, 43) 192
(6, 20) 360
(28, 33) 165
(32, 36) 327
(31, 20) 475
(18, 11) 324
(40, 36) 281
(21, 14) 217
(43, 17) 169
(8, 13) 18
(7, 47) 260
(11, 40) 30
(33, 27) 72
(36, 48) 247
(39, 37) 203
(44, 48) 315
(9, 18) 264
(12, 9) 391
(15, 12) 432
(37, 31) 176
(2, 19) 476
(27, 25) 60
(49, 20) 159
(0, 37) 237
(20, 40) 260
(3, 16) 367
(25, 35) 195
(6, 15) 197
(31, 29) 76
(18, 2) 370
(40, 43) 62
(21, 23) 204
(4, 49) 281
(43, 22) 346
(7, 36) 277
(46, 1) 113
(11, 33) 195
(33, 28) 165
(39, 34) 101
(44, 47) 336
(9, 27) 325
(48, 42) 270
(12, 0) 335
(15, 21) 259
(37, 24) 299
(24, 3) 286
(27, 30) 60
(49, 13) 267
(13, 31) 195
(3, 25) 232
(25, 36) 362
(6, 6) 0
(32, 50) 74
(31, 26) 68
(40, 18) 304
(21, 16) 110
(43, 15) 206
(7, 29) 280
(46, 8) 127
(11, 38) 133
(33, 21) 518
(16, 43) 241
(36, 38) 168
(44, 38) 263
(9, 28) 239
(48, 33) 430
(34, 12) 241
(15, 18) 257
(37, 1) 236
(24, 10) 36
(27, 23) 443
(49, 6) 314
(13, 24) 85
(3, 30) 232
(25, 45) 462
(28, 14) 277
(50, 31) 200
(31, 3) 179
(40, 25) 233
(21, 25) 539
(4, 39) 104
(43, 4) 104
(8, 34) 123
(7, 26) 265
(46, 19) 317
(29, 41) 216
(33, 46) 320
(16, 34) 295
(36, 45) 247
(22, 8) 317
(44, 29) 283
(9, 5) 208
(34, 7) 174
(15, 27) 415
(37, 10) 277
(24, 17) 64
(13, 17) 138
(0, 10) 47
(38, 27) 220
(3, 7) 264
(28, 5) 180
(50, 22) 318
(31, 8) 199
(1, 45) 234
(40, 0) 28
(21, 34) 405
(4, 46) 199
(8, 41) 30
(7, 19) 382
(46, 26) 334
(29, 34) 222
(33, 39) 171
(16, 25) 435
(41, 39) 1
(22, 3) 474
(44, 20) 213
(9, 14) 82
(12, 45) 535
(34, 30) 197
(24, 24) 0
(10, 23) 191
(49, 48) 118
(13, 10) 51
(0, 1) 19
(38, 18) 403
(3, 12) 205
(28, 28) 0
(50, 17) 134
(1, 38) 133
(40, 7) 29
(21, 43) 348
(4, 21) 336
(26, 38) 210
(7, 8) 53
(46, 29) 349
(16, 16) 0
(41, 40) 63
(22, 26) 540
(5, 50) 151
(44, 19) 418
(47, 6) 324
(12, 36) 355
(34, 25) 197
(24, 31) 280
(45, 44) 315
(10, 30) 261
(49, 41) 290
(13, 3) 224
(0, 24) 80
(38, 21) 405
(25, 0) 219
(28, 27) 183
(50, 8) 14
(14, 34) 260
(40, 14) 110
(4, 28) 295
(26, 33) 68
(7, 1) 41
(46, 36) 317
(33, 49) 460
(16, 23) 112
(19, 2) 476
(41, 17) 170
(22, 29) 555
(44, 10) 112
(47, 15) 170
(12, 35) 247
(34, 16) 295
(17, 40) 110
(37, 37) 0
(42, 48) 270
(45, 37) 365
(10, 25) 261
(49, 34) 349
(35, 19) 499
(0, 31) 200
(38, 12) 241
(25, 9) 273
(28, 18) 491
(50, 3) 225
(14, 37) 363
(1, 48) 234
(4, 27) 292
(26, 40) 236
(46, 47) 218
(29, 13) 233
(16, 14) 141
(19, 11) 430
(41, 26) 201
(22, 20) 175
(5, 36) 260
(44, 1) 142
(9, 33) 257
(47, 20) 253
(34, 43) 101
(17, 33) 329
(37, 46) 345
(23, 15) 55
(45, 30) 462
(10, 0) 47
(35, 24) 186
(0, 22) 318
(38, 7) 174
(25, 18) 537
(14, 44) 106
(1, 9) 47
(39, 28) 197
(4, 2) 78
(29, 6) 212
(16, 5) 356
(19, 16) 213
(2, 40) 107
(41, 3) 191
(22, 47) 104
(5, 45) 371
(9, 42) 103
(47, 29) 528
(34, 34) 0
(17, 26) 339
(42, 34) 84
(23, 4) 156
(45, 23) 65
(10, 11) 51
(13, 46) 126
(35, 1) 121
(25, 27) 60
(11, 24) 85
(1, 2) 81
(39, 21) 348
(4, 9) 143
(29, 31) 76
(19, 25) 643
(2, 35) 43
(41, 4) 103
(22, 38) 403
(5, 22) 462
(27, 41) 240
(47, 26) 513
(30, 38) 197
(17, 19) 317
(42, 45) 270
(23, 29) 429
(45, 16) 86
(10, 50) 47
(32, 11) 73
(13, 39) 32
(35, 6) 43
(18, 50) 318
(38, 49) 349
(25, 28) 127
(11, 17) 138
(50, 44) 133
(1, 27) 283
(39, 18) 346
(26, 5) 116
(48, 26) 469
(29, 24) 315
(15, 37) 253
(19, 30) 643
(41, 13) 33
(5, 31) 59
(27, 46) 386
(47, 35) 339
(30, 41) 194
(17, 20) 151
(20, 7) 239
(42, 20) 334
(23, 26) 415
(45, 9) 214
(32, 2) 150
(13, 32) 73
(35, 15) 194
(18, 45) 147
(38, 40) 162
(11, 22) 324
(50, 39) 35
(14, 1) 129
(36, 22) 391
(1, 28) 219
(39, 11) 32
(26, 12) 179
(48, 17) 215
(29, 17) 354
(15, 34) 196
(19, 39) 452
(22, 48) 147
(5, 24) 231
(27, 39) 241
(47, 40) 288
(30, 16) 435
(17, 13) 138
(20, 14) 151
(42, 31) 163
(23, 19) 294
(6, 41) 44
(45, 2) 277
(10, 36) 277
(32, 25) 247
(18, 36) 391
(38, 35) 13
(8, 18) 317
(11, 15) 211
(14, 8) 141
(36, 29) 386
(1, 21) 305
(39, 0) 35
(26, 23) 415
(48, 8) 246
(15, 43) 206
(19, 44) 418
(2, 12) 270
(24, 33) 280
(5, 1) 162
(47, 49) 94
(30, 27) 60
(17, 6) 209
(20, 21) 177
(42, 6) 28
(23, 40) 213
(6, 32) 150
(10, 47) 260
(32, 16) 217
(18, 31) 516
(40, 48) 253
(43, 45) 269
(8, 25) 221
(11, 4) 124
(14, 19) 317
(36, 4) 137
(26, 30) 15
(48, 15) 116
(12, 29) 174
(15, 48) 116
(2, 7) 122
(24, 40) 64
(5, 10) 198
(30, 2) 188
(20, 28) 397
(42, 1) 56
(23, 33) 371
(6, 27) 225
(28, 44) 185
(32, 23) 244
(31, 33) 0
(35, 34) 13
(18, 22) 0
(43, 34) 101
(8, 0) 14
(33, 8) 199
(14, 26) 339
(36, 3) 150
(26, 25) 15
(48, 6) 277
(12, 20) 617
(2, 30) 188
(24, 47) 227
(27, 10) 313
(49, 25) 480
(30, 5) 103
(0, 40) 28
(20, 27) 536
(3, 37) 17
(42, 8) 43
(6, 18) 370
(28, 43) 197
(32, 46) 93
(31, 46) 320
(35, 43) 88
(18, 17) 215
(21, 4) 336
(43, 27) 241
(8, 7) 53
(7, 49) 220
(11, 50) 6
(33, 1) 213
(14, 29) 354
(36, 10) 277
(39, 47) 312
(12, 19) 745
(15, 6) 197
(37, 21) 492
(2, 25) 188
(27, 3) 231
(49, 18) 57
(30, 12) 169
(0, 47) 292
(20, 34) 409
(3, 42) 175
(6, 21) 372
(28, 34) 256
(32, 37) 308
(31, 23) 371
(18, 8) 317
(40, 37) 265
(21, 13) 326
(43, 16) 241
(8, 14) 141
(7, 46) 75
(11, 43) 32
(33, 26) 68
(36, 49) 349
(39, 36) 239
(44, 49) 269
(9, 17) 82
(12, 10) 381
(15, 15) 0
(37, 30) 229
(2, 16) 263
(27, 24) 348
(49, 11) 267
(0, 38) 134
(20, 41) 320
(3, 19) 573
(25, 34) 197
(6, 12) 270
(31, 28) 165
(18, 3) 474
(40, 44) 106
(21, 22) 2
(4, 50) 121
(43, 9) 89
(7, 39) 81
(46, 6) 194
(11, 32) 73
(33, 19) 622
(44, 40) 106
(9, 26) 277
(48, 43) 269
(12, 1) 345
(15, 20) 342
(37, 7) 277
(24, 4) 155
(27, 17) 393
(49, 12) 584
(13, 30) 213
(20, 48) 271
(3, 24) 286
(25, 43) 195
(6, 7) 122
(28, 48) 451
(31, 5) 59
(40, 19) 410
(21, 31) 518
(43, 14) 169
(7, 28) 226
(46, 9) 66
(29, 47) 528
(33, 20) 475
(16, 44) 246
(36, 39) 239
(44, 39) 162
(9, 3) 268
(48, 34) 294
(34, 13) 133
(15, 29) 408
(37, 0) 237
(24, 11) 85
(27, 22) 586
(49, 5) 406
(13, 23) 213
(3, 1) 223
(25, 44) 272
(28, 15) 402
(50, 28) 200
(31, 2) 153
(1, 43) 43
(40, 26) 236
(21, 24) 242
(4, 32) 192
(43, 7) 81
(8, 35) 110
(7, 21) 278
(46, 16) 129
(29, 40) 251
(33, 45) 430
(16, 35) 287
(36, 46) 317
(22, 9) 264
(44, 30) 272
(9, 4) 143
(34, 4) 75
(15, 26) 394
(37, 9) 281
(24, 18) 240
(13, 16) 222
(0, 11) 6
(38, 24) 198
(3, 6) 147
(28, 6) 218
(50, 23) 207
(31, 11) 195
(1, 44) 142
(40, 1) 36
(21, 33) 518
(4, 47) 271
(8, 42) 43
(7, 18) 276
(46, 27) 386
(29, 33) 76
(33, 38) 152
(16, 26) 440
(41, 38) 100
(22, 0) 318
(44, 21) 321
(9, 13) 62
(12, 46) 456
(34, 31) 152
(37, 50) 237
(24, 25) 297
(45, 50) 253
(10, 20) 239
(13, 9) 62
(0, 2) 79
(38, 19) 507
(3, 15) 237
(28, 29) 124
(50, 14) 134
(1, 37) 236
(40, 8) 41
(21, 42) 356
(4, 22) 334
(26, 39) 202
(7, 11) 51
(46, 34) 243
(16, 17) 141
(41, 47) 312
(22, 27) 586
(5, 49) 406
(44, 12) 424
(47, 1) 274
(12, 37) 191
(34, 22) 403
(45, 43) 269
(10, 31) 246
(49, 40) 248
(13, 2) 77
(0, 25) 219
(38, 10) 174
(25, 7) 261
(28, 20) 397
(50, 9) 57
(14, 35) 248
(40, 15) 218
(4, 29) 286
(26, 46) 334
(7, 0) 47
(46, 37) 345
(33, 48) 430
(16, 8) 214
(19, 5) 568
(41, 16) 242
(22, 18) 0
(44, 11) 132
(47, 14) 231
(30, 50) 219
(34, 17) 260
(17, 47) 231
(37, 36) 164
(42, 49) 298
(45, 36) 247
(10, 6) 122
(49, 33) 460
(35, 18) 395
(0, 16) 216
(38, 13) 133
(25, 8) 221
(28, 19) 594
(50, 0) 0
(14, 42) 184
(4, 4) 0
(26, 41) 201
(46, 44) 118
(29, 12) 174
(16, 15) 165
(19, 10) 382
(2, 46) 194
(41, 25) 194
(22, 21) 2
(5, 35) 92
(44, 2) 207
(9, 32) 65
(47, 23) 119
(34, 40) 162
(17, 32) 93
(37, 45) 365
(23, 14) 204
(45, 29) 484
(10, 1) 41
(35, 27) 221
(0, 23) 207
(38, 4) 75
(25, 17) 338
(14, 45) 215
(1, 8) 14
(39, 31) 171
(4, 3) 141
(26, 48) 469
(29, 5) 128
(16, 6) 263
(19, 19) 0
(2, 41) 44
(41, 2) 44
(22, 44) 319
(5, 44) 250
(9, 41) 90
(47, 28) 486
(34, 35) 13
(17, 25) 338
(42, 35) 71
(23, 7) 191
(45, 22) 147
(10, 8) 53
(13, 45) 259
(35, 0) 121
(25, 26) 15
(11, 27) 263
(50, 50) 0
(1, 1) 0
(39, 20) 319
(4, 10) 145
(29, 30) 25
(19, 24) 346
(2, 32) 150
(41, 11) 33
(22, 39) 346
(5, 21) 464
(27, 40) 286
(47, 37) 419
(30, 39) 195
(17, 18) 215
(42, 42) 0
(23, 28) 407
(45, 15) 116
(32, 12) 386
(13, 38) 133
(35, 9) 167
(11, 16) 222
(50, 45) 253
(1, 26) 240
(39, 13) 32
(26, 2) 198
(48, 27) 502
(29, 23) 429
(15, 36) 134
(19, 33) 622
(41, 12) 301
(5, 30) 103
(27, 33) 72
(47, 34) 345
(30, 46) 332
(17, 11) 138
(20, 0) 285
(42, 21) 356
(23, 21) 204
(45, 8) 246
(32, 3) 297
(35, 14) 248
(18, 42) 354
(38, 41) 100
(11, 9) 62
(50, 36) 257
(14, 6) 209
(36, 23) 189
(1, 19) 409
(39, 10) 81
(26, 13) 218
(48, 18) 147
(29, 16) 455
(15, 45) 116
(19, 38) 507
(2, 50) 79
(22, 49) 57
(5, 7) 198
(27, 38) 220
(47, 43) 312
(30, 17) 338
(17, 12) 468
(20, 15) 342
(3, 49) 422
(42, 28) 204
(23, 18) 202
(6, 46) 194
(45, 1) 234
(10, 37) 277
(32, 26) 247
(31, 50) 200
(18, 37) 490
(38, 32) 206
(8, 19) 423
(11, 14) 138
(14, 9) 82
(36, 30) 362
(1, 20) 279
(39, 3) 192
(26, 20) 478
(48, 9) 214
(15, 42) 201
(19, 47) 178
(2, 13) 77
(24, 34) 198
(5, 0) 151
(47, 48) 54
(30, 24) 297
(17, 5) 284
(20, 22) 175
(42, 7) 96
(23, 43) 217
(6, 33) 153
(10, 44) 112
(32, 17) 93
(18, 28) 491
(40, 49) 248
(43, 44) 162
(8, 26) 227
(11, 7) 51
(14, 16) 141
(36, 5) 260
(26, 31) 68
(48, 0) 253
(12, 30) 169
(2, 4) 78
(24, 41) 113
(5, 9) 208
(30, 3) 232
(20, 29) 492
(42, 14) 184
(23, 32) 244
(6, 24) 149
(28, 45) 451
(32, 40) 47
(31, 32) 243
(35, 37) 116
(18, 23) 202
(43, 37) 203
(8, 1) 14
(33, 15) 343
(14, 27) 393
(36, 12) 355
(39, 49) 289
(48, 7) 227
(12, 21) 642
(2, 31) 153
(24, 48) 197
(27, 13) 263
(49, 24) 184
(30, 10) 261
(0, 41) 36
(20, 36) 465
(3, 36) 150
(42, 9) 103
(6, 19) 476
(28, 36) 422
(32, 47) 304
(31, 41) 170
(35, 42) 71
(18, 14) 215
(21, 3) 475
(43, 26) 202
(8, 8) 0
(7, 48) 227
(33, 0) 200
(36, 11) 260
(39, 46) 155
(12, 12) 0
(15, 1) 187
(37, 20) 511
(2, 22) 370
(27, 2) 225
(49, 17) 163
(30, 13) 213
(0, 32) 74
(20, 35) 397
(3, 45) 348
(6, 10) 122
(28, 35) 247
(32, 38) 206
(31, 22) 516
(18, 9) 264
(40, 38) 162
(21, 12) 642
(43, 19) 452
(8, 15) 193
(7, 41) 82
(11, 42) 49
(33, 25) 53
(36, 50) 257
(39, 39) 0
(44, 50) 133
(9, 16) 165
(12, 11) 330
(15, 14) 236
(37, 29) 251
(2, 17) 209
(27, 27) 0
(49, 10) 220
(0, 39) 35
(20, 42) 334
(3, 18) 474
(25, 33) 53
(6, 13) 77
(31, 31) 0
(18, 0) 318
(40, 45) 253
(21, 21) 0
(43, 8) 29
(7, 38) 174
(46, 7) 75
(11, 35) 120
(33, 18) 516
(41, 50) 36
(44, 41) 163
(9, 25) 273
(48, 44) 315
(12, 2) 270
(15, 23) 55
(37, 6) 158
(24, 5) 231
(27, 16) 482
(49, 3) 422
(13, 29) 233
(20, 49) 159
(3, 27) 231
(25, 42) 192
(6, 4) 78
(28, 49) 438
(31, 4) 220
(40, 20) 260
(21, 30) 539
(43, 1) 43
(7, 31) 246
(46, 14) 22
(29, 46) 349
(33, 43) 171
(16, 45) 86
(36, 32) 327
(44, 32) 60
(9, 2) 128
(48, 35) 289
(34, 10) 174
(15, 28) 402
(37, 15) 253
(24, 12) 414
(49, 4) 281
(13, 22) 324
(3, 0) 225
(28, 8) 211
(50, 29) 239
(31, 13) 195
(1, 42) 56
(40, 27) 286
(21, 39) 348
(4, 33) 220
(43, 6) 45
(8, 36) 243
(7, 20) 239
(46, 17) 22
(29, 39) 217
(33, 44) 278
(16, 36) 297
(36, 47) 301
(22, 14) 215
(44, 31) 278
(9, 11) 62
(12, 48) 535
(34, 5) 94
(37, 8) 226
(24, 19) 346
(13, 15) 211
(0, 12) 335
(38, 25) 197
(3, 9) 268
(28, 7) 226
(50, 20) 285
(31, 10) 246
(1, 35) 121
(40, 2) 107
(21, 32) 307
(4, 40) 145
(8, 43) 29
(7, 13) 51
(46, 24) 46
(29, 32) 262
(33, 37) 176
(16, 27) 482
(41, 37) 202
(22, 1) 303
(44, 22) 319
(9, 12) 391
(12, 47) 586
(34, 28) 256
(37, 49) 438
(24, 26) 300
(45, 49) 118
(10, 21) 278
(13, 8) 18
(0, 3) 225
(38, 16) 295
(3, 14) 349
(28, 30) 127
(50, 15) 206
(1, 36) 245
(40, 9) 42
(21, 41) 348
(4, 23) 156
(26, 36) 375
(7, 10) 0
(46, 35) 231
(16, 18) 108
(41, 46) 156
(22, 24) 240
(5, 48) 371
(44, 13) 132
(47, 0) 292
(12, 38) 241
(34, 23) 231
(45, 42) 270
(10, 28) 226
(49, 47) 94
(13, 1) 25
(0, 26) 224
(38, 11) 133
(25, 6) 188
(28, 21) 493
(50, 6) 79
(14, 32) 93
(21, 50) 320
(4, 30) 262
(26, 47) 513
(7, 3) 264
(46, 42) 169
(29, 50) 239
(16, 9) 165
(19, 4) 436
(41, 23) 217
(22, 19) 106
(44, 4) 251
(47, 9) 247
(34, 46) 243
(17, 46) 22
(37, 35) 116
(45, 35) 289
(10, 7) 0
(49, 32) 251
(35, 21) 397
(0, 17) 134
(38, 2) 56
(25, 15) 384
(50, 1) 19
(14, 43) 169
(4, 5) 161
(46, 45) 199
(29, 11) 233
(16, 0) 216
(19, 13) 430
(2, 47) 324
(41, 24) 113
(22, 42) 354
(5, 34) 94
(44, 3) 353
(9, 39) 89
(47, 22) 104
(34, 41) 100
(17, 39) 169
(37, 44) 364
(23, 9) 179
(45, 28) 451
(10, 14) 88
(35, 26) 206
(38, 5) 94
(25, 16) 435
(14, 50) 134
(1, 15) 187
(39, 30) 195
(4, 12) 316
(26, 49) 484
(29, 4) 286
(16, 7) 178
(19, 18) 106
(2, 38) 56
(41, 1) 44
(22, 45) 147
(5, 43) 119
(9, 40) 42
(47, 31) 477
(34, 32) 206
(17, 24) 64
(42, 32) 122
(23, 6) 219
(45, 21) 148
(10, 9) 13
(13, 44) 132
(35, 3) 104
(25, 25) 0
(11, 26) 218
(1, 0) 19
(39, 23) 217
(4, 11) 124
(29, 29) 0
(19, 27) 692
(2, 33) 153
(41, 10) 82
(22, 36) 391
(5, 20) 434
(27, 43) 241
(47, 36) 301
(30, 36) 362
(17, 17) 0
(42, 43) 17
(23, 31) 371
(45, 14) 215
(10, 48) 227
(32, 13) 73
(13, 37) 235
(35, 8) 110
(18, 48) 147
(11, 19) 430
(50, 42) 51
(1, 25) 235
(39, 12) 302
(26, 3) 247
(48, 28) 451
(29, 22) 555
(15, 39) 206
(19, 32) 409
(5, 29) 128
(27, 32) 304
(47, 45) 54
(30, 47) 506
(34, 50) 134
(17, 10) 88
(20, 1) 279
(42, 18) 354
(23, 20) 295
(45, 7) 227
(32, 4) 192
(35, 49) 340
(18, 43) 346
(38, 46) 243
(43, 49) 289
(11, 8) 18
(50, 37) 237
(14, 7) 88
(36, 16) 297
(1, 18) 303
(39, 5) 119
(26, 10) 265
(48, 19) 231
(15, 44) 310
(19, 41) 452
(5, 6) 95
(47, 42) 315
(30, 22) 537
(17, 3) 349
(20, 8) 292
(3, 48) 348
(42, 29) 214
(23, 45) 65
(6, 47) 324
(45, 0) 253
(10, 34) 174
(32, 27) 304
(18, 34) 403
(38, 33) 152
(8, 20) 292
(11, 1) 25
(14, 14) 0
(36, 31) 312
(39, 2) 45
(26, 21) 542
(48, 10) 227
(19, 46) 317
(2, 10) 122
(24, 35) 186
(5, 15) 284
(30, 25) 0
(17, 4) 219
(20, 23) 295
(42, 4) 92
(23, 42) 216
(6, 38) 56
(10, 45) 227
(32, 18) 305
(18, 29) 555
(40, 50) 28
(43, 47) 312
(8, 27) 269
(11, 6) 77
(14, 17) 0
(36, 6) 205
(26, 28) 117
(48, 1) 234
(12, 31) 146
(15, 50) 206
(2, 5) 95
(24, 42) 125
(5, 8) 148
(30, 0) 219
(20, 30) 478
(42, 15) 201
(23, 35) 226
(6, 25) 188
(28, 46) 280
(32, 41) 106
(31, 35) 150
(35, 36) 175
(18, 20) 175
(43, 36) 239
(8, 2) 69
(33, 14) 329
(14, 24) 64
(36, 13) 260
(39, 48) 269
(12, 22) 640
(2, 28) 218
(24, 49) 184
(27, 12) 115
(49, 31) 460
(30, 11) 213
(0, 42) 51
(20, 37) 511
(3, 39) 192
(6, 16) 263
(28, 37) 323
(32, 32) 0
(31, 40) 220
(35, 45) 289
(18, 15) 257
(40, 32) 47
(21, 2) 372
(43, 29) 217
(8, 9) 61
(33, 7) 246
(39, 41) 1
(12, 13) 330
(15, 0) 206
(37, 19) 590
(2, 23) 219
(27, 5) 131
(49, 16) 55
(0, 33) 200
(20, 44) 213
(3, 44) 353
(23, 49) 161
(6, 11) 77
(32, 39) 105
(31, 17) 329
(18, 6) 370
(40, 39) 62
(21, 11) 326
(43, 18) 346
(8, 48) 246
(7, 40) 29
(11, 45) 259
(33, 24) 280
(16, 48) 86
(39, 38) 101
(9, 23) 179
(12, 4) 316
(15, 9) 192
(37, 28) 323
(27, 26) 67
(49, 9) 207
(20, 43) 319
(3, 21) 475
(25, 32) 247
(6, 2) 0
(31, 30) 53
(18, 1) 303
(40, 46) 100
(21, 20) 177
(43, 11) 32
(7, 33) 246
(46, 4) 199
(11, 34) 133
(33, 17) 329
(41, 49) 290
(44, 42) 179
(9, 24) 24
(48, 45) 0
(12, 3) 205
(15, 22) 257
(37, 5) 143
(24, 6) 149
(27, 19) 692
(49, 2) 314
(13, 28) 195
(20, 50) 285
(3, 26) 247
(25, 41) 194
(6, 5) 95
(28, 50) 200
(31, 7) 246
(40, 21) 306
(21, 29) 557
(43, 0) 35
(7, 30) 261
(46, 15) 214
(29, 45) 484
(33, 42) 163
(16, 46) 129
(36, 33) 312
(44, 33) 278
(9, 1) 47
(48, 36) 247
(34, 11) 133
(15, 31) 343
(37, 14) 363
(24, 13) 85
(13, 21) 326
(3, 3) 0
(25, 50) 219
(28, 9) 239
(50, 26) 224
(31, 12) 146
(1, 41) 44
(40, 28) 199
(21, 38) 405
(4, 34) 75
(8, 37) 226
(7, 23) 191
(46, 22) 212
(29, 38) 222
(33, 35) 150
(16, 37) 383
(36, 40) 281
(41, 35) 87
(22, 15) 257
(44, 24) 124
(9, 10) 13
(12, 49) 584
(34, 2) 56
(24, 20) 212
(13, 14) 138
(0, 13) 6
(38, 30) 197
(3, 8) 214
(28, 0) 200
(50, 21) 320
(1, 34) 133
(40, 3) 253
(21, 47) 104
(4, 41) 103
(8, 44) 146
(7, 12) 381
(46, 25) 332
(33, 36) 312
(16, 28) 402
(41, 36) 239
(22, 6) 370
(44, 23) 292
(12, 40) 358
(34, 29) 222
(37, 48) 365
(24, 27) 348
(45, 48) 0
(10, 18) 276
(13, 7) 51
(0, 4) 121
(38, 17) 260
(28, 31) 165
(50, 12) 335
(40, 10) 29
(21, 40) 306
(4, 16) 227
(26, 37) 243
(7, 5) 198
(46, 32) 93
(16, 19) 213
(41, 45) 269
(22, 25) 537
(44, 14) 106
(47, 3) 402
(12, 39) 302
(34, 20) 409
(45, 41) 269
(10, 29) 280
(49, 46) 158
(13, 0) 6
(0, 27) 269
(38, 8) 123
(25, 5) 103
(28, 22) 491
(50, 7) 47
(14, 33) 329
(21, 49) 59
(4, 31) 220
(26, 44) 269
(7, 2) 122
(46, 43) 155
(29, 49) 499
(16, 10) 178
(19, 7) 382
(41, 22) 346
(22, 16) 108
(44, 5) 250
(47, 8) 287
(30, 48) 462
(34, 47) 345
(17, 45) 215
(37, 34) 103
(45, 34) 294
(10, 4) 145
(49, 39) 289
(35, 20) 397
(0, 18) 318
(38, 3) 91
(25, 14) 338
(14, 40) 110
(4, 6) 78
(46, 50) 122
(29, 10) 280
(16, 1) 200
(19, 12) 745
(2, 44) 207
(41, 31) 170
(22, 43) 346
(5, 33) 59
(9, 38) 179
(47, 17) 231
(34, 38) 0
(17, 38) 260
(37, 43) 203
(42, 38) 84
(23, 8) 198
(45, 27) 502
(10, 15) 201
(13, 50) 6
(35, 29) 219
(25, 23) 406
(1, 14) 129
(39, 25) 195
(4, 13) 124
(29, 3) 255
(19, 21) 104
(2, 39) 45
(41, 0) 36
(22, 34) 403
(5, 42) 108
(9, 47) 247
(47, 30) 506
(30, 34) 197
(34, 33) 152
(17, 31) 329
(42, 33) 163
(23, 1) 188
(45, 20) 271
(13, 43) 32
(35, 2) 43
(25, 24) 297
(11, 29) 233
(50, 48) 253
(1, 7) 41
(39, 22) 346
(29, 28) 124
(19, 26) 646
(41, 9) 90
(22, 37) 490
(5, 19) 568
(27, 42) 235
(47, 39) 312
(30, 37) 229
(17, 16) 141
(42, 40) 79
(23, 30) 406
(6, 50) 79
(45, 13) 259
(10, 49) 220
(32, 14) 93
(13, 36) 260
(35, 11) 120
(18, 49) 57
(11, 18) 324
(50, 43) 35
(1, 24) 70
(39, 15) 206
(26, 0) 224
(48, 29) 484
(29, 21) 557
(15, 38) 196
(19, 35) 499
(5, 28) 180
(27, 35) 221
(47, 44) 336
(30, 44) 272
(17, 9) 82
(20, 2) 360
(42, 19) 460
(23, 23) 0
(45, 6) 277
(32, 5) 205
(35, 48) 289
(18, 40) 304
(38, 47) 345
(43, 48) 269
(11, 11) 0
(50, 34) 134
(14, 4) 219
(36, 17) 339
(1, 17) 129
(39, 4) 104
(26, 11) 218
(48, 20) 271
(15, 47) 170
(19, 40) 410
(2, 48) 277
(5, 5) 0
(30, 23) 406
(17, 2) 209
(20, 9) 232
(42, 26) 199
(23, 44) 292
(6, 44) 207
(10, 35) 162
(32, 28) 187
(18, 35) 395
(38, 38) 0
(43, 41) 1
(8, 21) 319
(11, 0) 6
(14, 15) 236
(36, 24) 279
(26, 18) 540
(48, 11) 259
(19, 49) 163
(2, 11) 77
(24, 36) 279
(5, 14) 284
(27, 49) 530
(47, 50) 292
(30, 30) 0
(20, 16) 187
(42, 5) 108
(23, 37) 300
(6, 39) 45
(10, 42) 96
(32, 19) 409
(31, 37) 176
(18, 26) 540
(43, 46) 155
(8, 28) 211
(14, 22) 215
(36, 7) 277
(26, 29) 15
(48, 2) 277
(12, 24) 414
(2, 2) 0
(24, 43) 112
(30, 1) 235
(20, 31) 475
(3, 33) 179
(42, 12) 290
(23, 34) 231
(6, 30) 188
(28, 47) 486
(32, 42) 122
(31, 34) 152
(35, 39) 88
(18, 21) 2
(43, 39) 0
(8, 3) 214
(33, 13) 195
(14, 25) 338
(36, 14) 339
(12, 23) 471
(2, 29) 212
(24, 50) 80
(27, 15) 415
(49, 30) 480
(30, 8) 221
(0, 43) 35
(20, 38) 409
(3, 38) 91
(6, 17) 209
(28, 38) 256
(32, 33) 243
(31, 43) 171
(35, 44) 250
(18, 12) 640
(40, 33) 220
(21, 1) 305
(43, 28) 197
(8, 10) 53
(7, 50) 47
(33, 6) 153
(39, 40) 62
(48, 48) 0
(12, 14) 468
(15, 3) 237
(37, 18) 490
(2, 20) 360
(27, 4) 292
(49, 23) 161
(0, 34) 134
(20, 45) 271
(3, 47) 402
(23, 48) 65
(6, 8) 69
(31, 16) 411
(18, 7) 276
(40, 40) 0
(21, 10) 278
(43, 21) 348
(8, 49) 261
(7, 43) 81
(46, 2) 194
(11, 44) 132
(33, 31) 0
(16, 49) 55
(39, 33) 171
(44, 44) 0
(9, 22) 264
(12, 5) 184
(15, 8) 193
(37, 27) 224
(24, 0) 80
(27, 29) 59
(49, 8) 261
(3, 20) 496
(25, 39) 195
(6, 3) 147
(31, 25) 53
(40, 47) 288
(21, 19) 104
(43, 10) 81
(7, 32) 55
(46, 5) 273
(11, 37) 235
(33, 16) 411
(16, 40) 207
(41, 48) 269
(44, 43) 162
(9, 31) 257
(48, 46) 199
(15, 17) 236
(37, 4) 157
(24, 7) 36
(27, 18) 586
(49, 1) 247
(13, 27) 263
(0, 48) 253
(3, 29) 255
(25, 40) 233
