NAME:	instance_22-triangle
TYPE:	VRPRDL
DIMENSION:	188
CAPACITY:	750
TIME_HORIZON:	720
NUM_CUSTOMERS:	61
NODE_COORD_SECTION
1	0.0	0.0
2	112.482468019	10.1490070756
3	66.2678014054	54.0393096044
4	90.3061542231	44.7308193491
5	94.7680931783	10.0652600453
6	118.359110505	14.9666287787
7	49.6339055233	-66.9122717495
8	5.3174758258	-13.4769484652
9	20.3237340352	-86.6517711418
10	-6.1927938964	-86.5307756215
11	14.6378265862	-82.7149072359
12	-19.6809219632	-6.64358793117
13	-1.19749130259	54.7543517531
14	-16.4706154524	-10.3742266156
15	-18.6139315077	-58.5677310812
16	47.8564993968	-139.18278414
17	-59.1271347547	-132.727008389
18	-11.9710882443	75.2985447868
19	6.82382929334	73.6382037016
20	-113.051221103	59.1991033208
21	-57.4024071631	34.8243604457
22	-56.2817200291	43.9518798764
23	-9.0558034805	-70.5314668184
24	-50.8755818163	-120.711130588
25	-93.2628657426	-94.6198049234
26	-51.651451509	-87.8501843446
27	40.5267582242	49.3168810451
28	-70.4602939059	140.574804088
29	-140.704565281	76.2004762515
30	40.3558161262	-122.419514139
31	-14.5843254276	-65.5195895059
32	90.1091553177	-60.5668218142
33	165.240766308	-37.108023619
34	-115.829556734	2.1916121172
35	-117.790523997	-127.307805352
36	15.2771983461	-8.24318847443
37	51.1633477251	10.8256754562
38	101.9042659	92.26015692
39	48.932042331	30.4272309783
40	5.83695729652	9.35519184132
41	70.4249782301	52.0151276803
42	60.1838492287	50.5076101395
43	-72.3404615274	164.516633163
44	-58.10611543	24.2897380226
45	-15.9636832485	11.010548307
46	24.897831108	26.4219045364
47	2.31758843242	1.08918028114
48	-33.647916981	-13.8673766507
49	0.379946399208	134.866327706
50	-6.40788357641	112.068136916
51	2.576406553	96.8130058012
52	13.0900674147	130.871687026
53	5.16208267749	133.287830768
54	78.6619560391	75.417068844
55	82.610288417	109.076840165
56	12.7150098595	60.4527443469
57	48.3256753347	85.8659673669
58	78.138173162	77.5829330029
59	31.4769024554	-11.4363604311
60	12.4848880375	9.43464277902
61	86.8653971012	-17.9684501829
62	18.3101147402	-31.7656659289
63	16.7796247119	-22.2781315436
64	106.164558007	-112.443609019
65	-117.959758251	-118.374328718
66	-146.826534535	-14.3310009936
67	-92.5260520417	-67.2950111875
68	-124.100124728	-48.383502006
69	32.1488198943	-135.383350658
70	20.8241572716	-141.283310757
71	15.2265407861	-142.404635759
72	26.9152407876	-136.036107049
73	-52.6517578583	37.0136606113
74	-101.567022063	78.2551676483
75	-63.9496931391	43.6036693791
76	-28.3362926325	62.6135286002
77	-50.8443052823	39.5531115446
78	-125.583143921	-36.2516408031
79	-104.48581438	55.0921111668
80	-82.4561080174	-4.43460174808
81	-116.984216314	18.236201705
82	-108.336048081	1.08682862249
83	24.2145558477	15.3674083889
84	-31.5297446383	-17.0958343614
85	21.1342919613	-21.9658378318
86	2.0217201215	-8.78652147985
87	30.3147511477	94.9086225096
88	45.2214921188	-37.5755250078
89	119.193091529	-65.2095939901
90	73.5098818812	10.0776504149
91	67.7424019495	-43.3571011071
92	89.9212943412	-40.0580985848
93	-41.4689327053	20.3475929063
94	14.7140806788	-37.4733913116
95	48.1244159984	39.6768007228
96	31.0294308858	-6.34301778046
97	-14.7782751704	-151.44996428
98	20.9696079449	-40.2523425319
99	-15.1532203465	-121.206722384
100	-18.5538625644	-93.6596732572
101	-13.5006070282	-97.1488545318
102	-36.0682291509	-115.140908769
103	-75.4472627288	-143.345508171
104	-53.1436480182	-79.6494087459
105	-47.4436456067	-82.7335624955
106	43.0445694227	-10.9216588837
107	59.6272738317	-23.1571931835
108	-40.0430722847	-14.2752101724
109	59.4558284961	94.5869021393
110	6.85229221144	-9.16561094151
111	33.2170341463	5.45897562739
112	39.7999833122	-61.1441624947
113	-3.2228962799	58.6571220732
114	-1.59284341041	8.2825223616
115	34.1200762386	12.5438020481
116	-102.132736979	14.1942493497
117	-0.640282940135	-1.86175661615
118	-144.41362847	126.837328695
119	-76.4282750079	25.5139369112
120	-31.5461993053	125.992465742
121	-86.7039504334	-20.4959393416
122	-5.90212761416	-86.6251048873
123	127.187534777	-20.3147339399
124	-13.2169171422	79.9007719815
125	72.5292124292	62.2109229015
126	-6.12249009585	14.1174231144
127	41.7624626286	9.57336777835
128	62.7877393527	131.033249651
129	27.8984056319	178.225943179
130	14.5896008675	83.0986661302
131	62.1564728576	132.146961001
132	-87.3123031077	-47.4866648948
133	-86.969907269	-47.3608939954
134	-86.3606078169	-77.0745762641
135	-71.4485548347	0.371912639025
136	-87.9607155448	-43.6353100885
137	126.777601594	-54.8853596833
138	160.973145996	32.6960878407
139	140.903565677	32.1838155828
140	143.921802327	22.598563705
141	7.26676603531	-12.6219840933
142	141.39733431	-17.7126973694
143	106.913539871	-52.3692422333
144	143.576838611	-37.1472245759
145	76.7915741616	-1.4063465096
146	-0.545336650512	3.52467454017
147	54.2433366418	53.3011408611
148	-7.85378568504	13.9415646303
149	-43.0617141089	75.7804729032
150	-23.1341120814	61.8647091796
151	-44.714494849	127.373680106
152	-43.1895370933	76.1643796398
153	-42.2691618452	86.6815286555
154	28.511103635	-16.6330473728
155	-102.620690059	35.1459067612
156	-13.8364006281	-0.460154048886
157	-83.800395558	23.416809341
158	50.2662900819	63.5072844305
159	-25.4798619895	29.4282613637
160	-51.5141683684	38.453026567
161	-77.8728088279	150.994988989
162	-108.362468616	103.580520259
163	16.0272191659	156.06098011
164	26.8585665586	-37.6308074072
165	10.3044914825	-50.7620110059
166	15.105591728	-51.1942111667
167	73.6125130308	-26.1239702136
168	-28.8142388137	-36.4500715464
169	92.6783757643	143.409033144
170	6.89611063048	4.29657600787
171	11.7093638031	12.7498390908
172	15.3470207109	-16.2725136549
173	7.15354153168	4.63767922813
174	20.7171181538	67.3945958209
175	39.2730681778	26.3063670043
176	23.7563604952	13.7542368941
177	90.8324362985	11.3400429005
178	106.572310585	98.3445404721
179	48.1040146551	68.5446319537
180	52.9040803994	54.5444115707
181	-61.4370317902	76.1703613792
182	36.5532717323	171.755678301
183	51.3287413102	68.4254158749
184	-28.6885961774	-40.3460273466
185	4.88043395387	131.275053204
186	54.9487259595	110.255981509
187	23.4864553689	114.184948065
188	2.23955668023	112.755212628
EDGE_WEIGHT_SECTION
0	113	85	100	95	119	82	14	89	87	84	21	54	19	61	146	145	76	74	127	67	71	71	131	133	102	64	157	159	128	67	108	169	115	173	17	52	137	57	11	87	78	179	63	19	36	3	36	134	112	96	131	133	108	136	62	99	110	33	15	88	36	27	154	167	148	114	133	139	143	143	138	64	128	77	68	64	130	118	83	118	108	28	35	30	9	100	59	136	74	80	98	46	40	62	32	152	45	122	95	98	120	162	96	95	44	63	42	112	11	34	72	58	8	36	103	2	192	81	129	89	87	128	81	95	15	43	145	180	84	146	98	98	116	71	97	137	164	144	145	14	142	119	148	77	4	76	16	87	66	135	87	96	33	108	14	87	81	39	64	169	150	156	45	52	53	77	46	171	8	17	22	8	71	47	27	91	144	84	76	98	175	85	50	131	123	116	112	
113	0	64	41	18	8	99	110	134	153	135	133	122	130	148	163	223	140	123	230	171	172	145	209	231	190	82	224	262	151	147	74	71	227	267	99	61	83	67	106	59	66	240	171	127	89	110	148	167	156	140	156	163	74	103	112	99	76	84	99	38	103	101	123	263	259	219	244	166	177	181	169	167	225	179	150	166	242	221	194	228	220	88	146	97	112	118	82	76	39	70	55	154	109	71	83	205	104	183	167	165	194	242	188	184	73	62	154	100	107	79	102	125	113	78	213	114	281	189	184	201	153	34	144	66	118	70	131	188	122	132	207	207	217	183	208	67	53	36	34	108	40	63	57	38	112	72	120	168	145	196	168	172	88	216	126	196	82	139	166	236	239	175	98	119	115	53	149	135	105	100	101	105	108	75	88	22	88	87	74	186	179	84	150	162	115	137	150	
85	64	0	26	52	65	122	91	148	158	146	105	67	104	140	194	224	81	62	179	125	123	145	210	218	184	26	162	207	178	144	117	135	189	258	80	46	52	29	75	5	7	177	128	93	50	83	120	104	93	77	93	100	25	57	54	37	26	74	70	75	98	91	171	252	223	199	216	192	200	203	194	120	169	130	94	118	212	170	160	186	182	57	120	88	90	54	94	130	45	97	97	113	105	23	70	221	105	193	170	171	197	242	179	177	69	77	126	41	87	59	118	69	82	52	173	87	222	145	121	170	158	96	83	10	83	51	77	130	59	78	183	183	201	148	182	124	97	78	84	89	104	114	119	56	83	12	84	111	89	133	111	113	80	170	97	153	19	95	119	174	181	114	100	119	117	80	131	93	77	68	86	77	47	39	59	49	60	23	13	129	121	21	134	98	57	74	87	
100	41	26	0	35	41	119	103	149	163	148	121	92	119	150	189	232	107	88	204	148	146	152	217	230	194	50	187	233	174	152	105	111	210	269	92	52	49	44	91	21	31	202	149	111	68	98	136	127	118	102	116	122	33	65	79	59	35	81	85	63	105	99	158	264	244	214	233	189	198	201	192	143	195	154	120	141	230	195	179	208	203	72	135	96	103	78	94	114	39	91	84	134	112	42	78	222	110	197	176	176	204	250	189	187	73	74	142	59	99	69	117	95	99	65	194	102	248	167	146	188	163	75	109	25	101	60	91	147	85	92	198	198	214	167	197	106	72	52	58	101	81	99	98	48	99	37	103	137	115	158	137	139	87	193	113	175	44	116	142	199	207	134	104	125	122	73	144	99	92	85	97	92	73	54	73	33	56	48	39	155	138	46	146	121	74	96	111	
95	18	52	35	0	24	89	92	122	139	123	115	106	113	132	156	209	125	108	213	154	155	131	195	215	176	67	210	244	143	133	71	85	209	252	82	43	83	50	88	49	53	227	153	109	72	92	131	156	143	126	145	152	67	100	96	89	69	67	81	29	87	84	123	248	241	202	226	158	168	172	161	150	208	162	134	148	225	204	176	210	202	70	129	80	95	106	68	79	21	60	50	136	93	55	66	195	89	171	153	152	180	228	172	169	56	48	137	92	90	61	90	109	95	60	195	96	265	171	171	183	139	44	128	57	100	52	125	181	108	126	190	190	201	165	190	72	70	51	51	90	54	64	67	21	94	59	102	152	129	182	152	157	71	198	108	178	69	122	149	223	223	166	83	104	100	42	132	133	87	82	84	87	94	58	70	4	89	74	61	169	172	73	133	150	108	126	138	
119	8	65	41	24	0	107	116	141	161	142	139	126	137	155	170	231	144	126	235	176	177	153	217	238	198	85	226	266	158	155	81	70	233	275	106	67	79	71	112	61	68	242	177	133	94	116	155	168	158	142	157	163	72	101	115	100	74	91	105	46	110	108	128	271	265	226	250	173	184	188	177	172	229	184	154	171	249	226	200	234	226	94	153	104	119	119	90	80	45	77	62	160	116	74	90	213	112	190	175	173	202	250	195	192	80	70	161	99	114	85	109	129	119	84	219	120	285	195	186	207	161	36	147	66	124	76	129	186	124	130	214	214	224	189	214	70	46	28	27	114	40	68	58	45	118	75	126	172	149	198	172	176	95	221	132	202	84	144	171	238	243	174	106	126	123	61	156	131	111	106	108	111	111	80	94	28	84	88	76	189	177	86	157	162	114	137	152	
82	99	122	119	89	107	0	69	35	59	38	91	132	86	69	72	127	155	146	205	147	153	59	114	145	103	116	239	237	56	64	41	119	179	178	68	78	168	97	88	121	118	261	140	101	96	82	98	207	187	170	201	205	145	179	132	152	147	58	85	61	47	55	73	175	203	142	175	71	80	83	73	145	209	158	150	146	178	196	146	187	171	86	95	53	75	162	30	70	81	30	48	126	45	106	63	106	39	85	73	70	98	146	104	98	56	45	104	162	71	74	11	136	90	81	172	81	273	156	209	143	59	90	159	131	97	77	198	245	154	199	138	138	136	138	140	78	149	135	130	69	104	59	99	71	86	120	98	169	148	216	169	178	55	182	92	160	130	121	146	251	232	225	37	42	38	47	84	214	83	88	61	83	137	93	84	88	175	135	121	180	238	135	82	203	177	182	185	
14	110	91	103	92	116	69	0	75	74	70	26	68	22	51	132	136	90	87	138	79	84	59	121	127	94	72	171	170	114	56	96	161	122	168	11	52	143	62	23	92	84	193	74	32	44	15	39	148	126	110	144	147	115	144	74	108	116	26	24	81	22	14	141	161	152	112	134	125	129	129	124	77	141	90	82	77	133	129	88	126	114	34	37	18	6	111	46	125	72	69	88	58	26	68	27	139	31	110	84	86	110	153	88	87	38	55	45	120	5	34	58	72	22	39	111	13	205	91	143	92	74	121	95	101	29	43	155	193	97	156	98	98	111	78	98	128	162	143	143	2	135	108	140	72	18	82	30	101	80	149	101	110	23	118	23	96	89	53	77	183	163	169	32	38	39	69	41	179	18	27	10	18	82	52	33	89	151	92	83	111	188	94	43	145	133	129	126	
89	134	148	149	122	141	35	75	0	26	7	89	142	85	48	59	92	164	160	197	144	151	34	79	113	71	137	244	229	41	41	75	153	163	144	78	102	197	121	96	147	143	267	136	104	112	89	91	221	199	183	217	220	172	205	147	174	173	76	96	96	55	64	90	142	182	114	149	50	55	56	50	144	205	155	157	145	154	189	132	173	156	101	87	64	80	181	55	101	110	64	83	124	49	129	81	74	46	50	40	35	63	111	73	67	79	75	94	185	78	93	32	146	97	100	158	87	270	148	218	126	26	125	169	157	104	99	221	264	169	222	114	114	106	126	117	111	184	169	165	75	139	93	133	102	92	144	104	174	154	223	174	184	70	173	93	151	153	125	144	256	230	242	49	37	36	81	70	240	91	99	70	91	153	114	100	121	204	157	145	182	258	158	67	218	199	200	199	
87	153	158	163	139	161	59	74	26	0	21	81	141	77	31	75	70	161	160	181	131	139	16	56	87	45	143	236	211	58	23	99	178	141	119	81	112	208	129	96	157	152	259	122	98	117	88	78	221	198	183	217	220	182	214	147	180	183	84	97	115	60	68	115	116	158	88	124	62	61	60	59	132	190	142	150	133	130	172	112	152	135	106	74	70	78	184	71	127	125	85	106	112	53	137	88	65	53	36	14	13	41	89	47	41	90	91	79	192	78	100	52	145	95	107	139	85	254	132	213	104	0	148	166	167	101	107	227	266	170	228	90	90	80	109	92	136	205	189	185	75	162	118	157	119	90	152	100	166	149	217	166	177	78	155	86	135	160	117	133	248	215	242	59	39	41	100	55	249	91	100	73	91	155	121	104	138	216	164	152	171	261	165	51	218	205	202	199	
84	135	146	148	123	142	38	70	7	21	0	83	137	79	41	65	89	159	155	190	138	145	27	76	108	66	134	239	222	47	34	79	157	156	140	74	100	196	118	91	145	141	262	129	99	109	84	84	216	194	178	212	215	170	203	142	171	171	73	92	97	51	60	96	137	175	108	143	56	59	60	55	137	198	149	152	138	148	182	125	166	149	98	80	61	75	178	55	106	110	66	86	117	45	127	78	75	43	49	35	32	60	108	68	62	77	75	88	182	73	90	33	141	92	97	152	82	263	141	213	119	21	128	164	155	99	96	218	261	165	219	108	108	101	119	110	116	186	170	167	70	142	97	137	102	87	141	99	169	149	218	169	179	68	166	87	144	150	119	138	251	223	237	47	32	32	82	63	238	86	95	66	86	150	112	97	121	203	155	142	176	255	155	61	213	196	197	194	
21	133	105	121	115	139	91	26	89	81	83	0	64	5	52	148	132	82	85	114	56	62	65	118	115	87	82	156	146	130	59	122	187	96	156	35	72	156	78	30	107	98	179	49	18	55	23	16	143	119	106	141	142	127	154	75	115	128	51	36	107	46	40	164	149	127	95	112	139	141	140	138	55	118	67	70	56	110	105	63	100	89	49	16	44	22	113	72	151	94	95	114	35	46	82	51	145	53	115	87	91	110	147	80	81	63	81	22	128	27	54	80	67	23	57	85	20	183	65	133	68	81	147	87	115	25	63	160	191	96	161	79	79	97	52	78	154	184	164	165	28	161	134	166	97	22	95	24	86	69	136	86	96	49	93	9	71	99	37	55	168	141	166	56	53	57	95	31	187	29	37	36	29	84	67	48	111	163	101	94	93	187	103	35	140	139	128	121	
54	122	67	92	106	126	132	68	142	141	137	64	0	67	114	199	196	23	21	112	59	56	125	182	175	151	42	110	141	181	121	147	190	126	216	65	68	110	56	46	71	62	130	65	46	39	54	76	80	58	42	77	79	82	99	15	58	82	74	47	114	89	79	199	209	161	152	160	192	196	197	192	54	103	64	28	52	154	103	101	121	120	47	78	80	63	51	103	170	87	120	131	53	93	52	69	206	97	176	149	152	173	211	144	145	79	99	79	72	64	60	123	4	46	55	108	56	160	80	77	114	141	149	27	74	41	62	100	127	32	100	133	133	157	89	131	168	164	144	149	67	160	152	171	96	51	55	41	47	23	84	47	52	77	103	57	88	52	35	53	123	118	102	96	105	106	110	95	129	51	44	73	51	25	49	48	102	116	51	54	64	123	54	99	77	79	64	58	
19	130	104	119	113	137	86	22	85	77	79	5	67	0	48	144	129	85	87	119	61	67	61	115	114	85	83	160	151	126	55	117	183	100	155	31	70	156	76	30	106	97	183	54	21	55	22	18	146	122	109	144	145	127	155	76	116	129	48	34	103	41	35	159	148	130	95	114	134	136	136	133	60	123	72	74	61	112	110	66	104	92	47	16	39	19	115	67	146	92	90	110	40	41	81	47	141	48	111	83	87	107	145	78	78	59	77	24	130	23	52	75	70	24	55	89	18	188	70	137	71	77	143	90	114	26	61	162	193	98	162	79	79	97	56	78	150	182	162	163	24	157	130	162	93	21	95	26	90	72	141	90	100	45	97	10	75	100	41	60	172	146	169	51	48	52	91	29	189	27	36	32	27	86	66	46	109	163	102	95	98	189	104	32	143	140	130	124	
61	148	140	150	132	155	69	51	48	31	41	52	114	48	0	104	85	133	134	151	101	109	15	70	83	44	123	205	182	87	8	108	185	115	120	61	98	192	111	72	141	134	229	91	69	95	63	47	194	170	156	191	193	165	195	122	159	166	69	75	113	46	51	136	116	136	74	106	92	92	90	90	101	160	111	121	103	109	142	84	125	108	85	43	54	54	160	67	137	115	88	110	82	39	119	72	93	44	63	35	39	59	102	40	38	78	86	49	171	56	82	58	118	69	88	111	59	224	102	184	78	31	151	138	150	74	91	206	241	145	207	69	69	70	79	71	145	201	183	181	53	165	126	164	111	64	133	73	137	120	188	137	147	63	126	58	105	140	88	102	217	185	216	50	30	35	98	24	230	68	77	54	68	131	103	84	129	200	143	134	141	236	145	21	191	184	177	172	
146	163	194	189	156	170	72	132	59	75	65	148	199	144	104	0	107	221	216	255	203	210	89	100	148	112	188	303	286	18	96	89	156	216	166	134	150	238	169	153	193	190	325	194	163	166	147	149	277	256	240	271	275	217	250	202	224	219	128	152	127	111	120	64	167	231	158	194	16	27	33	21	202	263	214	214	203	201	246	187	227	210	156	145	120	138	234	102	103	151	98	108	182	107	178	133	64	102	65	80	74	87	123	117	111	128	117	153	234	136	145	78	203	154	152	214	145	328	206	275	179	75	143	226	203	161	149	270	317	224	271	163	163	148	183	166	115	206	195	188	133	153	105	139	141	150	192	162	233	212	281	233	242	124	230	151	209	202	183	203	315	288	296	104	96	94	116	128	286	148	155	126	148	207	165	154	157	245	207	193	241	310	207	125	273	249	254	255	
145	223	224	232	209	231	127	136	92	70	89	132	196	129	85	107	0	213	216	199	168	177	80	15	51	45	207	273	224	100	81	166	244	146	59	145	181	276	195	156	225	218	297	157	150	180	147	121	274	250	237	273	273	249	280	205	243	250	151	159	185	127	134	167	61	147	73	106	91	80	75	86	170	215	176	197	172	117	193	130	162	143	170	119	137	138	244	141	191	195	155	175	154	121	203	155	48	122	45	56	58	29	19	53	51	159	161	119	256	140	166	122	199	152	172	153	143	273	159	260	116	70	217	217	234	155	174	290	322	227	291	90	90	62	134	94	202	275	259	255	137	231	184	224	189	148	217	155	209	197	260	209	220	145	173	139	158	224	165	171	284	241	298	128	107	110	170	101	314	152	161	138	152	215	187	168	208	284	228	218	209	318	229	97	271	268	259	253	
76	140	81	107	125	144	155	90	164	161	159	82	23	85	133	221	213	0	19	102	61	54	145	199	188	168	59	88	128	203	140	170	210	126	228	88	90	115	76	68	86	76	108	68	64	61	76	92	61	37	26	61	60	91	100	29	61	90	97	70	136	111	101	222	220	161	163	166	214	218	219	214	56	89	61	21	53	159	95	106	120	121	70	94	103	85	47	126	192	108	143	154	62	115	70	92	226	119	196	168	172	192	227	160	162	102	122	94	74	86	83	146	19	68	78	109	78	142	81	54	121	161	169	5	85	61	85	93	110	28	93	144	144	169	95	141	190	178	159	164	89	179	174	192	117	73	70	61	31	17	62	31	32	100	99	76	88	63	48	54	100	100	85	119	127	128	133	113	125	73	67	95	73	34	71	71	121	121	60	68	49	108	63	117	58	76	53	40	
74	123	62	88	108	126	146	87	160	160	155	85	21	87	134	216	216	19	0	121	75	70	144	202	196	172	42	102	147	198	140	158	193	142	236	82	77	97	60	64	67	58	120	82	67	50	73	96	61	41	24	58	60	72	84	14	43	71	88	64	121	106	96	210	229	177	172	179	210	214	215	210	70	108	77	37	67	172	113	119	135	136	61	99	97	82	32	117	178	92	131	140	72	111	53	83	225	114	195	168	171	193	232	165	165	91	110	100	57	82	73	138	18	66	66	124	75	160	96	65	133	160	152	21	67	61	73	80	107	12	80	153	153	177	107	151	175	159	140	146	85	162	161	175	102	70	51	61	50	32	74	50	51	93	116	77	104	45	55	68	115	119	83	113	123	124	120	116	110	69	61	90	69	15	57	62	104	103	42	50	68	103	45	119	58	60	44	39	
127	230	179	204	213	235	205	138	197	181	190	114	112	119	151	255	199	102	121	0	60	58	166	190	155	159	154	92	32	237	159	234	293	57	187	144	170	217	164	128	183	173	113	65	108	141	129	108	136	119	121	145	140	192	202	126	163	192	160	134	213	159	152	278	178	81	128	108	243	241	239	240	64	22	51	85	65	96	9	70	41	58	143	112	156	133	148	184	263	192	207	225	81	160	162	157	232	167	205	180	185	190	206	151	156	170	190	104	176	137	155	194	110	122	153	46	127	75	50	105	84	181	252	102	185	115	161	190	184	130	190	109	109	139	72	106	264	275	255	259	139	264	246	273	198	125	167	114	72	90	97	72	76	160	26	115	46	163	92	64	98	45	161	169	165	169	204	127	222	131	132	148	131	134	155	143	209	223	161	166	54	187	164	130	138	175	147	127	
67	171	125	148	154	176	147	79	144	131	138	56	59	61	101	203	168	61	75	60	0	9	116	156	134	123	99	107	92	185	109	175	234	67	172	84	111	169	106	68	129	119	131	11	48	82	69	54	116	93	86	119	117	141	158	74	117	141	100	74	153	101	93	220	164	102	107	107	192	192	191	190	5	62	11	40	8	98	51	47	62	61	84	58	97	74	106	125	203	133	147	165	22	102	106	97	191	109	162	134	139	151	179	115	118	110	130	52	131	78	95	136	59	62	94	49	68	127	21	94	63	131	192	63	133	55	102	154	167	87	154	87	87	116	37	84	204	218	198	201	80	205	186	213	139	65	113	54	43	44	93	43	54	100	45	56	29	111	32	7	118	86	142	111	109	113	144	77	185	71	73	89	71	84	96	84	150	175	110	112	42	166	113	80	115	135	113	98	
71	172	123	146	155	177	153	84	151	139	145	62	56	67	109	210	177	54	70	58	9	0	124	165	143	132	97	98	90	192	117	179	235	72	181	88	112	165	106	71	127	117	122	20	52	83	73	62	107	84	79	111	108	138	153	71	113	138	103	77	156	106	98	225	173	107	116	115	200	200	199	198	8	57	8	34	7	106	49	55	66	67	85	66	101	78	100	129	206	134	151	168	28	108	104	100	199	114	170	142	147	160	188	124	127	113	133	60	126	82	97	142	55	65	95	55	72	121	27	85	71	139	194	56	130	58	103	147	158	81	147	96	96	125	46	93	207	217	197	201	84	206	189	215	140	69	111	57	34	38	84	34	45	104	47	61	34	108	34	7	109	79	133	116	115	119	147	85	179	74	75	93	74	80	97	86	151	171	107	110	33	157	110	88	106	129	106	90	
71	145	145	152	131	153	59	59	34	16	27	65	125	61	15	89	80	145	144	166	116	124	0	65	87	46	129	220	197	72	7	100	177	129	123	67	101	196	116	81	145	139	243	106	82	103	73	62	205	182	167	202	204	169	201	132	166	171	71	82	109	47	55	123	119	149	84	117	77	77	76	75	116	175	126	134	117	121	157	98	139	122	92	58	57	63	169	63	128	115	81	103	96	41	124	75	81	43	51	25	27	52	98	45	40	79	83	64	178	63	87	50	129	79	93	125	69	239	117	197	92	16	145	150	155	85	94	213	251	155	214	81	81	78	94	83	137	198	181	179	60	159	117	156	110	74	138	84	150	133	201	150	161	65	141	70	120	146	101	117	232	200	227	49	28	31	94	39	236	76	85	59	76	140	108	90	129	204	150	139	155	246	151	36	202	191	187	183	
131	209	210	217	195	217	114	121	79	56	76	118	182	115	70	100	15	199	202	190	156	165	65	0	50	33	193	262	216	91	66	153	231	139	67	130	166	261	181	142	210	204	286	145	136	165	133	108	260	236	224	259	259	234	265	191	229	236	136	145	171	112	119	157	67	143	68	103	84	75	70	79	158	205	165	185	160	113	183	120	154	135	155	105	122	124	230	127	179	180	141	162	141	106	188	140	47	108	36	42	44	16	33	41	38	144	147	107	241	126	151	108	185	138	158	144	129	264	148	247	106	56	204	204	220	141	159	276	308	213	277	82	82	56	123	86	189	261	245	241	123	218	172	211	175	134	203	141	196	184	247	196	207	130	164	125	148	210	152	159	273	231	284	114	93	96	156	87	300	138	147	124	138	201	172	154	194	269	213	203	197	304	215	83	257	254	245	239	
133	231	218	230	215	238	145	127	113	87	108	115	175	114	83	148	51	188	196	155	134	143	87	50	0	42	197	236	177	136	84	186	264	99	41	138	178	270	189	144	219	211	259	124	131	169	135	100	248	224	214	249	248	241	269	187	229	243	150	148	195	128	132	200	34	97	27	56	132	123	119	127	138	173	141	170	140	67	150	90	115	97	161	99	136	128	226	149	214	197	168	190	126	122	195	152	97	127	83	75	80	61	52	43	47	160	169	96	243	131	161	137	178	138	166	109	131	227	121	228	74	87	232	192	228	139	170	274	298	207	274	47	47	19	97	51	223	284	266	264	129	246	204	243	194	135	209	138	177	171	227	177	188	145	130	123	118	214	141	139	245	199	273	133	112	117	180	87	302	141	150	134	141	198	179	159	212	277	216	209	173	296	218	84	246	252	239	228	
102	190	184	194	176	198	103	94	71	45	66	87	151	85	44	112	45	168	172	159	123	132	46	33	42	0	165	229	187	98	43	144	222	111	77	104	142	236	155	113	185	178	253	112	105	137	104	76	229	205	192	228	228	209	237	161	200	210	113	116	155	90	95	160	73	120	46	83	96	90	86	92	125	173	132	152	127	90	152	89	124	105	128	74	98	96	200	109	172	159	127	149	109	83	162	116	73	87	49	34	39	31	60	8	7	122	128	74	213	98	126	95	154	108	132	114	100	234	116	215	76	45	191	172	194	111	135	247	277	183	247	54	54	36	90	57	181	243	226	224	96	205	162	202	155	105	176	111	164	152	215	164	175	107	133	95	116	182	120	126	240	199	253	93	72	76	140	56	272	109	118	98	109	171	146	126	173	244	185	176	164	274	186	53	226	225	215	208	
64	82	26	50	67	85	116	72	137	143	134	82	42	83	123	188	207	59	42	154	99	97	129	193	197	165	0	144	183	171	127	120	152	163	237	63	40	75	21	53	30	20	161	102	68	28	62	97	95	78	61	86	91	46	73	30	37	47	61	49	81	84	75	174	231	197	177	191	185	191	193	186	94	145	105	70	92	187	145	134	160	156	38	98	74	70	47	87	138	51	97	102	87	90	12	56	208	91	179	154	156	181	224	159	158	60	75	102	49	67	44	110	45	59	37	147	66	201	119	105	145	143	111	62	34	58	40	84	130	43	85	159	159	179	122	158	135	122	102	107	70	121	121	134	62	62	14	60	88	65	116	88	91	67	144	74	127	17	69	93	156	158	110	88	104	103	82	110	107	56	47	70	56	27	23	39	63	82	21	13	105	123	22	113	89	62	67	74	
157	224	162	187	210	226	239	171	244	236	239	156	110	160	205	303	273	88	102	92	107	98	220	262	236	229	144	0	95	285	213	257	295	146	272	172	177	179	162	152	166	158	24	117	140	149	157	159	71	70	85	84	76	163	156	115	131	161	183	155	223	193	184	309	263	173	209	196	294	296	295	293	105	70	97	89	103	185	92	146	131	145	157	162	187	165	111	212	279	194	230	241	124	196	155	179	297	202	267	239	244	258	284	221	224	189	209	158	138	168	170	229	106	149	165	130	158	75	115	42	162	236	254	83	163	142	172	134	105	103	133	189	189	218	140	185	277	255	238	244	171	264	261	277	204	154	152	141	70	92	29	70	61	186	110	152	118	143	120	104	13	53	88	202	207	209	220	182	163	157	152	179	157	117	158	158	206	182	139	150	65	111	141	185	76	129	98	78	
159	262	207	233	244	266	237	170	229	211	222	146	141	151	182	286	224	128	147	32	92	90	197	216	177	187	183	95	0	269	190	266	325	78	204	176	202	243	195	160	212	202	112	97	140	173	161	140	153	139	145	163	157	219	226	154	189	218	192	166	245	191	184	310	195	91	151	125	273	270	268	270	96	39	83	113	97	113	41	99	63	82	175	144	188	165	172	216	295	224	239	257	113	192	192	189	260	199	234	209	215	218	229	179	184	202	222	135	201	169	187	226	138	154	185	73	159	51	82	120	111	211	284	127	213	147	193	211	197	155	210	135	135	163	103	131	296	304	285	289	171	296	278	305	230	157	196	146	97	118	109	97	99	192	56	147	78	191	124	96	98	42	176	201	197	201	236	159	243	163	164	180	163	161	187	175	240	248	188	194	79	201	191	162	156	199	169	148	
128	151	178	174	143	158	56	114	41	58	47	130	181	126	87	18	100	203	198	237	185	192	72	91	136	98	171	285	269	0	79	79	151	199	158	116	134	223	153	135	177	174	307	176	145	149	129	131	259	238	222	254	257	201	235	185	208	203	111	134	114	93	102	67	158	216	143	180	15	27	32	19	184	245	196	196	185	186	229	170	210	193	138	127	102	120	217	85	97	137	84	96	164	89	162	116	62	84	56	65	59	77	118	102	96	111	101	135	218	118	128	61	185	136	135	197	127	310	188	257	162	58	134	208	187	143	132	254	300	206	255	148	148	134	166	150	110	196	184	178	115	146	97	134	126	132	176	144	215	194	263	215	224	106	213	133	191	186	165	185	297	270	279	86	78	76	102	110	270	130	137	108	130	190	148	137	143	230	191	177	223	293	191	107	255	233	237	237	
67	147	144	152	133	155	64	56	41	23	34	59	121	55	8	96	81	140	140	159	109	117	7	66	84	43	127	213	190	79	0	105	182	122	120	65	100	195	115	78	144	138	237	99	76	100	69	55	201	177	163	198	200	168	199	128	163	170	71	79	112	47	53	130	116	142	78	111	84	84	82	82	109	168	119	129	111	115	150	91	132	115	90	51	56	59	166	66	134	116	85	107	90	41	122	74	86	44	56	28	32	54	99	41	37	79	85	57	176	60	85	55	125	75	92	118	65	232	110	192	85	23	149	145	154	80	93	210	247	151	211	75	75	73	87	77	142	200	183	181	57	163	122	161	112	70	137	80	144	127	195	144	155	65	134	65	113	144	96	110	225	193	223	50	29	33	97	32	234	73	82	58	73	137	106	88	130	203	148	137	149	242	149	29	198	188	183	179	
108	74	117	105	71	81	41	96	75	99	79	122	147	117	108	89	166	170	158	234	175	179	100	153	186	144	120	257	266	79	105	0	79	215	218	91	81	153	100	109	114	115	277	170	127	109	107	132	215	197	180	206	211	136	170	144	152	138	76	104	43	77	82	54	215	241	182	214	94	106	111	98	172	235	185	170	172	217	225	181	221	207	100	129	79	101	167	50	29	73	28	21	153	79	109	80	139	72	121	113	110	137	185	145	139	68	48	138	158	98	87	50	151	114	92	206	108	299	187	223	181	99	55	174	124	121	85	193	246	162	194	177	177	177	172	179	37	117	106	99	95	67	19	58	61	110	119	122	190	166	231	190	197	75	214	119	192	130	145	172	270	256	228	67	80	76	38	121	204	105	107	87	105	145	101	99	72	160	135	121	204	238	134	120	209	174	187	194	
169	71	135	111	85	70	119	161	153	178	157	187	190	183	185	156	244	210	193	293	234	235	177	231	264	222	152	295	325	151	182	79	0	283	297	153	123	144	134	166	130	137	311	231	187	154	167	200	238	227	211	227	233	142	168	181	170	144	136	160	81	147	149	96	294	312	259	288	165	178	183	170	230	290	242	218	229	290	284	249	287	275	150	197	145	165	189	120	54	103	97	75	214	150	140	138	213	144	199	192	188	216	263	222	217	125	106	206	169	161	139	128	193	173	140	272	170	349	249	255	252	178	42	213	136	179	132	197	255	193	198	252	252	255	239	252	42	70	73	63	159	31	60	22	95	171	143	180	236	213	267	236	241	138	277	183	256	153	202	229	307	307	244	138	155	150	92	194	194	164	161	151	164	178	141	150	89	147	158	145	253	245	155	193	232	184	207	221	
115	227	189	210	209	233	179	122	163	141	156	96	126	100	115	216	146	126	142	57	67	72	129	139	99	111	163	146	78	199	122	215	283	0	130	131	166	236	167	122	192	182	168	62	100	143	118	84	176	154	151	181	178	208	225	141	184	208	147	128	203	138	135	250	121	35	73	51	202	198	195	199	72	77	66	106	75	40	54	34	16	8	140	86	139	118	172	165	244	188	188	210	77	136	168	147	184	143	159	137	143	142	151	103	109	159	177	78	198	123	148	168	126	114	150	18	115	128	46	150	37	141	243	128	197	110	157	219	227	153	219	57	57	85	44	54	248	278	258	259	124	257	228	262	192	115	177	109	103	110	144	103	112	145	36	102	38	177	94	74	154	102	202	148	137	141	191	95	251	122	128	132	122	151	157	140	205	242	177	176	92	227	180	97	176	201	178	161	
173	267	258	269	252	275	178	168	144	119	140	156	216	155	120	166	59	228	236	187	172	181	123	67	41	77	237	272	204	158	120	218	297	130	0	179	217	310	229	184	259	251	295	162	172	209	176	141	287	264	254	289	288	281	309	228	270	283	188	188	232	166	170	224	9	117	65	79	150	139	134	145	176	206	179	210	179	91	183	128	146	129	201	140	174	168	267	186	245	235	204	225	166	159	235	191	106	164	103	105	109	83	45	80	83	198	205	137	284	172	201	171	218	179	206	142	172	255	158	266	111	119	267	232	268	180	210	315	338	248	315	85	85	59	135	89	255	320	303	301	170	281	237	276	231	176	249	179	215	211	265	215	226	183	163	164	155	254	182	178	281	231	313	170	149	153	217	127	343	181	190	173	181	239	219	199	249	317	257	249	211	336	258	125	286	293	280	268	
17	99	80	92	82	106	68	11	78	81	74	35	65	31	61	134	145	88	82	144	84	88	67	130	138	104	63	172	176	116	65	91	153	131	179	0	41	132	51	20	81	74	194	80	36	36	16	49	143	122	106	139	142	105	135	69	100	106	17	18	72	24	14	138	172	161	123	145	128	133	134	128	81	145	94	83	81	143	135	97	134	123	25	47	15	13	104	42	119	61	63	81	63	29	58	16	146	32	117	92	93	119	163	99	97	28	47	55	111	8	23	58	69	24	28	119	17	209	98	142	102	81	112	92	90	31	32	147	187	91	148	109	109	122	87	109	121	151	132	132	9	126	102	132	62	20	73	32	102	80	148	102	111	16	125	30	104	80	55	81	184	166	164	32	43	43	61	52	170	15	21	8	15	76	42	24	78	140	83	73	114	181	85	54	140	125	123	121	
52	61	46	52	43	67	78	52	102	112	100	72	68	70	98	150	181	90	77	170	111	112	101	166	178	142	40	177	202	134	100	81	123	166	217	41	0	96	20	45	45	41	197	110	66	31	49	88	134	116	99	126	131	70	103	63	75	71	30	38	46	54	47	135	212	198	163	184	147	155	157	149	107	167	119	95	106	182	161	133	167	159	27	86	44	52	87	49	102	22	57	64	93	61	29	26	175	59	147	125	125	153	199	137	135	23	35	94	84	48	18	73	72	52	17	152	53	227	128	142	140	112	82	94	55	57	9	121	169	81	122	149	149	163	122	148	100	112	92	93	50	95	84	104	28	51	43	59	114	90	151	114	120	36	155	65	135	53	79	106	190	184	149	54	74	71	43	93	138	44	39	45	44	64	20	27	39	104	58	44	130	162	58	95	129	100	107	113	
137	83	52	49	83	79	168	143	197	208	196	156	110	156	192	238	276	115	97	217	169	165	196	261	270	236	75	179	243	223	195	153	144	236	310	132	96	0	81	127	51	59	188	174	143	101	135	172	110	110	99	97	105	29	26	95	54	28	125	122	111	149	142	205	304	270	251	266	238	247	250	240	164	204	173	134	161	261	210	208	230	229	109	172	139	142	72	142	158	87	140	133	160	156	75	121	270	155	243	221	221	248	294	231	229	119	123	177	43	139	111	165	110	133	104	218	139	249	190	137	220	208	115	116	42	133	102	55	113	88	56	234	234	253	196	233	149	84	72	81	141	117	145	136	97	135	62	135	146	129	150	146	144	131	212	148	198	59	142	162	189	210	107	150	170	167	122	183	52	129	120	138	129	85	91	111	82	8	59	62	164	103	56	186	104	50	81	102	
57	67	29	44	50	71	97	62	121	129	118	78	56	76	111	169	195	76	60	164	106	106	116	181	189	155	21	162	195	153	115	100	134	167	229	51	20	81	0	48	30	23	180	107	67	24	55	93	115	99	81	107	112	54	86	47	55	55	45	42	61	69	62	154	223	200	171	190	167	174	176	168	102	158	114	84	100	186	155	135	166	160	29	92	59	61	67	68	118	32	76	82	91	76	9	41	192	76	164	141	142	168	213	150	148	42	55	99	65	58	30	92	59	55	23	152	59	215	125	125	144	129	93	79	39	57	22	101	149	63	102	155	155	172	123	154	115	112	92	95	60	104	101	116	42	56	23	59	102	79	134	102	107	51	151	70	133	33	74	101	175	173	130	72	90	88	62	102	121	49	41	57	49	47	11	30	46	89	38	24	119	142	38	105	110	80	87	95	
11	106	75	91	88	112	88	23	96	96	91	30	46	30	72	153	156	68	64	128	68	71	81	142	144	113	53	152	160	135	78	109	166	122	184	20	45	127	48	0	77	68	174	65	22	26	9	46	125	103	88	122	124	98	126	52	88	99	33	7	86	43	33	157	178	154	125	142	146	150	151	146	64	127	77	63	64	139	119	89	123	114	19	46	35	19	89	61	136	67	81	97	48	47	52	30	161	51	132	106	108	131	173	107	106	42	63	52	101	18	28	78	50	8	28	108	13	191	83	122	97	96	125	73	85	13	36	134	170	74	135	109	109	126	78	108	136	156	137	138	21	138	118	145	72	9	65	14	82	60	128	82	91	34	111	22	90	70	37	64	164	148	147	51	59	60	76	57	160	5	7	27	5	60	37	18	84	134	73	65	95	165	75	61	122	112	106	103	
87	59	5	21	49	61	121	92	147	157	145	107	71	106	141	193	225	86	67	183	129	127	145	210	219	185	30	166	212	177	144	114	130	192	259	81	45	51	30	77	0	10	181	131	95	52	85	122	108	97	81	97	104	25	58	58	40	26	74	72	72	98	91	168	253	227	201	218	191	199	202	193	124	174	134	99	122	214	174	163	190	186	59	122	88	91	59	93	127	42	95	94	116	105	25	70	220	104	192	170	170	197	243	180	178	68	76	128	44	88	60	117	74	84	53	176	89	227	149	126	172	157	92	88	10	85	51	79	133	64	80	185	185	202	151	184	121	93	73	79	90	99	111	115	54	85	16	87	116	94	137	116	118	80	173	99	157	23	98	122	178	186	117	99	119	116	78	132	93	79	70	87	79	52	40	60	46	59	28	18	134	124	25	135	103	60	78	91	
78	66	7	31	53	68	118	84	143	152	141	98	62	97	134	190	218	76	58	173	119	117	139	204	211	178	20	158	202	174	138	115	137	182	251	74	41	59	23	68	10	0	175	121	86	43	76	113	103	91	74	92	99	31	63	48	37	32	68	63	73	92	85	169	245	217	192	209	188	195	198	189	114	164	124	89	112	205	165	153	180	176	50	113	82	83	53	89	130	43	94	95	106	99	16	64	215	99	187	164	165	191	236	172	171	64	74	119	44	80	53	113	64	75	46	166	80	218	139	119	163	152	97	79	17	76	45	81	132	56	82	176	176	194	141	175	125	102	83	88	82	106	113	120	55	76	7	77	106	84	130	106	108	74	163	90	147	16	88	112	170	176	114	94	113	111	78	124	98	70	61	80	70	43	32	52	50	67	21	8	124	124	20	127	97	60	73	85	
179	240	177	202	227	242	261	193	267	259	262	179	130	183	229	325	297	108	120	113	131	122	243	286	259	253	161	24	112	307	237	277	311	168	295	194	197	188	180	174	181	175	0	141	163	169	179	182	79	84	101	92	84	175	165	134	144	174	204	176	241	215	206	329	287	194	232	219	317	319	319	316	129	91	121	111	127	208	114	169	153	167	177	186	209	187	124	233	298	212	250	260	147	218	173	199	321	224	291	263	268	282	308	245	248	209	229	182	149	190	190	251	126	171	185	153	180	81	139	56	186	259	271	103	177	164	192	139	101	119	138	212	212	242	164	209	295	268	251	259	193	280	281	294	222	176	168	163	93	114	46	93	83	207	133	175	142	159	143	128	15	71	89	224	230	231	240	205	166	179	173	201	179	135	177	178	224	191	154	167	89	109	156	209	84	138	108	91	
63	171	128	149	153	177	140	74	136	122	129	49	65	54	91	194	157	68	82	65	11	20	106	145	124	112	102	117	97	176	99	170	231	62	162	80	110	174	107	65	131	121	141	0	44	83	65	45	125	102	94	128	126	146	164	80	123	146	96	72	151	95	88	213	154	96	97	98	183	183	181	181	14	69	20	49	17	91	56	38	59	55	83	49	92	69	113	120	199	132	143	161	17	95	107	94	181	102	152	124	129	141	169	104	108	107	126	43	137	73	93	129	65	59	93	45	63	134	18	105	53	122	190	71	136	53	101	161	176	94	161	77	77	105	27	74	200	219	199	202	75	203	182	210	137	61	116	51	54	51	104	54	64	96	46	51	26	115	33	16	128	94	151	105	102	105	140	67	192	68	71	84	68	90	97	83	149	181	115	115	52	175	118	71	124	142	121	107	
19	127	93	111	109	133	101	32	104	98	99	18	46	21	69	163	150	64	67	108	48	52	82	136	131	105	68	140	140	145	76	127	187	100	172	36	66	143	67	22	95	86	163	44	0	43	21	31	125	101	88	123	124	114	139	57	99	115	52	28	107	54	46	173	165	133	110	123	154	157	157	153	45	109	58	53	45	119	99	68	101	93	40	32	49	27	96	78	155	88	99	117	27	57	70	50	162	63	132	104	108	128	165	98	99	63	82	35	113	30	49	90	49	15	50	86	20	173	62	116	77	98	146	69	102	10	57	143	173	78	144	92	92	113	56	90	156	178	158	159	33	160	138	167	93	17	82	9	70	51	120	70	80	52	90	12	69	85	21	45	152	131	148	64	67	70	96	49	171	24	28	41	24	67	57	40	105	150	86	81	79	169	88	53	122	122	110	103	
36	89	50	68	72	94	96	44	112	117	109	55	39	55	95	166	180	61	50	141	82	83	103	165	169	137	28	149	173	149	100	109	154	143	209	36	31	101	24	26	52	43	169	83	43	0	34	71	111	91	74	105	109	73	101	36	64	74	38	21	76	58	49	161	203	176	150	166	162	167	168	162	78	137	90	64	77	162	132	111	142	136	11	71	48	42	69	67	131	51	82	93	67	64	27	33	182	66	153	128	129	154	197	131	131	42	61	77	76	40	23	88	43	32	17	128	38	197	101	114	120	117	112	66	60	33	24	111	152	58	112	134	134	152	99	133	130	136	116	119	43	124	114	135	59	34	40	35	84	60	123	84	90	43	127	47	109	45	50	77	161	154	130	64	78	78	72	82	135	28	19	44	28	41	14	13	68	109	48	40	100	146	50	85	107	89	88	89	
3	110	83	98	92	116	82	15	89	88	84	23	54	22	63	147	147	76	73	129	69	73	73	133	135	104	62	157	161	129	69	107	167	118	176	16	49	135	55	9	85	76	179	65	21	34	0	39	134	111	96	130	132	106	134	60	96	108	32	13	86	36	27	154	169	150	117	135	139	143	144	139	66	129	79	68	66	133	120	85	120	111	26	38	30	10	98	58	134	71	79	97	48	40	60	30	153	45	124	97	100	122	164	98	97	42	62	45	110	11	31	72	58	8	34	105	4	193	82	129	91	88	126	80	93	15	40	143	179	83	144	101	101	118	74	100	136	161	141	142	14	140	117	146	75	4	74	16	87	66	135	87	96	32	110	16	89	79	39	66	169	150	155	45	52	53	76	49	169	6	15	22	6	69	45	25	88	142	82	74	98	174	83	52	130	121	115	112	
36	148	120	136	131	155	98	39	91	78	84	16	76	18	47	149	121	92	96	108	54	62	62	108	100	76	97	159	140	131	55	132	200	84	141	49	88	172	93	46	122	113	182	45	31	71	39	0	153	129	116	152	152	143	169	88	129	144	65	51	120	55	51	171	134	113	80	97	138	139	137	136	54	114	65	77	56	94	99	50	89	76	64	4	55	36	126	82	161	110	105	126	35	54	97	65	139	61	109	81	86	101	136	69	70	77	94	6	143	41	70	87	79	39	72	74	35	179	58	140	53	78	160	96	130	39	79	174	201	108	175	63	63	82	40	62	165	200	180	181	41	174	145	178	111	37	111	38	90	76	141	90	101	62	84	24	62	114	44	55	171	139	177	65	57	61	108	23	202	44	52	49	44	98	83	63	127	179	116	110	94	198	118	27	150	152	140	132	
134	167	104	127	156	168	207	148	221	221	216	143	80	146	194	277	274	61	61	136	116	107	205	260	248	229	95	71	153	259	201	215	238	176	287	143	134	110	115	125	108	103	79	125	125	111	134	153	0	24	38	13	5	98	86	75	69	97	149	125	175	167	157	269	279	209	222	221	271	275	276	271	111	117	111	78	108	212	132	162	165	172	122	155	158	143	50	177	232	145	190	196	122	172	106	144	286	175	256	229	232	253	288	221	223	151	168	155	72	143	133	199	76	126	126	158	136	145	133	33	178	221	200	57	102	121	132	63	51	54	62	202	202	229	152	199	228	190	174	182	146	207	215	223	156	131	98	121	73	77	46	73	64	154	143	136	139	87	109	109	80	113	26	174	184	185	177	174	93	130	122	151	130	70	115	123	153	112	82	96	85	52	84	178	6	60	31	22	
