NAME:	instance_26-triangle
TYPE:	VRPRDL
DIMENSION:	169
CAPACITY:	750
TIME_HORIZON:	720
NUM_CUSTOMERS:	61
NODE_COORD_SECTION
1	0.0	0.0
2	-25.5630754426	-34.9830645613
3	-11.3604533685	-62.6690915693
4	-86.2155995431	32.9788211729
5	-33.4859549373	-26.7942591354
6	90.3395061666	43.1934288157
7	109.19701369	87.5309953658
8	168.556144869	56.5891784315
9	147.726984523	73.7296956758
10	-27.3305405999	-87.995507605
11	-25.4103195437	-112.382204618
12	-31.1903124821	-66.3305809029
13	-4.14483965542	-75.8664218692
14	-15.388346494	-95.9402991072
15	102.812655363	-94.485343654
16	134.846981969	-58.5747979666
17	87.102250873	-97.7283845844
18	114.85968883	-81.9857905406
19	-112.668905415	136.968840126
20	45.2337539958	-148.259971848
21	125.396520886	117.985705973
22	141.967038723	139.842633262
23	113.016662807	77.0973647549
24	118.00424123	111.597403349
25	80.9092588826	-58.7893281666
26	8.70336988162	22.8381234179
27	25.0544938274	37.1716135046
28	90.1679471991	-67.2804161579
29	31.2951332614	-13.9893701864
30	-13.0534814718	142.867733588
31	-31.7106929424	137.256838511
32	104.011118152	-8.65262208768
33	-12.1132077533	62.3536956353
34	-3.62826885927	28.4672565206
35	-42.5925842637	-142.582025894
36	28.5700278929	156.914681953
37	-83.2697491026	115.417094369
38	-69.7066212431	83.4043731219
39	4.15019240644	110.721477373
40	-13.2017082557	122.098874035
41	-73.6126208699	18.232224563
42	-131.834957264	116.201051692
43	-139.782310167	167.24243785
44	-125.860216074	89.9750738589
45	-55.1894288208	-83.3942493814
46	134.704335867	60.5643903544
47	126.545913432	-22.3937484171
48	166.797893125	-82.3968824302
49	126.366837201	-23.2007122931
50	87.7915407303	-133.925925931
51	4.50244780993	-132.265409844
52	69.5940530306	-155.624454958
53	-8.30380060346	-164.663020116
54	17.7048716931	-123.654128569
55	22.4059673209	-56.8768569889
56	-0.567433248467	-110.990604564
57	-14.3136756527	-47.3126239315
58	11.5954526994	-112.621165525
59	141.885829509	16.8684658058
60	146.191581163	-51.8156027834
61	133.323731031	-21.3031106973
62	154.866189553	-49.9354802006
63	5.6048516202	4.65182164562
64	-51.0843140862	-9.41513890645
65	-2.04965299202	-41.8047304611
66	-40.73025347	-29.4566192774
67	-48.4416040616	6.27344633153
68	-59.8840418319	-106.801719059
69	-75.4362116957	-91.2979702773
70	-122.733082003	-148.865451524
71	-104.443013075	-45.1667724132
72	-74.1556037257	-98.1767147049
73	-4.15544081007	47.3996405181
74	11.3479493059	-37.2189042356
75	-5.29623677074	-4.60950733059
76	47.6322062705	-34.2649533936
77	1.79772322718	-21.8852853264
78	-76.9721212667	52.3255802532
79	110.011182371	-1.12875270806
80	-89.4126673189	27.6357959174
81	-34.3651227039	71.2726440252
82	-42.2347414129	-130.507146819
83	31.8113094278	-82.7634429177
84	-93.6082440867	48.8796240138
85	-6.34777815469	-36.1701054425
86	-129.988815202	91.7879220819
87	-95.4877707909	114.286434626
88	-98.2650131158	66.1534224442
89	-131.841634913	131.872064406
90	-120.1763491	91.9808206568
91	-49.3148945077	-135.348542509
92	-94.9795868544	-45.743611076
93	43.8917427755	-59.9703688647
94	14.8090808405	-91.2279839385
95	14.7585637315	-68.713617902
96	24.8731670551	-72.8131250419
97	-23.6958742264	-71.3106717856
98	-17.4962744075	21.0618876249
99	62.5290513889	50.4793903971
100	87.5470901939	8.08387368518
101	67.6138402959	8.73238040613
102	93.9294298684	63.676987528
103	56.0165214049	25.5853461207
104	62.1850691166	23.5120464322
105	-0.0420846914902	8.16920781523
106	19.6411988738	-8.12187839653
107	-66.0630661523	-38.5189506524
108	26.3558365904	-91.3119058474
109	87.5819801899	-72.3216540636
110	-45.9227370511	-102.118035491
111	24.8402584061	-91.2276596173
112	86.7725265233	-95.4250467939
113	2.73432750751	-19.1198058782
114	-29.7650152864	158.850102529
115	-10.6473680117	167.306162962
116	-14.0815409081	6.41529604439
117	16.3011427905	-61.714913758
118	87.2908508229	-24.1506496578
119	-40.5850016077	51.4424972594
120	-40.8698293396	43.2139863861
121	-23.3537525526	82.7877367796
122	-36.1361049626	80.9900097075
123	-35.7250407325	74.4198834706
124	126.172042647	-18.4748329557
125	25.7983686165	-18.0634840592
126	-90.1902064937	110.607451923
127	-124.042260457	59.7570395688
128	-173.193840771	31.7136236029
129	-115.773805869	83.1711973831
130	38.2839359397	-129.073754932
131	16.5867871843	-177.176099226
132	38.321163383	-148.590521548
133	-27.212514037	135.766080093
134	-20.2063455781	162.845861044
135	-27.3637069574	122.956736284
136	-7.92347377622	143.414509014
137	-13.8887660716	169.665590061
138	41.1375151151	57.6067535963
139	24.3207732116	9.6660689863
140	22.4822956678	27.7145304768
141	-2.98329268591	11.8570679817
142	-44.9734484389	12.943797932
143	47.7584769634	5.93509890831
144	-33.2230449481	18.8422300884
145	-47.4925515938	16.6438474892
146	20.5234556343	-10.4978760394
147	7.82678948377	-13.2953154262
148	-26.7798577326	-27.7156237078
149	13.3108094901	1.03114193663
150	-114.498110294	20.2894613863
151	-45.0894397505	-31.4963515686
152	-35.9849458431	-13.8298022438
153	0.354516921739	-50.305742377
154	49.0951065961	-28.0093595045
155	-2.95386661616	34.2561214013
156	-4.87809327276	14.3900008844
157	-4.60930640881	25.8681642802
158	37.4532711422	120.368380557
159	-13.1084460091	-7.36751801038
160	-37.4192765159	-61.4811311594
161	-65.0404741715	4.60820711341
162	-95.2366929808	-23.8698024665
163	-59.6784775228	-33.3726590066
164	-54.5346771353	-16.4906246987
165	-28.2406504285	-43.6131589654
166	-59.8469017576	-3.70223868506
167	-36.7415549394	23.4192936355
168	-49.2622384576	12.5291282549
169	-66.3860740933	8.11243046752
EDGE_WEIGHT_SECTION
0	43	64	92	43	100	140	177	165	92	115	73	76	97	139	147	131	140	176	154	172	199	136	162	99	24	45	112	34	143	140	104	63	29	148	159	142	108	111	122	76	176	217	154	100	147	129	186	128	160	132	170	165	125	61	111	49	113	143	155	135	163	7	52	42	50	49	122	118	193	114	123	47	39	7	58	22	93	110	93	79	137	88	105	37	159	148	118	186	151	144	105	74	92	70	77	75	27	80	88	68	113	61	66	8	21	76	95	113	112	94	129	19	161	167	15	64	91	65	59	86	89	82	128	31	142	137	176	142	134	178	153	138	163	125	143	170	71	26	36	12	47	48	38	50	23	15	39	13	116	55	39	50	56	34	15	26	126	15	72	65	98	68	57	52	60	43	51	67	
43	0	31	90	11	139	182	214	204	53	77	32	46	62	141	162	129	147	193	134	215	242	178	205	109	67	88	120	61	178	172	132	98	67	109	199	161	126	149	157	71	184	232	159	57	186	152	198	152	150	102	154	131	99	53	80	17	86	175	172	159	181	50	36	24	16	47	80	75	150	79	80	85	37	37	73	30	101	140	89	106	97	75	108	19	163	165	124	198	158	103	70	73	69	53	63	36	57	123	121	103	155	102	105	50	52	41	77	118	70	76	127	32	193	202	43	50	113	87	79	118	116	109	152	54	159	136	162	148	114	148	130	170	198	158	179	205	114	67	79	52	52	83	54	56	52	40	7	53	104	20	24	30	75	73	53	64	167	30	29	56	71	34	34	9	46	59	53	59	
64	31	0	120	42	147	192	216	209	30	52	20	15	34	119	146	105	128	224	103	226	253	187	217	92	87	106	102	65	205	201	127	125	91	86	223	192	157	173	184	101	215	263	189	48	191	144	179	143	122	71	123	102	68	34	50	16	55	172	158	150	166	69	66	23	44	78	66	70	141	94	72	110	34	58	65	43	132	136	119	136	75	48	138	27	193	196	155	229	188	82	85	55	39	27	38	15	84	135	122	106	164	111	113	72	63	60	47	99	52	46	103	46	222	229	69	28	106	117	110	146	146	139	144	58	190	166	187	178	83	118	99	199	225	186	206	232	131	81	96	75	83	90	84	87	61	53	38	68	132	46	55	17	70	97	77	88	189	55	26	86	92	57	63	25	76	90	84	89	
92	90	120	0	79	177	202	256	237	134	157	113	135	147	228	239	217	231	107	223	227	251	203	218	190	95	111	202	126	132	117	194	79	83	181	169	82	53	119	115	19	95	144	69	120	222	219	278	219	240	188	243	212	187	140	167	107	174	228	247	225	255	96	54	112	76	46	142	125	185	80	132	83	120	89	149	104	21	198	6	64	169	164	18	105	73	82	35	109	68	172	79	160	159	142	152	121	69	150	175	155	182	142	148	90	113	74	167	203	141	166	215	103	138	154	77	139	183	49	46	80	69	65	218	123	78	46	87	58	203	233	219	118	145	107	135	154	129	112	109	86	46	136	55	42	115	105	84	105	31	76	68	119	148	83	83	82	151	83	106	35	58	71	58	95	45	50	42	31	
43	11	42	79	0	142	183	218	207	62	86	40	57	71	152	171	140	158	182	145	215	242	179	205	119	65	86	130	66	171	164	139	92	62	116	193	150	115	142	150	60	173	221	148	61	189	160	208	160	161	112	165	140	110	63	90	28	97	180	181	167	189	50	25	35	8	36	84	77	151	73	82	80	46	36	81	36	90	146	78	98	104	86	97	29	152	154	113	187	147	109	64	84	80	64	74	46	50	123	126	107	156	103	108	48	56	35	88	129	76	87	138	37	186	195	38	61	121	78	70	110	108	101	160	60	148	125	151	137	125	158	141	163	190	150	172	197	112	68	78	49	41	87	46	45	56	43	7	54	93	13	13	41	83	68	50	60	163	28	35	45	62	27	23	18	35	50	42	48	
100	139	147	177	142	0	48	79	65	176	194	163	152	175	138	111	140	128	224	197	82	109	41	74	102	84	66	110	82	144	154	54	104	95	228	129	188	165	109	130	165	234	261	221	192	48	75	147	75	176	195	199	230	182	121	179	138	174	58	110	78	113	93	150	125	150	143	212	213	286	214	216	95	113	107	88	110	167	48	180	128	218	139	184	125	225	198	190	238	216	227	205	113	154	135	133	161	110	29	35	41	21	39	34	97	87	176	149	115	199	149	138	107	167	160	110	128	67	131	131	120	132	130	71	89	192	215	264	210	180	232	199	149	163	142	140	164	51	74	70	98	139	57	126	140	88	100	137	88	206	155	139	130	82	94	99	97	94	115	165	160	196	168	156	146	157	128	143	161	
140	182	192	202	183	48	0	67	41	222	240	208	198	221	182	148	186	170	227	244	34	61	11	26	149	120	98	156	128	134	149	96	124	127	275	106	194	179	108	127	195	242	261	235	237	37	111	179	112	222	243	246	278	230	168	227	183	222	78	144	111	145	133	187	171	190	177	257	257	331	251	261	120	158	147	136	153	189	89	207	144	265	187	206	169	239	206	208	245	229	273	243	161	202	182	181	207	143	60	82	89	28	82	79	135	131	215	197	161	244	197	184	151	156	144	147	175	114	154	156	133	145	146	107	134	201	234	287	225	228	280	246	145	150	141	130	148	74	115	105	135	171	102	158	172	132	143	178	129	233	195	177	175	130	124	135	129	79	155	209	193	232	207	193	190	192	159	175	192	
177	214	216	256	218	79	67	0	27	243	257	234	217	239	164	120	174	148	292	239	75	87	59	75	145	163	145	147	154	201	216	92	180	174	290	172	259	240	173	193	244	306	327	296	263	34	89	139	90	206	250	234	283	235	185	238	210	230	48	111	85	107	170	228	197	226	222	280	285	356	291	287	173	183	184	151	184	245	82	259	203	281	195	262	198	300	270	266	310	291	290	282	170	213	198	193	231	189	106	94	112	75	117	111	175	162	253	205	152	266	206	172	182	223	211	189	193	114	209	210	194	206	205	86	161	264	292	342	285	227	279	243	211	217	207	197	215	127	151	149	177	218	131	205	219	163	175	212	165	285	231	216	199	146	173	178	176	146	192	237	239	274	245	234	220	236	207	222	240	
165	204	209	237	207	65	41	27	0	238	254	227	213	235	174	133	182	159	268	244	50	66	35	48	148	148	128	152	146	175	190	93	160	158	288	145	235	217	148	168	227	283	302	274	256	19	98	157	99	216	251	242	285	236	181	237	202	231	57	126	96	124	158	215	189	215	207	275	277	350	279	280	154	176	172	147	174	226	84	242	182	279	195	243	189	278	247	246	286	268	287	270	169	212	195	191	224	173	88	89	103	55	104	99	162	152	241	205	158	261	206	180	172	197	184	175	189	115	190	191	171	184	183	95	153	241	272	324	263	230	283	247	186	190	182	171	188	108	139	133	163	202	121	189	203	153	165	202	153	267	220	204	192	142	155	163	160	120	180	229	223	261	233	221	211	221	190	206	223	
92	53	30	134	62	176	222	243	238	0	24	22	26	14	130	165	115	142	240	94	256	283	216	247	112	116	135	119	94	231	225	153	151	119	57	251	211	176	201	210	115	229	278	203	28	220	167	194	166	124	55	118	79	57	59	35	43	46	199	177	173	186	98	82	53	60	97	38	48	113	88	48	137	64	86	92	72	148	162	131	159	45	59	152	56	207	213	169	243	202	52	80	76	42	46	54	17	109	165	150	136	194	141	143	100	93	63	54	116	23	52	114	75	246	255	95	51	131	140	132	170	169	162	168	88	208	176	189	192	77	99	89	223	250	210	232	257	160	110	125	103	102	120	107	106	91	82	60	97	139	59	75	47	97	125	105	116	218	82	28	100	93	63	76	44	90	112	103	103	
115	77	52	157	86	194	240	257	254	24	0	46	42	19	129	169	113	144	264	79	274	301	234	265	119	139	157	124	113	255	249	166	175	142	35	274	235	200	224	234	139	252	301	226	42	235	176	194	176	115	36	104	55	45	73	25	66	37	211	182	183	191	121	106	74	84	121	35	54	104	104	51	161	84	110	107	94	172	175	154	183	25	64	175	79	229	237	192	266	225	33	96	87	45	59	64	41	133	185	165	153	212	160	161	123	113	84	56	120	23	55	113	97	270	279	119	66	143	164	156	194	193	186	178	107	232	198	206	215	66	77	73	247	274	234	256	281	182	131	147	126	126	139	131	130	112	104	84	119	160	83	99	67	112	148	128	139	241	106	52	124	113	86	100	68	114	136	127	127	
73	32	20	113	40	163	208	234	227	22	46	0	29	34	137	166	122	146	219	112	241	268	203	231	112	97	118	121	81	210	203	147	130	99	77	231	189	154	180	189	94	208	257	182	29	208	164	198	163	137	75	135	101	75	54	54	25	63	192	178	170	186	80	60	38	38	75	50	51	123	76	53	117	52	67	85	55	127	155	111	137	65	65	131	39	186	191	148	222	181	71	67	75	52	46	56	9	88	149	140	124	180	126	129	81	77	45	63	119	39	61	121	58	225	234	75	48	126	118	110	149	147	140	164	75	186	157	173	171	94	121	107	202	229	189	211	236	143	93	108	83	80	107	85	84	76	65	39	80	120	38	53	35	89	104	85	96	199	62	8	79	77	44	55	23	69	90	81	82	
76	46	15	135	57	152	198	217	213	26	42	29	0	23	109	140	94	119	239	88	232	259	193	223	87	99	117	95	71	218	215	127	138	104	77	235	207	172	186	198	116	230	278	204	52	195	141	171	140	109	57	109	89	53	33	35	30	40	173	152	147	161	81	81	34	59	93	64	73	139	105	73	123	42	71	66	54	147	136	134	150	67	37	153	40	208	211	170	244	203	75	96	50	24	20	29	20	98	143	124	111	170	118	119	84	72	72	34	92	49	33	93	57	236	243	83	25	105	132	124	160	160	153	142	65	205	181	200	193	68	103	84	213	239	200	219	245	141	90	107	88	98	97	99	102	70	64	53	79	146	60	70	26	72	110	90	101	201	69	36	101	105	70	78	40	91	104	99	104	
97	62	34	147	71	175	221	239	235	14	19	34	23	0	118	155	103	131	252	80	255	282	215	246	103	121	139	109	94	238	234	148	158	125	54	256	221	186	207	218	128	241	291	216	42	216	159	183	159	110	41	104	69	43	54	21	49	32	193	167	166	176	103	94	56	71	107	46	60	120	102	59	143	65	92	88	76	160	157	144	168	44	49	164	60	220	225	182	255	215	52	94	69	31	41	46	26	117	166	146	134	193	141	142	105	94	77	42	106	31	41	102	79	255	263	102	47	125	149	141	179	178	171	161	88	219	190	203	205	63	87	75	232	259	219	239	265	163	112	129	108	112	120	116	116	93	86	69	101	153	71	84	48	93	130	111	122	223	89	41	112	107	77	89	54	102	121	113	116	
139	141	119	228	152	138	182	164	174	130	129	137	109	118	0	48	16	17	314	79	214	238	172	207	42	150	153	30	108	264	268	86	194	162	153	262	280	246	228	246	209	315	355	293	158	158	76	65	75	42	105	70	131	90	89	105	126	93	118	60	79	68	138	175	117	157	182	163	178	232	213	177	177	108	141	82	124	232	94	227	215	149	72	242	124	298	286	257	325	290	158	204	68	88	92	81	129	166	150	104	109	158	129	125	145	120	178	77	27	149	78	16	125	286	285	154	93	72	203	198	217	223	218	80	108	280	274	303	281	73	119	84	264	285	253	262	289	164	130	146	149	182	115	177	186	117	125	145	131	245	161	160	112	85	166	152	161	224	145	144	194	210	173	175	140	185	182	186	197	
147	162	146	239	171	111	148	120	133	165	169	166	140	155	48	0	62	31	314	127	177	198	137	171	54	150	146	46	113	250	257	59	190	164	196	240	278	249	214	233	222	319	355	300	192	119	37	40	36	89	150	117	178	134	112	145	150	135	76	13	37	22	144	192	138	178	194	200	213	273	239	213	174	125	150	91	138	239	63	240	213	191	106	252	143	304	287	264	327	296	199	230	91	124	121	111	159	172	131	82	95	129	115	110	150	126	202	113	49	186	115	61	138	273	269	162	119	59	207	203	212	220	216	41	116	281	284	320	288	120	167	132	253	270	243	247	272	149	130	141	155	193	108	185	197	124	135	164	135	261	182	177	135	91	166	158	163	204	156	172	209	232	196	194	164	202	190	197	211	
131	129	105	217	140	140	186	174	182	115	113	122	94	103	16	62	0	32	307	66	218	243	176	211	39	144	148	30	101	260	263	90	188	155	137	261	273	239	224	241	198	306	348	283	143	165	85	81	84	36	90	60	117	74	77	89	113	77	127	75	89	83	131	163	105	145	171	147	163	216	198	161	171	97	131	75	114	222	99	216	208	133	57	232	112	288	279	247	317	281	142	189	57	73	78	67	114	158	150	105	108	161	127	123	137	112	164	61	25	133	63	2	115	281	282	145	79	73	196	190	211	217	211	88	101	273	263	290	271	58	106	70	260	281	248	259	286	162	124	141	142	172	111	167	176	110	116	133	123	233	147	149	99	79	160	145	154	223	135	129	183	197	160	163	127	173	173	175	186	
140	147	128	231	158	128	170	148	159	142	144	146	119	131	17	31	32	0	315	96	200	223	159	194	41	149	149	29	108	258	264	74	192	162	169	254	279	247	222	241	213	316	356	294	170	144	61	52	60	59	121	86	148	106	96	119	134	108	102	43	63	51	139	181	123	163	186	176	190	247	222	189	176	113	143	82	128	233	81	231	214	164	83	245	130	299	287	258	326	291	173	213	74	100	101	90	139	167	142	94	102	147	122	118	146	120	186	89	29	162	90	31	129	280	278	155	101	64	204	199	215	222	217	65	109	281	277	309	282	90	136	101	260	279	249	256	282	157	129	143	150	186	111	178	190	118	127	151	131	251	167	166	119	85	165	153	161	216	148	153	200	218	181	181	148	191	183	189	202	
176	193	224	107	182	224	227	292	268	240	264	219	239	252	314	314	307	315	0	325	239	254	233	232	274	166	169	287	208	100	81	260	124	153	288	143	36	68	120	100	125	28	41	49	227	259	286	354	287	336	293	343	319	291	235	272	209	279	281	319	291	325	176	159	210	181	146	249	231	286	182	238	140	213	177	233	195	92	261	112	102	276	262	90	203	48	28	72	20	46	279	184	250	261	241	250	226	149	195	237	220	219	201	208	170	195	181	266	288	248	266	305	193	86	106	163	236	256	111	117	104	94	99	284	206	34	78	121	54	305	339	323	85	96	86	105	104	173	186	173	165	141	206	142	137	197	191	186	185	117	181	169	218	230	150	162	154	151	175	212	141	162	178	164	199	150	136	140	137	
154	134	103	223	145	197	244	239	244	94	79	112	88	80	79	127	66	96	325	0	278	304	235	270	96	174	187	93	135	296	294	151	217	183	88	305	293	258	262	276	204	318	365	292	120	227	150	138	149	45	44	25	56	37	94	59	117	49	191	139	155	147	158	169	116	147	180	113	133	168	182	129	201	116	152	114	133	234	161	221	233	89	67	241	123	296	297	258	331	291	95	174	88	65	85	78	103	180	199	162	159	217	174	173	162	142	156	60	87	102	60	67	135	315	320	165	91	131	217	209	240	242	236	153	132	292	268	283	281	20	41	7	292	317	279	296	323	206	159	177	166	185	154	184	189	140	140	140	152	232	148	157	107	120	188	169	180	268	152	120	188	187	155	165	128	179	190	186	192	
172	215	226	227	215	82	34	75	50	256	274	241	232	255	214	177	218	200	239	278	0	27	43	10	182	151	129	188	162	141	158	128	148	157	309	104	209	198	121	139	223	257	270	253	270	58	140	204	141	254	277	278	312	264	202	261	216	256	102	171	140	170	165	217	204	222	206	291	290	364	281	294	148	192	179	170	186	213	120	232	166	299	221	229	202	256	221	230	258	247	307	274	195	236	216	215	241	173	92	116	123	62	116	113	167	165	247	231	194	278	231	216	184	160	145	178	209	147	178	182	153	166	167	136	168	215	256	310	244	262	314	280	154	152	153	136	148	104	148	137	167	200	136	187	200	166	176	211	162	258	227	208	209	164	153	166	159	88	187	242	221	262	239	224	223	221	188	204	221	
199	242	253	251	242	109	61	87	66	283	301	268	259	282	238	198	243	223	254	304	27	0	69	37	208	177	156	213	189	155	174	153	172	183	336	115	226	219	141	156	248	274	283	272	297	80	163	223	164	279	304	303	339	291	229	288	243	283	123	192	161	190	192	244	231	249	232	318	317	391	308	321	173	219	206	197	213	236	145	256	189	326	248	252	229	276	238	251	274	266	334	301	222	263	243	242	268	199	119	143	150	89	143	140	194	192	274	258	219	305	258	241	211	173	155	205	236	173	202	207	175	188	189	159	195	234	278	333	264	288	341	306	169	164	170	150	159	130	175	164	193	226	163	213	226	193	203	238	189	282	253	235	236	191	179	193	186	106	214	269	247	288	266	251	250	247	213	230	246	
136	178	187	203	179	41	11	59	35	216	234	203	193	215	172	137	176	159	233	235	43	69	0	35	139	118	97	146	122	142	157	86	126	126	269	116	200	182	114	134	195	248	268	239	232	27	100	168	101	212	235	236	270	222	162	220	178	215	67	133	100	134	129	185	165	186	176	252	252	326	249	256	120	153	143	129	148	192	78	208	147	259	179	209	164	243	212	211	251	233	267	241	154	195	176	174	201	142	57	74	82	23	77	74	132	126	212	189	152	239	190	174	146	164	153	145	169	104	156	157	136	149	149	96	129	206	237	290	228	219	272	238	152	158	148	138	157	74	111	103	133	170	97	157	171	127	138	174	125	234	191	174	170	123	124	133	128	87	151	204	192	231	204	191	185	191	159	174	192	
162	205	217	218	205	74	26	75	48	247	265	231	223	246	207	171	211	194	232	270	10	37	35	0	174	141	119	181	153	135	152	121	139	147	300	100	201	190	114	132	213	249	264	245	260	54	134	200	135	247	269	271	304	256	194	252	206	248	98	166	134	166	155	208	195	212	197	281	280	354	272	284	138	183	169	162	176	204	113	223	158	290	213	221	192	249	213	221	251	239	298	265	187	228	208	207	231	163	83	108	115	54	106	104	157	155	237	223	186	269	223	209	174	155	140	169	201	139	169	173	144	157	158	130	159	208	247	302	235	254	306	272	147	147	146	130	144	94	138	127	157	190	127	177	191	156	166	201	152	249	217	199	200	156	144	157	150	81	177	232	212	252	229	215	213	212	178	194	211	
99	109	92	190	119	102	149	145	148	112	119	112	87	103	42	54	39	41	274	96	182	208	139	174	0	109	111	13	67	222	226	55	153	121	149	222	239	206	186	204	172	275	315	253	138	131	58	89	58	75	106	97	138	91	59	97	96	88	97	66	64	74	98	141	85	125	145	149	160	223	185	160	136	73	102	41	87	192	65	190	174	143	55	204	90	258	246	217	285	250	151	176	37	74	67	58	105	126	111	67	69	123	88	84	105	79	148	64	15	134	65	37	88	244	244	114	65	35	163	158	176	182	177	61	68	240	236	270	241	82	135	99	223	243	211	221	247	123	89	104	109	145	73	137	149	77	86	112	90	211	129	125	81	44	125	112	120	184	107	118	159	180	143	142	110	151	142	148	161	
24	67	87	95	65	84	120	163	148	116	139	97	99	121	150	150	144	149	166	174	151	177	118	141	109	0	22	121	43	122	121	100	45	14	172	136	130	99	88	102	82	169	207	150	124	132	126	190	126	175	155	188	188	147	81	134	73	135	133	156	132	163	18	68	65	72	59	146	142	216	132	146	28	60	31	69	45	91	104	98	65	161	108	106	61	155	138	115	178	146	168	124	90	114	92	97	99	26	61	80	61	95	47	53	17	33	97	115	124	136	115	142	42	141	146	28	85	91	57	54	68	73	68	124	44	132	138	182	138	154	200	174	119	143	106	122	149	48	20	15	16	55	43	42	56	35	36	62	22	123	76	58	73	65	16	16	14	102	37	96	76	114	89	74	76	74	45	59	77	
45	88	106	111	86	66	98	145	128	135	157	118	117	139	153	146	148	149	169	187	129	156	97	119	111	22	0	123	52	112	115	91	45	30	191	120	133	105	76	93	100	175	210	160	145	112	117	185	118	182	170	198	204	161	94	150	93	150	119	150	123	156	38	89	83	93	79	167	163	237	153	167	31	76	52	75	63	103	93	115	69	180	120	119	79	164	142	127	182	155	187	146	99	129	106	110	118	45	40	69	51	74	33	40	38	46	118	128	126	156	128	146	61	133	134	50	99	87	67	66	67	75	71	115	55	136	151	198	148	167	214	186	112	133	101	111	138	26	28	10	38	74	39	61	75	48	53	83	38	140	98	80	91	69	28	38	32	84	58	117	95	135	110	96	97	94	63	78	96	
112	120	102	202	130	110	156	147	152	119	124	121	95	109	30	46	30	29	287	93	188	213	146	181	13	121	123	0	79	234	238	60	165	134	153	232	251	219	198	216	184	287	328	266	146	135	58	78	57	66	108	90	138	92	69	101	106	91	99	58	63	67	111	152	96	136	157	155	167	228	195	167	148	84	114	54	99	205	69	202	186	147	60	217	101	271	259	230	297	263	155	186	47	79	75	66	114	139	121	75	79	131	99	95	117	92	158	68	6	140	70	28	100	256	255	127	74	43	176	171	188	194	189	61	81	253	248	281	254	81	132	96	235	255	224	232	259	134	101	117	122	157	85	150	161	90	98	123	102	222	140	137	91	57	137	125	133	195	119	128	171	190	153	153	120	162	155	160	173	
34	61	65	126	66	82	128	154	146	94	113	81	71	94	108	113	101	108	208	135	162	189	122	153	67	43	52	79	0	163	164	73	88	55	148	171	173	140	128	143	109	208	249	188	110	127	96	152	96	133	121	147	156	110	44	102	56	101	115	121	102	129	32	82	43	74	81	130	131	204	139	134	71	31	37	26	31	127	80	127	108	138	69	139	44	193	180	152	218	184	146	130	48	79	57	59	79	60	72	60	43	100	47	49	38	13	100	77	81	117	77	99	29	183	186	49	50	57	97	92	111	116	111	95	7	174	171	208	176	115	163	135	161	184	149	162	189	72	25	43	43	80	26	72	84	11	23	60	23	149	78	67	48	23	59	46	54	134	45	83	97	126	93	85	66	91	77	84	99	
143	178	205	132	171	144	134	201	175	231	255	210	218	238	264	250	260	258	100	296	141	155	142	135	222	122	112	234	163	0	19	191	81	115	287	44	75	82	36	21	139	121	129	124	230	169	216	288	216	294	275	309	307	268	203	253	190	256	200	251	220	255	139	156	184	174	140	253	241	311	209	247	96	181	147	187	165	111	189	138	75	275	230	124	179	127	87	115	119	118	280	206	210	235	213	219	214	122	119	168	156	133	136	141	135	154	188	237	237	247	237	258	162	23	25	136	206	194	95	103	61	66	72	213	166	83	139	195	119	276	321	296	16	21	25	5	27	101	138	121	131	134	149	126	130	157	157	171	144	159	177	158	193	181	109	128	117	55	150	206	148	186	181	163	187	153	122	134	145	
140	172	201	117	164	154	149	216	190	225	249	203	215	234	268	257	263	264	81	294	158	174	157	152	226	121	115	238	164	19	0	199	77	112	279	63	56	66	45	24	126	102	112	105	221	183	225	296	225	296	272	309	303	265	201	250	185	253	211	259	229	264	137	147	181	167	131	244	232	300	196	238	94	179	144	189	162	96	198	123	66	267	228	108	175	108	68	97	100	99	272	193	211	232	210	217	208	117	128	176	162	146	142	147	132	154	179	235	241	239	234	261	159	22	37	132	204	200	86	94	55	56	63	222	165	64	121	177	100	274	318	293	5	28	15	24	37	108	139	122	128	125	153	118	121	156	155	165	143	143	169	151	190	184	107	125	114	71	146	198	137	173	172	154	181	144	114	125	134	
104	132	127	194	139	54	96	92	93	153	166	147	127	148	86	59	90	74	260	151	128	153	86	121	55	100	91	60	73	191	199	0	136	114	198	182	224	196	155	175	179	266	301	250	175	76	26	97	27	126	159	150	192	144	95	146	124	139	46	60	32	66	99	155	111	146	153	191	197	266	211	199	122	97	109	62	103	191	10	196	160	190	103	206	114	254	233	215	273	245	199	202	79	122	108	102	142	125	72	23	40	73	59	53	105	84	173	113	66	176	114	88	102	214	210	119	103	23	156	154	157	166	162	24	79	227	238	279	238	137	190	154	195	212	185	189	214	91	82	89	109	150	58	140	153	84	96	132	91	220	151	140	112	58	115	111	114	145	117	151	169	199	165	158	137	164	144	154	171	
63	98	125	79	92	104	124	180	160	151	175	130	138	158	194	190	188	192	124	217	148	172	126	139	153	45	45	165	88	81	77	136	0	35	207	103	88	61	51	60	76	131	165	117	152	147	162	230	163	220	195	232	227	188	124	173	110	176	161	195	167	201	60	81	104	96	67	176	166	238	141	172	17	102	67	114	85	66	137	84	24	195	151	83	99	121	98	86	138	112	201	136	134	155	133	140	134	42	76	113	96	106	77	84	55	77	114	158	168	168	157	186	82	98	105	56	127	132	30	35	23	30	27	160	89	92	112	164	106	197	241	216	75	101	62	81	107	53	64	49	51	59	82	48	58	80	78	91	66	110	99	80	113	109	30	48	37	76	70	126	78	120	106	89	107	81	46	62	77	
29	67	91	83	62	95	127	174	158	119	142	99	104	125	162	164	155	162	153	183	157	183	126	147	121	14	30	134	55	115	112	114	35	0	175	132	118	86	83	94	70	155	194	137	123	142	140	203	140	186	161	198	193	154	89	139	76	142	146	170	146	177	26	61	70	69	50	146	139	213	125	144	19	67	33	81	51	77	117	86	53	164	116	92	65	141	125	102	165	133	170	118	100	121	99	105	102	16	70	93	74	104	60	66	21	43	91	123	136	137	123	153	48	133	139	24	92	105	44	40	58	62	56	138	55	119	124	170	125	163	207	182	110	135	97	115	142	53	34	26	17	44	56	31	45	46	43	60	32	111	73	53	79	77	6	14	3	101	37	95	66	106	83	68	76	65	33	48	66	
148	109	86	181	116	228	275	290	288	57	35	77	77	54	153	196	137	169	288	88	309	336	269	300	149	172	191	153	148	287	279	198	207	175	0	307	261	228	257	266	164	274	324	247	61	270	207	218	207	131	48	113	41	63	108	53	99	62	243	209	213	218	155	133	109	113	149	40	61	80	115	54	193	118	143	141	128	198	208	177	213	12	95	198	112	250	262	216	288	247	10	110	120	77	94	97	74	165	220	199	187	247	195	196	156	148	107	86	148	41	85	138	131	301	311	152	100	176	194	186	226	223	216	209	142	258	218	217	237	82	69	81	278	306	265	288	313	216	166	181	159	155	174	161	159	146	138	116	153	178	111	129	102	147	181	161	172	274	138	81	149	130	111	127	100	140	166	155	153	
159	199	223	169	193	129	106	172	145	251	274	231	235	256	262	240	261	254	143	305	104	115	116	100	222	136	120	232	171	44	63	182	103	132	307	0	119	122	52	54	172	165	168	168	254	143	204	276	204	297	289	315	323	280	213	269	208	269	180	239	207	242	154	184	201	198	169	277	269	340	241	274	114	195	165	192	181	149	177	175	106	296	240	163	196	171	131	155	162	162	302	237	217	248	225	229	234	143	112	160	153	114	134	138	151	165	217	248	236	269	247	259	178	58	41	156	218	190	126	133	91	100	105	200	175	127	181	237	162	286	333	306	60	49	65	39	44	100	147	129	148	161	152	151	159	167	171	192	157	198	202	182	209	186	127	146	135	38	169	227	179	219	209	192	208	182	148	163	176	
142	161	192	82	150	188	194	259	235	211	235	189	207	221	280	278	273	279	36	293	209	226	200	201	239	130	133	251	173	75	56	224	88	118	261	119	0	35	88	70	97	48	77	49	200	225	250	318	251	302	262	310	290	259	202	240	177	247	246	283	255	289	142	129	177	151	114	223	207	267	162	213	104	179	143	199	161	63	225	88	66	249	229	67	170	52	12	51	51	43	252	161	216	229	208	217	195	115	160	201	184	185	165	172	136	161	154	233	254	220	233	271	160	69	89	129	203	220	77	84	68	58	63	248	172	8	69	123	46	273	308	291	60	79	56	80	88	137	150	137	131	109	170	109	105	163	157	154	150	100	152	137	186	195	114	128	119	121	141	183	112	140	150	135	168	121	103	108	108	
108	126	157	53	115	165	179	240	217	176	200	154	172	186	246	249	239	247	68	258	198	219	182	190	206	99	105	219	140	82	66	196	61	86	228	122	35	0	79	68	65	70	109	57	167	206	222	289	223	268	227	276	255	224	167	205	142	212	221	255	228	261	108	95	142	117	80	190	175	238	133	181	75	145	109	165	127	32	198	59	37	216	194	42	135	61	40	33	79	51	219	132	182	194	174	182	161	81	136	174	156	165	138	145	102	127	122	199	220	187	198	237	125	85	103	95	168	190	43	49	46	34	35	220	138	34	59	115	46	238	273	256	67	94	58	86	103	114	119	108	97	74	141	74	70	129	123	119	117	77	118	102	151	162	83	94	87	113	107	148	79	110	117	101	133	88	68	74	75	
111	149	173	119	142	109	108	173	148	201	224	180	186	207	228	214	224	222	120	262	121	141	114	114	186	88	76	198	128	36	45	155	51	83	257	52	88	79	0	21	121	136	155	132	203	140	181	252	181	258	243	274	275	235	168	221	158	223	167	215	185	220	106	132	152	147	117	226	217	288	189	223	64	148	115	151	133	100	154	125	55	245	195	116	147	135	100	112	138	126	251	185	175	202	180	184	184	92	84	132	120	101	100	105	103	120	165	203	201	218	202	222	130	59	58	106	173	158	74	81	39	50	54	178	131	94	138	194	123	242	288	261	40	57	34	35	62	65	103	85	99	109	113	99	107	122	124	142	110	149	150	131	161	145	77	96	85	35	119	177	127	167	157	140	158	130	96	111	124	
122	157	184	115	150	130	127	193	168	210	234	189	198	218	246	233	241	241	100	276	139	156	134	132	204	102	93	216	143	21	24	175	60	94	266	54	70	68	21	0	120	118	134	117	209	160	201	272	201	275	254	289	286	247	182	233	169	235	187	235	205	240	119	137	164	154	121	233	222	292	190	228	75	161	127	168	144	95	174	121	55	254	210	109	158	121	82	101	119	111	259	187	191	214	192	198	193	101	104	152	139	122	119	124	114	134	169	217	219	226	216	239	141	40	45	116	186	177	76	84	41	47	53	198	145	78	127	183	110	256	300	275	20	41	14	22	48	84	119	101	110	114	131	105	111	137	137	150	124	144	157	138	172	162	88	108	97	51	129	185	128	167	162	144	166	134	101	115	126	
76	71	101	19	60	165	195	244	227	115	139	94	116	128	209	222	198	213	125	204	223	248	195	213	172	82	100	184	109	139	126	179	76	70	164	172	97	65	121	120	0	114	163	88	103	212	204	260	204	221	169	224	194	168	121	148	88	155	215	230	210	238	80	35	93	57	28	126	110	174	70	116	75	101	72	132	85	34	184	18	66	152	145	37	86	92	99	54	128	87	155	67	141	140	123	133	102	56	139	161	141	173	129	135	74	97	57	148	185	123	147	196	85	147	161	61	120	166	47	41	82	73	68	203	106	94	65	100	77	184	214	200	126	154	114	141	162	121	98	96	71	29	122	40	26	98	87	65	88	41	57	49	100	131	72	69	69	151	66	87	16	47	53	39	76	26	37	25	12	
176	184	215	95	173	234	242	306	283	229	252	208	230	241	315	319	306	316	28	318	257	274	248	249	275	169	175	287	208	121	102	266	131	155	274	165	48	70	136	118	114	0	52	27	214	272	292	358	293	332	282	337	307	282	231	261	201	269	291	325	298	331	177	149	203	171	138	234	215	265	163	222	145	209	175	234	192	84	268	98	107	262	256	77	196	24	36	60	16	27	264	166	249	253	235	244	215	149	205	244	226	232	208	215	170	196	168	260	289	235	259	304	191	111	132	161	230	260	112	117	114	102	105	290	207	42	57	94	37	298	328	314	106	121	104	126	129	183	189	178	166	134	211	139	130	198	190	178	185	97	170	161	212	231	153	163	156	169	171	201	130	145	166	153	190	139	133	132	126	
217	232	263	144	221	261	261	327	302	278	301	257	278	291	355	355	348	356	41	365	270	283	268	264	315	207	210	328	249	129	112	301	165	194	324	168	77	109	155	134	163	52	0	78	264	294	327	395	327	377	332	384	356	331	276	311	248	318	319	360	332	366	217	198	250	220	185	285	266	317	215	273	181	254	218	274	236	131	301	148	142	313	303	127	243	76	69	109	36	78	315	217	291	301	282	291	265	190	234	278	261	256	242	248	211	236	218	307	329	285	306	346	234	110	129	204	277	297	152	158	144	135	139	324	247	75	108	140	87	345	377	362	117	120	121	134	126	212	227	214	206	181	247	183	177	238	232	225	226	149	220	209	259	271	191	203	195	183	216	250	179	196	215	202	239	189	177	179	175	
154	159	189	69	148	221	235	296	274	203	226	182	204	216	293	300	283	294	49	292	253	272	239	245	253	150	160	266	188	124	105	250	117	137	247	168	49	57	132	117	88	27	78	0	187	262	276	339	276	309	257	312	280	256	208	236	176	243	277	306	282	313	156	123	180	145	114	208	188	239	137	195	129	186	152	212	169	61	253	72	93	236	233	52	173	5	39	36	42	6	238	139	226	228	211	221	190	128	192	229	210	221	193	199	150	175	142	236	267	208	235	281	168	118	138	139	207	241	94	97	103	90	91	274	185	41	30	75	12	272	302	288	109	128	104	129	137	170	170	161	145	111	193	116	107	177	168	153	165	71	145	137	188	210	135	142	137	166	148	175	104	118	140	127	164	114	111	109	100	
100	57	48	120	61	192	237	263	256	28	42	29	52	42	158	192	143	170	227	120	270	297	232	260	138	124	145	146	110	230	221	175	152	123	61	254	200	167	203	209	103	214	264	187	0	237	192	222	191	152	77	144	94	83	82	61	54	73	220	204	198	212	107	74	67	56	90	24	22	94	62	24	140	81	93	113	84	137	184	116	156	49	87	138	68	190	202	155	228	187	52	55	101	70	71	81	34	111	178	169	153	209	155	158	107	106	46	82	143	21	80	142	86	243	254	99	75	154	135	127	169	165	158	192	104	197	159	165	177	104	118	114	220	248	207	231	256	170	122	135	109	97	136	105	100	105	94	63	109	119	53	72	64	118	129	110	120	223	87	28	88	72	50	67	48	80	108	96	92	
147	186	191	222	189	48	37	34	19	220	235	208	195	216	158	119	165	144	259	227	58	80	27	54	131	132	112	135	127	169	183	76	147	142	270	143	225	206	140	160	212	272	294	262	237	0	83	146	84	200	232	225	267	218	162	218	183	212	44	113	82	112	140	198	170	197	191	257	258	331	261	261	139	157	154	129	156	212	66	227	169	260	176	228	171	266	236	233	276	257	268	252	151	193	176	173	206	157	73	71	85	41	86	81	145	134	223	186	141	243	187	163	154	191	180	158	170	97	176	176	160	172	171	79	134	230	259	309	251	213	265	230	179	185	174	165	184	94	121	117	146	186	103	173	187	134	147	184	135	252	202	186	174	123	140	147	144	114	162	210	207	244	215	204	193	205	175	190	208	
129	152	144	219	160	75	111	89	98	167	176	164	141	159	76	37	85	61	286	150	140	163	100	134	58	126	117	58	96	216	225	26	162	140	207	204	250	222	181	201	204	292	327	276	192	83	0	72	1	118	164	145	196	149	110	155	143	146	42	35	7	40	124	178	130	167	177	204	213	279	231	214	148	116	133	80	125	217	27	221	186	200	112	231	133	280	259	241	299	271	209	222	91	131	121	113	158	150	97	49	66	92	85	79	130	108	193	122	63	190	123	83	124	239	234	144	117	39	182	180	183	192	188	4	101	253	263	304	264	138	190	154	221	236	211	213	238	117	107	115	134	175	84	165	178	107	119	153	116	245	171	163	129	77	141	136	140	168	140	168	193	221	186	181	156	187	169	179	195	
186	198	179	278	208	147	179	139	157	194	194	198	171	183	65	40	81	52	354	138	204	223	168	200	89	190	185	78	152	288	296	97	230	203	218	276	318	289	252	272	260	358	395	339	222	146	72	0	72	94	170	122	193	155	147	170	184	158	102	37	70	35	183	230	174	214	233	228	242	297	273	241	214	162	189	129	176	278	99	278	253	214	135	291	179	344	327	303	367	336	223	264	125	152	153	142	191	211	169	120	135	163	155	149	190	165	236	141	80	214	142	81	176	311	306	201	152	99	247	243	252	260	256	76	155	321	323	359	327	137	177	145	292	308	282	285	310	188	170	181	194	232	148	224	236	163	173	201	175	299	218	214	169	130	206	197	203	240	195	205	248	268	231	231	198	240	229	236	250	
128	152	143	219	160	75	112	90	99	166	176	163	140	159	75	36	84	60	287	149	141	164	101	135	58	126	118	57	96	216	225	27	163	140	207	204	251	223	181	201	204	293	327	276	191	84	1	72	0	117	164	144	195	148	109	154	143	145	43	35	7	39	124	178	130	167	177	204	212	279	231	213	148	116	133	80	125	217	27	221	186	200	112	231	133	281	260	241	300	272	208	222	90	131	120	113	157	150	97	50	67	93	86	79	130	108	193	121	63	189	122	82	124	239	234	143	117	39	183	180	183	193	189	5	101	254	263	304	264	138	189	153	221	236	212	214	238	117	107	116	134	175	84	165	178	107	119	153	116	244	171	163	129	77	142	137	140	169	140	168	193	221	186	181	156	187	169	179	195	
160	150	122	240	161	176	222	206	216	124	115	137	109	110	42	89	36	59	336	45	254	279	212	247	75	175	182	66	133	294	296	126	220	186	131	297	302	268	258	275	221	332	377	309	152	200	118	94	117	0	83	28	101	71	101	91	134	79	160	101	121	107	161	186	129	166	195	150	168	211	212	166	203	123	159	107	141	248	135	239	238	130	76	257	136	313	308	273	344	307	137	203	86	85	98	88	128	187	186	141	144	197	163	159	167	143	181	75	61	137	76	38	143	315	316	173	102	109	225	219	243	248	241	122	131	302	286	309	297	50	83	52	293	315	281	293	320	197	157	174	172	198	145	195	202	140	145	156	154	254	168	172	121	113	191	175	184	259	162	145	206	214	178	184	147	196	200	201	209	
132	102	71	188	112	195	243	250	251	55	36	75	57	41	105	150	90	121	293	44	277	304	235	269	106	155	170	108	121	275	272	159	195	161	48	289	262	227	243	254	169	282	332	257	77	232	164	170	164	83	0	69	35	16	77	22	87	21	203	163	170	171	137	135	91	112	148	69	90	128	139	86	179	95	128	107	110	201	168	185	207	47	56	205	97	261	266	223	296	256	54	132	82	42	64	63	67	155	192	163	154	215	166	166	140	125	117	46	102	59	46	90	113	293	299	140	71	136	188	181	217	217	210	167	116	260	231	242	246	34	47	38	270	295	257	275	302	193	143	160	144	153	145	155	157	122	119	109	133	193	112	125	82	113	166	147	158	254	126	82	153	147	118	130	95	143	161	154	157	
170	154	123	243	165	199	246	234	242	118	104	135	109	104	70	117	60	86	343	25	278	303	236	271	97	188	198	90	147	309	309	150	232	198	113	315	310	276	274	289	224	337	384	312	144	225	145	122	144	28	69	0	78	61	109	83	137	72	187	129	149	135	173	189	134	167	200	138	158	192	206	154	216	132	168	123	150	253	159	242	249	114	82	261	141	316	315	277	350	311	120	198	99	85	102	94	126	196	206	164	164	220	182	179	178	156	179	77	85	127	78	62	152	329	332	182	108	132	234	227	255	259	252	148	144	310	289	306	301	41	57	32	307	330	294	309	335	215	171	189	182	203	163	202	207	153	155	160	166	254	169	176	125	129	203	185	196	278	169	142	209	211	178	186	148	199	208	205	212	
165	131	102	212	140	230	278	283	285	79	55	101	89	69	131	178	117	148	319	56	312	339	270	304	138	188	204	138	156	307	303	192	227	193	41	323	290	255	275	286	194	307	356	280	94	267	196	193	195	101	35	78	0	49	112	54	118	56	235	191	201	199	170	161	123	139	176	78	99	116	153	93	212	129	160	142	143	227	202	209	237	48	91	230	129	284	292	247	321	280	50	147	117	77	99	98	95	186	227	198	189	250	201	201	173	159	139	81	133	73	81	118	146	324	331	171	106	170	218	210	248	247	240	199	151	287	253	256	270	59	28	49	301	327	288	308	334	228	177	195	177	181	180	185	185	157	152	138	167	213	138	153	115	148	199	179	190	288	157	107	179	165	141	155	123	169	190	182	182	
125	99	68	187	110	182	230	235	236	57	45	75	53	43	90	134	74	106	291	37	264	291	222	256	91	147	161	92	110	268	265	144	188	154	63	280	259	224	235	247	168	282	331	256	83	218	149	155	148	71	16	61	49	0	67	22	83	13	188	147	154	156	129	133	84	111	146	79	98	143	145	95	172	87	121	94	103	200	153	185	201	60	43	205	91	260	263	222	296	255	68	137	69	33	55	51	67	149	179	149	141	202	154	153	133	116	119	33	87	67	33	75	106	286	292	134	62	121	184	177	210	211	204	151	106	257	232	246	245	21	54	32	263	288	250	268	295	182	133	151	137	150	133	151	154	113	111	106	125	195	112	122	75	100	159	140	151	244	120	83	153	150	119	129	92	143	157	152	156	
