NAME:	instance_23-triangle
TYPE:	VRPRDL
DIMENSION:	182
CAPACITY:	750
TIME_HORIZON:	720
NUM_CUSTOMERS:	61
NODE_COORD_SECTION
1	0.0	0.0
2	-110.735730344	111.617598105
3	-89.939635045	90.0686917035
4	-119.962881993	67.323836897
5	-74.8855426148	78.8661898705
6	-98.5096378505	106.68264822
7	98.7356956656	-47.7816358383
8	76.2066463492	-6.17558987243
9	115.05930073	-89.2705374361
10	99.5682146822	-44.7960335356
11	8.92556350039	131.218487014
12	0.882654333827	120.490434541
13	76.1851947472	127.073346146
14	95.5322451306	57.3739241645
15	155.850278534	30.2261994165
16	88.4233753262	54.7181453066
17	92.1580825101	52.487823249
18	96.3033595639	57.6147466695
19	29.2835521807	119.329892982
20	26.1973347393	100.03869572
21	-0.120585839447	202.053068156
22	-18.0400780688	150.414809108
23	-36.2280466474	-10.9988498464
24	-5.84385527573	50.098444605
25	60.5803250909	33.4748608431
26	31.4612225352	54.1953580969
27	12.133945059	72.4740918918
28	8.27986319445	62.9307507308
29	-153.840099924	42.0138596065
30	-20.5484548092	189.877175806
31	3.27399509126	213.382202096
32	56.4330549718	88.9681588993
33	-21.93664637	131.313542245
34	34.1683522083	-125.01370777
35	44.1719617596	-55.1140219105
36	59.6434071597	-85.4121169442
37	-2.4303210015	-79.2900448396
38	60.5685773805	-67.2335080562
39	-10.0694339586	89.6804040287
40	-93.8713666222	81.9729473093
41	-32.1688429953	106.638705197
42	-26.8093053342	113.986681297
43	-28.2736823826	107.168905158
44	100.679395885	-115.547905091
45	-38.582452782	79.2353581764
46	-97.8176265444	62.6348004696
47	-30.7431911047	19.2892637513
48	105.936459284	-32.2973947646
49	28.9073409519	37.6333224575
50	121.567925356	-19.0111097533
51	-85.983405287	23.1329389412
52	-100.249106483	-8.86658882212
53	49.835945458	-82.7164382464
54	15.3100821151	-55.3868115093
55	116.336238113	-67.020230598
56	88.0910684906	108.211426095
57	-5.22517299146	11.8669425004
58	-112.322617528	-36.7509489502
59	-113.674266861	-36.9209303703
60	-21.0937992863	87.4759662248
61	-17.6859211133	48.3738175572
62	-2.56623592098	86.8866193297
63	1.88145665784	38.6284121866
64	-17.403750756	94.9569703832
65	-51.4938704813	60.6700983381
66	-94.8285336746	63.7435906062
67	11.7479428611	-35.0321196663
68	-33.8062541547	-54.7394537362
69	-59.6096109145	-8.68859540228
70	14.0106244833	-51.7169089948
71	-7.32980747392	-92.3204537384
72	26.1380010384	-94.0227929348
73	-79.0146378235	-106.742225607
74	-9.78533313049	-94.3901116874
75	-15.8107088225	-101.890732827
76	-20.6251372335	-141.361202478
77	23.4247749713	35.9400745268
78	-20.3648488222	45.9273075428
79	-17.4572315095	-6.86533195632
80	15.1184076761	-11.1849675865
81	9.64601954838	2.92325011983
82	-31.4046796786	25.4442236361
83	-35.2444521198	42.5475130689
84	-43.5252753135	35.3151066672
85	-69.5849322275	30.4254902089
86	125.825105811	-68.8399602469
87	146.144079796	-55.3199736559
88	122.924178636	-89.2058486853
89	131.563280825	-64.796103975
90	127.651015783	-64.729783089
91	43.6641903751	18.0821996335
92	-20.3184920273	95.5260918096
93	62.3337809983	-13.2711272046
94	36.7225972664	35.8345060238
95	-75.992735766	36.2047150755
96	12.5333745751	18.6046329087
97	145.71148582	29.6204697822
98	153.270573744	-85.6009644799
99	137.264293219	63.3172939093
100	116.75490875	-42.8348996617
101	99.778411457	-63.3005322261
102	92.5019147671	-24.1010819918
103	123.981568316	-4.05887915062
104	-20.20781115	21.0248784614
105	-13.8300405818	41.2874932809
106	121.288340496	-63.3514127088
107	88.1603381867	-120.882413223
108	122.502884717	-64.5388931383
109	52.599977397	-119.172056924
110	57.4875080181	-175.571758611
111	50.0860636999	-137.225367641
112	-2.2321623845	84.0341730063
113	-2.06961527832	13.4395997581
114	3.30173309529	6.67538877708
115	-32.8546012915	64.6974691116
116	2.02250836326	14.2020020732
117	92.1546855363	-136.123593695
118	105.748981395	-53.4502567015
119	-20.2562816081	-106.038159579
120	-20.6165571786	-133.10508473
121	39.7640609947	-121.861615444
122	-21.1093092	-124.97899321
123	-3.53734849627	59.5904084369
124	120.992088435	145.227230361
125	39.7778242035	97.6873273701
126	44.5029212513	102.313057961
127	-11.5688540484	9.20494394059
128	-37.6081200814	-36.1453574785
129	-6.63436848236	-27.9177510923
130	-18.1930424479	21.6951607601
131	11.0973044247	6.87939741615
132	4.30126075936	0.472703639467
133	19.4768461423	26.4643668764
134	-117.214154452	-54.6183152987
135	-94.658758492	-43.9225080756
136	-99.0398337851	-45.7554863352
137	-93.0544305338	-56.9645317486
138	-91.0613532218	-51.8753203221
139	22.5181139341	36.2657518221
140	31.0109910985	50.1361286268
141	-142.983061281	-27.0569978578
142	55.0993110777	7.68519452774
143	-19.6200563018	105.946176249
144	11.4537330816	-2.05210343793
145	103.285866922	78.4716879106
146	151.285289424	102.9401633
147	115.022661491	69.4835906936
148	118.135725284	85.7100393292
149	97.1710054712	73.9021537372
150	-49.699813857	-80.5622145353
151	-65.6384655413	-84.9505633657
152	54.6762254431	-32.2025559975
153	86.5440308784	-66.0495965922
154	74.9349445946	-61.2566038948
155	96.0164477232	-45.1319288565
156	65.7467237342	-55.5678846257
157	54.9901420418	-21.5485412222
158	0.551437980284	-7.48302750965
159	25.1914853716	12.0530913324
160	-38.4728822162	7.60864777067
161	60.1464587443	89.5012763641
162	-3.69732071888	17.3430676469
163	-15.48589674	-30.5802238652
164	75.1462725983	-84.7083391588
165	-16.8118791803	82.5089612011
166	-35.2122436845	79.2096528431
167	-10.5328961911	64.2924051115
168	-14.7898453771	83.3807489167
169	-54.3809605024	-99.4059505597
170	-37.0168644363	-90.8350935386
171	-53.3428371082	-96.1108352541
172	-54.6157503677	-96.6614302343
173	13.2899854743	72.4326302268
174	-61.910929373	12.2696497109
175	-87.6627890234	27.3088847829
176	-67.6565648626	-135.039585717
177	-226.306233707	0.798206730811
178	-82.8589185126	53.95782448
179	-129.800009835	-28.6748583773
180	56.4642808217	149.274354456
181	22.7582570167	186.7094597
182	-26.7722577603	135.821765924
EDGE_WEIGHT_SECTION
0	157	127	137	109	145	110	76	146	109	131	120	147	111	158	104	106	112	123	103	201	151	38	50	69	62	73	63	159	191	213	104	132	129	71	104	79	90	90	124	111	117	111	153	88	116	36	111	47	123	89	101	97	57	134	139	13	118	119	90	52	86	38	96	79	114	37	64	60	54	93	97	133	95	103	143	42	50	19	19	10	40	55	56	76	143	156	152	146	143	47	97	64	51	84	22	148	175	151	124	118	96	124	29	44	136	150	138	130	184	146	84	14	7	73	14	164	118	108	135	128	127	60	188	105	111	15	52	29	28	13	4	32	129	104	109	109	105	42	58	145	55	107	12	130	183	134	146	122	94	107	63	109	97	106	86	59	8	28	39	107	18	34	113	84	86	65	84	113	98	110	111	73	63	92	151	226	99	133	159	188	138	
157	0	30	45	49	13	263	220	302	262	121	112	188	213	278	207	211	214	140	137	143	100	143	122	188	153	129	128	82	119	152	169	91	277	227	260	219	247	103	34	79	84	83	310	79	51	122	260	158	266	92	121	252	209	288	199	145	148	149	93	113	111	134	95	78	50	191	183	131	206	229	247	221	229	233	268	154	112	151	176	162	117	102	102	91	297	305	307	299	296	181	92	213	166	83	154	269	329	252	274	273	244	262	128	120	290	306	292	283	332	296	112	146	155	91	149	320	272	235	260	277	253	119	234	151	155	143	165	174	129	160	160	155	166	156	158	169	165	153	154	142	195	91	167	217	262	229	230	211	201	201	219	265	253	259	243	212	163	168	127	172	142	171	270	98	82	111	100	218	215	215	215	130	111	87	250	160	64	142	171	153	87	
127	30	0	38	19	19	233	191	272	232	107	96	170	188	252	181	185	188	123	117	144	94	114	93	160	126	103	101	80	122	155	146	80	248	197	230	190	217	80	9	60	68	64	280	52	29	92	231	129	237	67	99	222	179	258	179	115	129	129	69	83	87	105	73	48	27	161	155	103	176	200	217	197	201	205	241	125	82	121	146	132	87	72	72	63	267	276	277	270	266	151	70	184	137	56	125	242	299	228	245	243	215	233	98	90	260	276	262	253	303	266	88	116	125	62	119	290	242	208	233	248	225	91	218	130	135	113	137	144	99	130	130	126	147	134	136	147	142	124	127	129	166	72	137	193	242	205	208	187	175	177	189	235	223	229	213	182	133	139	97	150	112	142	240	74	55	83	75	193	188	190	190	104	83	63	226	163	37	125	158	148	78	
137	45	38	0	47	45	247	209	282	246	144	132	205	215	277	208	212	216	158	150	180	132	115	115	183	151	132	128	42	158	191	177	117	246	204	236	187	224	112	30	96	104	100	286	82	23	101	246	151	256	56	79	226	183	271	211	127	104	104	101	104	119	125	106	68	25	166	149	97	179	195	217	179	195	199	231	146	102	126	156	144	98	88	83	62	280	292	288	283	280	171	104	199	159	54	141	268	312	257	260	255	231	254	110	109	273	280	275	254	300	265	118	129	137	87	133	294	255	200	224	247	216	116	253	162	168	123	132	148	111	144	141	145	122	114	115	127	123	146	151	97	185	108	148	223	273	235	238	217	164	162	200	245	233	243	222	196	142	155	101	181	126	143	247	104	85	109	106	179	179	176	177	133	80	51	209	125	39	97	194	186	116	
109	49	19	47	0	36	215	173	253	214	99	86	159	172	236	165	169	172	112	103	144	91	98	75	143	109	87	85	87	124	156	131	75	231	179	212	174	199	65	19	51	60	55	262	36	28	74	212	111	219	57	91	204	162	240	164	97	121	122	54	65	73	87	60	30	25	143	140	89	158	184	200	186	185	190	227	107	64	103	127	113	69	54	54	49	249	258	259	251	248	133	57	165	119	43	106	226	281	212	227	225	196	215	80	72	242	258	244	235	287	249	72	98	106	44	100	272	224	193	219	231	211	74	207	115	121	94	121	127	81	112	111	108	140	124	127	137	132	106	110	126	148	62	118	178	227	189	192	171	161	164	170	216	205	211	194	164	115	120	80	135	94	125	222	58	39	66	60	179	174	176	177	88	68	53	214	170	26	121	149	145	75	
145	13	19	45	36	0	250	207	289	249	110	100	176	200	265	194	198	201	128	125	137	92	133	109	175	140	116	115	85	114	147	156	80	267	215	248	209	235	90	25	66	72	70	298	66	44	110	247	145	253	84	116	240	198	276	186	133	144	144	80	100	98	121	82	66	43	179	174	122	194	219	236	214	220	224	260	141	99	139	163	149	105	90	90	82	284	292	295	286	283	168	79	200	153	74	142	256	316	239	261	261	231	249	116	107	277	294	279	271	322	285	99	134	142	78	136	308	259	226	252	267	244	106	223	139	143	130	155	163	117	148	147	142	162	151	152	164	159	140	141	141	182	79	154	204	249	216	218	198	193	194	206	252	241	246	230	200	151	156	116	160	130	160	258	85	69	98	87	211	207	208	208	117	101	80	243	166	55	139	160	145	77	
110	263	233	247	215	250	0	47	45	3	200	194	176	105	97	103	100	105	181	164	268	229	140	143	90	122	148	143	267	265	277	143	216	101	55	54	106	43	175	232	202	204	200	68	186	225	146	17	110	37	197	203	60	84	26	156	120	211	212	180	151	168	129	184	185	223	88	133	163	85	115	86	186	118	126	152	113	152	123	91	103	149	161	164	185	34	48	48	37	34	86	186	50	104	194	109	90	66	117	19	16	24	50	137	144	27	74	29	85	134	102	166	118	110	172	115	89	9	132	147	95	142	148	194	157	159	124	137	107	136	103	106	108	216	193	198	192	190	113	119	242	71	194	99	126	159	118	135	121	152	169	47	22	27	4	34	51	106	95	148	142	121	116	44	174	184	156	173	161	142	159	160	147	171	201	188	329	208	229	201	246	222	
76	220	191	209	173	207	47	0	92	45	153	147	133	66	88	62	61	67	134	117	222	182	112	99	43	75	101	97	234	218	231	97	169	126	58	80	107	63	129	190	156	157	154	112	142	187	110	40	64	47	164	176	81	78	73	115	83	191	192	135	108	121	86	138	143	184	71	120	135	77	120	101	185	123	133	166	67	109	94	61	67	112	121	126	150	79	85	95	80	78	40	140	16	58	158	68	78	110	93	55	62	24	48	100	101	73	115	74	114	170	132	119	81	74	129	77	131	56	139	159	121	154	103	157	110	113	89	118	86	98	66	72	65	199	175	180	177	173	68	72	220	25	147	65	88	132	85	101	83	146	162	34	61	55	44	50	26	76	54	115	97	83	95	78	128	140	111	127	160	141	158	159	100	139	167	193	302	170	207	157	200	175	
146	302	272	282	253	289	45	92	0	47	245	239	219	148	126	146	144	148	225	209	313	274	170	184	134	166	191	185	299	310	322	188	258	88	79	56	117	59	217	270	244	246	242	30	227	261	182	58	152	70	230	229	65	105	22	199	157	233	234	223	191	210	170	226	224	259	117	153	192	108	122	89	194	125	131	145	155	191	156	127	140	186	200	201	220	23	46	8	30	27	128	228	92	147	229	149	123	38	154	46	30	69	85	174	183	27	42	26	69	104	81	208	156	147	213	153	52	37	136	143	82	141	190	234	201	204	160	161	136	173	142	143	150	234	215	218	210	209	156	162	265	114	236	135	168	195	158	175	164	164	180	83	37	49	48	60	91	141	135	182	187	160	143	40	216	225	198	215	170	152	168	169	190	204	234	188	353	244	252	246	291	265	
109	262	232	246	214	249	3	45	47	0	198	192	173	102	94	100	98	102	178	162	266	227	140	142	87	120	146	141	267	263	275	141	214	103	56	57	107	45	173	231	200	202	198	71	185	224	145	14	108	34	197	203	63	85	28	153	119	212	213	179	150	166	128	182	184	222	88	134	163	86	117	88	187	120	129	154	111	150	123	91	102	148	160	163	185	35	48	50	38	34	84	184	49	102	193	108	87	67	114	17	19	22	47	136	142	29	77	30	88	137	105	164	117	109	171	114	92	11	135	149	98	144	147	191	154	157	123	137	108	135	102	105	107	217	194	199	193	191	112	117	242	69	192	98	123	156	115	132	118	153	170	47	25	30	4	35	50	106	94	148	140	120	116	47	172	183	155	171	162	143	160	161	145	171	201	190	329	207	229	199	244	220	
131	121	107	144	99	110	200	153	245	198	0	13	67	114	178	110	114	114	24	36	71	33	148	82	111	80	59	68	185	66	82	64	31	257	189	222	210	205	46	114	48	40	44	263	70	126	118	190	96	188	143	177	217	186	225	82	120	206	207	52	86	46	93	44	92	123	166	190	155	183	223	226	253	226	234	273	96	90	140	142	128	113	99	109	127	231	232	248	231	229	118	46	154	99	127	113	170	260	145	205	215	176	178	113	92	225	263	226	254	310	271	48	118	124	78	117	279	208	238	265	255	257	72	113	46	46	123	173	159	112	124	130	105	224	203	206	213	208	96	84	219	132	38	133	108	145	123	118	105	219	228	169	212	203	197	195	159	138	120	132	66	114	163	225	55	68	69	53	238	226	235	236	59	138	141	276	268	120	211	51	57	36	
120	112	96	132	86	100	194	147	239	192	13	0	76	114	179	109	113	114	28	33	82	35	136	71	106	73	49	58	173	73	93	64	25	247	180	214	199	197	33	102	36	28	32	256	57	114	106	185	87	184	130	164	208	176	220	88	109	193	194	39	74	34	82	31	79	111	156	178	142	173	212	216	240	215	223	262	87	78	128	132	118	100	86	96	114	226	228	242	226	224	111	33	147	92	114	103	171	256	147	200	209	171	175	101	80	220	255	221	245	301	262	37	107	114	65	106	271	203	227	254	245	246	61	123	45	47	112	161	148	100	114	120	96	211	190	193	200	195	87	77	206	125	25	123	110	151	125	122	107	207	215	161	205	196	191	187	152	128	111	119	67	103	152	217	42	55	57	40	226	214	223	224	50	125	128	264	256	107	198	63	70	32	
147	188	170	205	159	176	176	133	219	173	67	76	0	72	125	73	76	72	48	57	107	97	178	112	95	86	84	93	245	115	113	43	98	255	185	213	220	195	94	176	110	104	106	244	124	185	152	162	101	153	192	222	211	192	198	22	141	249	250	105	122	88	116	99	144	182	174	211	192	189	234	227	280	237	246	285	105	126	163	150	140	148	140	151	175	201	195	221	199	198	114	102	141	99	177	125	119	226	88	174	192	152	139	143	124	195	248	196	247	303	265	89	138	140	125	135	263	183	251	277	251	269	104	48	47	40	147	199	175	141	136	145	115	265	241	246	249	244	105	89	268	121	98	144	55	79	69	59	57	241	254	161	193	188	173	183	150	154	125	165	41	136	181	211	103	121	107	101	260	245	257	258	83	179	191	298	327	175	258	30	80	103	
111	213	188	215	172	200	105	66	148	102	114	114	72	0	66	8	6	1	91	81	173	147	148	102	42	64	85	87	249	176	181	50	138	192	123	146	168	129	110	191	137	135	133	173	136	193	131	90	69	81	185	206	147	138	126	51	111	228	229	120	113	102	96	119	147	190	125	171	168	136	181	166	239	184	194	230	75	116	130	106	101	131	131	141	167	129	124	149	127	126	65	122	78	63	172	92	57	154	42	102	121	82	68	121	111	123	178	124	180	236	198	101	107	105	128	103	194	111	200	223	187	216	99	91	69	68	117	162	133	119	98	107	82	240	215	220	220	216	76	65	252	64	125	103	22	72	23	36	17	200	215	98	124	120	103	116	89	114	83	143	48	107	141	143	115	133	106	113	217	199	214	215	84	163	185	252	326	178	241	100	148	145	
158	278	252	277	236	265	97	88	126	94	178	179	125	66	0	71	67	66	155	147	232	211	196	163	95	127	149	151	309	238	238	115	204	197	140	150	192	136	176	255	202	201	199	155	200	255	187	80	127	60	242	259	155	165	105	103	162	276	277	185	174	168	154	184	209	252	158	208	218	164	204	179	271	207	216	246	132	177	177	147	149	187	191	199	225	103	86	124	98	99	113	187	103	119	231	144	10	116	38	83	109	83	47	176	170	100	166	100	181	228	198	166	159	154	192	155	177	98	222	240	191	235	162	120	134	133	169	205	173	174	147	154	136	286	261	266	264	260	133	126	303	103	191	148	71	73	57	67	73	233	249	119	119	122	96	124	113	160	132	195	113	160	182	140	180	197	170	178	247	228	244	245	148	218	243	277	383	239	291	155	205	210	
104	207	181	208	165	194	103	62	146	100	110	109	73	8	71	0	4	8	88	77	172	143	141	94	35	57	78	81	242	174	180	47	134	188	118	142	162	125	105	184	131	130	128	171	129	186	124	89	62	81	177	198	143	132	125	53	103	220	221	114	106	97	88	113	140	183	118	164	160	130	175	161	232	178	188	224	68	109	122	99	94	123	124	133	160	129	124	148	127	126	58	116	73	55	165	84	62	155	49	102	119	79	69	113	103	123	176	124	176	232	194	95	99	98	121	95	191	110	194	217	183	210	92	96	65	65	109	155	126	111	91	100	75	232	208	212	213	208	68	58	244	58	120	96	28	79	30	43	21	193	208	93	121	117	100	112	83	107	76	135	45	99	134	140	109	126	99	107	210	192	207	208	77	156	178	246	319	171	233	100	147	141	
106	211	185	212	169	198	100	61	144	98	114	113	76	6	67	4	0	7	92	81	176	147	143	98	37	61	82	85	246	178	184	51	138	187	117	141	162	124	109	188	135	134	132	168	133	190	127	86	65	77	180	202	142	132	122	56	106	223	224	118	110	101	91	117	144	187	119	165	163	130	175	160	233	178	188	224	71	113	125	100	96	126	128	137	163	125	121	145	124	122	59	120	72	58	169	87	58	151	46	98	116	77	65	117	107	119	173	120	175	231	193	99	102	100	125	98	189	107	194	217	182	210	96	97	69	69	112	157	127	115	93	102	77	235	210	215	215	211	72	61	248	58	124	97	28	77	28	42	22	194	209	92	119	115	98	111	83	109	78	138	49	102	136	138	113	130	103	111	211	193	208	209	81	159	181	246	322	175	236	103	151	145	
112	214	188	216	172	201	105	67	148	102	114	114	72	1	66	8	7	0	91	82	174	147	149	102	43	65	85	88	250	176	181	51	139	193	124	147	169	130	111	191	138	135	134	173	136	194	132	90	70	81	185	206	148	139	126	51	111	228	229	121	114	103	96	120	148	191	125	171	168	137	182	167	240	185	195	231	76	117	130	106	102	131	132	141	168	130	123	149	127	126	66	123	79	63	173	92	57	154	41	103	121	82	68	121	111	124	179	125	181	236	199	102	107	106	129	103	194	111	201	224	188	217	100	91	69	68	117	163	133	119	99	108	83	240	216	220	221	216	76	66	252	65	126	104	22	71	22	36	16	201	215	99	124	121	103	117	89	115	84	143	48	107	142	144	116	133	107	114	217	199	214	215	84	164	186	253	327	179	241	100	149	146	
123	140	123	158	112	128	181	134	225	178	24	28	48	91	155	88	92	91	0	20	88	57	146	78	91	65	50	60	199	86	98	41	53	244	175	206	201	189	49	129	63	56	59	245	79	139	117	170	82	166	150	182	203	175	206	60	113	210	211	60	85	45	85	53	100	136	155	185	156	171	215	213	251	217	225	265	84	89	134	131	118	112	100	111	133	211	210	228	210	208	102	55	137	84	134	102	147	240	122	184	195	157	156	110	89	204	247	206	240	296	257	47	110	116	83	109	263	189	230	257	241	249	68	95	24	23	117	169	151	109	114	121	93	227	205	209	214	209	83	69	226	115	51	123	85	123	99	95	82	214	225	153	194	186	177	179	143	130	107	131	43	107	156	209	59	76	68	57	233	220	230	231	50	140	149	271	282	130	217	40	68	58	
103	137	117	150	103	125	164	117	209	162	36	33	57	81	147	77	81	82	20	0	105	67	127	59	75	46	31	41	189	101	116	32	57	225	156	188	181	171	38	121	59	55	55	228	68	129	99	155	62	153	136	167	184	156	190	62	93	194	195	49	68	32	66	44	87	126	136	165	138	152	195	194	232	197	206	245	64	71	115	112	98	94	84	95	118	196	196	212	195	193	84	47	119	65	120	83	138	225	116	169	179	141	143	91	71	189	229	191	221	277	238	33	91	96	69	89	245	173	211	237	222	229	50	105	14	18	98	150	132	90	94	102	74	211	188	192	196	191	64	50	211	97	46	103	80	125	93	93	75	195	206	135	177	168	161	161	125	110	88	113	36	88	137	191	46	65	51	44	214	201	211	212	30	124	135	252	271	118	202	58	87	64	
201	143	144	180	144	137	268	222	313	266	71	82	107	173	232	172	176	174	88	105	0	55	216	152	179	151	130	139	222	24	12	126	74	328	260	293	280	276	113	152	101	92	99	333	129	170	185	257	167	252	198	233	288	257	293	129	190	263	264	116	154	115	163	108	150	168	237	258	219	254	293	297	318	296	304	343	167	157	209	213	199	179	163	172	185	298	296	316	297	295	189	108	224	170	182	184	226	326	195	271	283	244	241	181	161	292	334	293	325	381	342	118	188	195	141	187	350	276	308	335	326	327	142	134	112	109	193	240	229	181	195	201	176	282	263	266	274	269	167	155	270	202	98	204	161	181	176	166	161	286	294	240	282	273	265	266	230	209	191	198	128	184	233	296	120	128	138	120	305	294	302	303	130	199	195	343	303	170	265	77	28	71	
151	100	94	132	91	92	229	182	274	227	33	35	97	147	211	143	147	147	57	67	55	0	162	101	141	108	84	91	174	40	66	97	19	280	214	248	229	231	61	102	46	37	44	291	74	119	131	220	122	219	144	179	242	208	255	114	139	209	210	62	101	65	113	55	96	116	187	205	164	204	241	248	263	244	251	290	122	104	156	165	150	125	109	117	131	261	263	277	261	259	146	54	182	127	128	135	203	291	178	235	244	206	210	128	108	255	290	256	278	334	295	68	137	145	87	137	306	238	255	282	278	274	92	139	78	79	140	187	177	128	146	151	129	228	209	212	220	215	121	112	217	160	44	155	141	176	156	151	138	232	239	196	240	231	226	222	187	158	145	144	99	133	180	252	67	73	86	67	251	241	248	249	84	145	141	289	256	116	211	75	55	17	
38	143	114	115	98	133	140	112	170	140	148	136	178	148	196	141	143	149	146	127	216	162	0	68	106	94	96	86	129	201	228	136	143	134	92	121	76	112	104	109	118	125	118	172	90	96	31	144	81	158	60	64	112	68	163	172	39	80	81	100	62	103	63	108	73	95	54	44	23	65	86	104	105	87	93	131	76	59	19	51	48	37	54	47	53	172	187	177	176	172	85	108	98	87	62	57	186	204	188	156	146	129	160	36	57	166	166	168	140	189	153	100	42	43	76	46	179	148	96	123	134	115	78	222	133	139	32	25	34	37	51	42	67	92	67	72	73	68	75	91	108	93	118	48	166	219	171	182	158	71	80	93	134	122	136	111	92	37	66	19	139	43	29	134	96	90	79	97	90	80	87	88	97	35	64	128	190	80	95	185	205	147	
50	122	93	115	75	109	143	99	184	142	82	71	112	102	163	94	98	102	78	59	152	101	68	0	68	38	29	19	148	141	163	73	82	179	116	150	129	134	40	94	62	67	61	196	44	93	40	139	37	145	84	111	144	107	169	110	38	137	138	40	12	37	14	46	47	90	86	109	80	103	142	147	173	144	152	192	33	15	58	65	50	36	30	40	66	177	184	190	179	176	59	47	93	45	71	36	153	209	143	154	155	123	141	32	12	170	194	172	179	234	195	34	37	44	31	37	210	152	157	184	177	176	10	159	66	72	41	92	78	31	46	50	35	153	129	134	138	133	32	37	157	74	57	55	113	166	122	129	106	138	147	102	148	137	139	127	94	58	49	54	77	33	81	157	34	41	15	34	157	144	154	155	29	68	84	195	225	77	147	117	139	88	
69	188	160	183	143	175	90	43	134	87	111	106	95	42	95	35	37	43	91	75	179	141	106	68	0	36	62	60	214	176	188	56	128	160	90	119	129	101	90	162	117	118	115	154	109	161	92	80	32	80	147	166	116	100	115	80	69	186	187	98	80	82	59	99	115	158	84	129	126	97	143	132	198	146	155	193	37	82	88	64	59	92	96	104	130	121	123	137	121	119	23	101	47	24	136	50	85	151	82	95	104	66	74	82	75	114	157	116	153	209	171	80	65	63	99	61	173	98	161	185	156	178	69	127	67	71	75	120	91	80	56	65	42	198	173	178	178	174	38	34	211	26	108	61	62	114	65	78	55	159	173	66	103	96	86	89	55	72	41	102	56	66	99	119	92	106	77	90	176	158	173	174	61	124	148	212	288	145	199	116	158	135	
62	153	126	151	109	140	122	75	166	120	80	73	86	64	127	57	61	65	65	46	151	108	94	38	36	0	27	25	185	145	162	43	94	179	110	142	137	125	55	128	82	83	80	183	74	129	71	114	17	116	121	146	138	111	148	78	56	170	171	62	49	47	33	64	83	126	91	126	110	107	151	148	195	154	163	202	20	52	78	67	55	69	67	77	103	154	159	170	155	153	38	66	74	19	108	40	117	185	106	129	136	99	109	61	47	148	183	149	175	231	192	45	53	55	65	50	199	131	168	194	176	186	35	128	44	50	62	114	90	59	51	60	30	184	160	164	167	162	20	4	192	52	73	60	76	129	85	92	69	156	169	89	132	123	118	115	79	69	43	84	45	51	96	145	56	71	43	55	175	160	172	173	26	102	121	213	262	114	181	98	133	100	
73	129	103	132	87	116	148	101	191	146	59	49	84	85	149	78	82	85	50	31	130	84	96	29	62	27	0	10	169	122	141	47	68	199	131	165	152	148	28	106	55	57	53	207	51	110	68	140	39	142	110	138	159	128	174	84	63	165	166	36	38	21	35	37	65	107	108	135	108	124	165	167	201	168	176	215	38	42	84	84	70	64	56	67	92	180	185	196	181	179	63	39	99	44	95	54	140	211	125	155	161	125	136	61	41	174	207	175	196	252	213	18	60	66	46	59	223	157	181	207	196	199	20	131	37	44	67	119	102	59	66	72	47	181	158	162	166	161	38	29	184	78	46	75	91	142	103	107	85	164	175	113	157	147	144	139	103	80	62	82	51	57	106	169	31	48	24	29	183	170	180	181	1	95	110	221	249	97	174	89	115	74	
63	128	101	128	85	115	143	97	185	141	68	58	93	87	151	81	85	88	60	41	139	91	86	19	60	25	10	0	163	130	150	55	74	189	123	157	142	140	32	104	59	62	57	200	49	106	59	136	33	140	102	130	151	118	168	92	53	156	157	38	30	26	25	41	60	103	98	125	99	115	155	158	191	158	166	205	31	33	74	74	60	55	48	58	84	176	181	190	177	175	57	43	93	39	88	45	141	207	129	151	155	121	134	51	31	169	200	171	187	243	204	24	50	56	41	49	216	151	171	197	187	189	12	140	47	54	57	109	92	49	56	62	38	172	148	153	156	151	30	26	175	72	51	65	96	148	107	112	90	154	165	106	151	140	139	131	96	70	54	72	58	47	96	162	32	46	19	31	173	160	170	171	11	86	102	211	242	92	165	99	125	81	
159	82	80	42	87	85	267	234	299	267	185	173	245	249	309	242	246	250	199	189	222	174	129	148	214	185	169	163	0	199	232	215	159	251	221	249	194	240	151	72	138	146	141	299	121	60	125	270	182	281	70	74	239	195	291	250	152	89	89	140	136	158	156	146	104	63	183	154	107	192	199	226	167	198	199	226	177	134	144	177	168	124	119	110	85	300	314	306	303	300	199	144	223	190	78	168	299	332	291	283	274	255	281	135	140	293	292	295	262	303	271	157	154	161	123	158	304	275	199	220	254	213	151	293	201	207	146	140	163	137	168	163	174	103	104	103	116	113	176	185	70	211	149	171	259	311	270	275	253	161	154	220	263	251	263	240	218	162	181	120	219	152	156	261	143	124	145	145	172	177	171	170	170	96	68	197	83	72	75	236	228	158	
191	119	122	158	124	114	265	218	310	263	66	73	115	176	238	174	178	176	86	101	24	40	201	141	176	145	122	130	199	0	33	127	59	319	253	286	269	269	101	130	84	76	83	328	112	149	170	256	160	252	179	214	281	247	291	136	179	244	245	102	141	105	153	95	133	146	226	244	202	243	281	287	302	284	291	330	160	144	196	204	189	164	147	156	167	297	296	313	296	294	183	94	219	164	163	174	231	326	202	270	280	242	242	168	148	290	328	292	317	373	334	107	177	184	125	177	344	274	295	322	317	314	131	148	110	109	180	226	217	168	185	190	168	263	245	248	257	252	159	149	249	197	84	194	167	193	181	173	165	271	278	234	277	268	262	260	224	198	183	182	129	173	220	290	107	111	126	107	290	280	287	288	122	182	176	328	279	150	244	87	43	54	
213	152	155	191	156	147	277	231	322	275	82	93	113	181	238	180	184	181	98	116	12	66	228	163	188	162	141	150	232	33	0	135	85	339	271	303	292	286	124	163	112	103	110	342	140	182	197	266	178	261	210	245	299	268	302	135	201	275	276	128	166	127	175	120	162	179	248	270	230	265	304	308	329	307	315	354	178	169	220	224	210	191	175	183	197	307	304	325	306	304	199	120	234	181	194	195	232	334	201	280	292	253	249	193	172	301	344	302	336	392	353	129	199	206	153	199	360	285	319	346	337	338	153	136	121	118	204	252	240	192	206	212	187	294	275	278	286	281	178	166	281	212	110	215	168	185	182	172	168	298	305	250	291	284	274	276	240	220	202	210	136	195	244	306	132	139	149	131	317	306	314	315	141	211	207	355	312	181	276	83	33	83	
104	169	146	177	131	156	143	97	188	141	64	64	43	50	115	47	51	51	41	32	126	97	136	73	56	43	47	55	215	127	135	0	89	215	145	174	178	156	67	150	90	87	87	209	95	156	112	131	58	126	157	184	171	150	167	37	99	210	211	78	85	59	74	74	112	153	132	168	151	147	192	185	237	195	204	243	62	88	120	108	97	108	103	113	139	172	170	190	171	169	72	77	102	57	142	82	107	200	84	145	158	119	115	102	85	166	212	167	208	264	226	59	95	97	93	92	228	151	209	235	211	227	67	86	19	18	105	156	132	100	93	102	72	225	201	205	209	204	62	46	230	81	78	101	48	96	61	62	43	198	211	121	158	151	140	144	110	111	83	125	4	94	138	174	73	92	71	71	217	202	214	215	46	141	157	255	296	144	220	60	103	95	
132	91	80	117	75	80	216	169	258	214	31	25	98	138	204	134	138	139	53	57	74	19	143	82	128	94	68	74	159	59	85	89	0	261	197	231	210	214	43	87	27	18	25	274	55	102	112	208	106	208	125	160	225	189	241	112	120	190	191	43	82	48	95	36	77	99	168	186	145	185	222	229	244	225	232	271	105	85	137	147	132	106	90	98	112	248	251	263	249	247	130	35	166	112	109	118	195	279	172	223	228	193	199	109	89	242	274	243	261	316	277	51	118	126	68	119	290	224	236	263	259	255	74	144	70	72	121	168	158	109	128	132	112	209	190	193	201	196	104	97	199	145	25	137	135	175	150	147	132	213	220	180	224	214	212	205	170	139	128	125	92	114	161	236	48	54	67	48	232	222	229	230	69	126	123	270	242	98	193	80	71	7	
129	277	248	246	231	267	101	126	88	103	257	247	255	192	197	188	187	193	244	225	328	280	134	179	160	179	199	189	251	319	339	215	261	0	71	47	59	64	219	243	240	246	240	67	217	229	158	117	163	137	190	178	45	72	100	239	142	171	172	219	181	215	167	225	204	228	93	98	149	76	53	32	115	54	55	57	161	179	129	115	130	164	181	178	187	107	131	95	114	111	143	226	115	161	195	145	190	125	215	116	90	117	150	156	173	106	54	107	19	56	20	212	143	135	201	143	59	101	58	55	6	55	188	283	223	227	142	114	105	156	134	129	152	167	152	155	144	145	161	175	202	134	236	125	214	256	210	227	209	95	108	95	79	76	101	76	106	122	137	151	216	147	107	57	213	215	194	213	92	79	92	93	198	168	195	102	289	214	190	275	311	267	
71	227	197	204	179	215	55	58	79	56	189	180	185	123	140	118	117	124	175	156	260	214	92	116	90	110	131	123	221	253	271	145	197	71	0	34	53	20	155	194	178	183	177	83	157	184	106	66	94	85	152	152	28	29	73	169	83	157	158	156	120	149	103	162	150	182	38	78	114	30	64	43	133	67	76	108	93	119	78	53	67	110	126	126	142	82	102	86	87	84	73	163	45	91	151	80	132	113	151	73	56	57	94	100	112	77	79	79	65	121	82	147	82	74	142	81	94	62	82	101	67	96	124	214	153	157	85	84	58	99	70	68	85	161	139	143	137	135	94	106	189	64	173	62	145	190	143	159	139	97	114	25	44	31	53	22	35	65	70	104	145	86	65	43	150	155	131	150	108	89	106	107	131	126	155	137	276	167	176	205	243	204	
104	260	230	236	212	248	54	80	56	57	222	214	213	146	150	142	141	147	206	188	293	248	121	150	119	142	165	157	249	286	303	174	231	47	34	0	62	18	188	227	212	217	211	51	191	216	138	70	127	91	181	177	10	54	60	195	117	179	180	190	154	183	137	196	183	214	70	98	142	57	67	35	140	70	77	98	127	153	110	87	101	143	159	158	174	68	91	63	75	71	104	197	72	123	182	114	144	94	168	71	46	70	104	133	146	65	46	66	34	90	52	180	116	108	176	115	60	56	83	93	42	90	158	237	184	188	118	109	88	132	104	102	119	179	160	163	155	154	127	138	210	93	207	96	168	209	164	181	163	109	125	53	33	29	54	30	64	98	103	135	175	120	93	16	184	189	165	184	115	97	113	114	164	156	185	137	298	199	197	234	274	237	
79	219	190	187	174	209	106	107	117	107	210	199	220	168	192	162	162	169	201	181	280	229	76	129	129	137	152	142	194	269	292	178	210	59	53	62	0	64	169	185	188	194	188	109	162	171	102	118	121	138	132	121	52	30	119	208	91	118	119	168	129	165	117	174	148	170	46	40	91	32	14	32	80	17	26	65	118	126	74	70	83	108	126	122	129	129	150	125	134	131	108	175	92	121	137	99	184	155	199	124	103	110	147	102	121	125	100	126	68	113	78	163	93	86	147	93	110	111	32	57	60	49	139	256	181	187	89	56	52	102	87	80	108	117	99	102	93	93	118	133	150	104	185	78	190	238	190	204	182	47	63	74	90	79	104	72	81	72	95	94	180	97	50	77	162	162	144	163	55	36	53	54	152	109	136	86	238	156	137	235	267	216	
90	247	217	224	199	235	43	63	59	45	205	197	195	129	136	125	124	130	189	171	276	231	112	134	101	125	148	140	240	269	286	156	214	64	20	18	64	0	172	214	196	201	195	63	176	204	126	57	110	78	172	171	19	47	56	178	103	176	177	174	139	166	121	180	169	202	58	95	133	49	72	44	144	75	84	110	110	139	98	72	87	130	145	146	162	65	86	66	71	67	87	181	54	106	171	98	129	95	151	61	39	54	90	119	131	61	60	62	52	108	70	164	102	93	161	100	76	47	90	105	58	100	142	220	166	170	105	103	78	118	89	88	102	178	157	161	154	152	110	121	207	75	191	82	151	193	147	163	146	111	127	36	26	16	42	13	46	85	87	124	157	106	84	23	168	174	149	168	119	100	117	118	147	146	175	145	295	187	194	216	257	221	
90	103	80	112	65	90	175	129	217	173	46	33	94	110	176	105	109	111	49	38	113	61	104	40	90	55	28	32	151	101	124	67	43	219	155	188	169	172	0	84	28	30	25	232	30	91	73	168	65	170	101	134	182	147	200	99	78	163	164	11	42	8	52	9	51	88	126	146	110	143	181	187	208	184	191	230	63	45	96	104	89	68	53	64	84	208	213	222	209	207	89	12	125	71	85	75	167	239	149	183	187	153	164	69	48	201	232	203	218	273	234	10	76	84	34	76	248	183	195	222	217	214	31	142	50	56	80	129	117	68	85	90	70	180	158	162	168	163	62	57	177	104	19	94	114	162	126	128	108	175	183	138	183	172	171	163	128	97	85	87	70	72	120	194	10	27	25	8	194	182	191	191	29	93	100	232	233	81	168	89	102	49	
124	34	9	30	19	25	232	190	270	231	114	102	176	191	255	184	188	191	129	121	152	102	109	94	162	128	106	104	72	130	163	150	87	243	194	227	185	214	84	0	66	74	70	277	55	20	89	230	130	237	59	91	218	175	257	183	113	120	120	73	83	91	104	78	47	18	158	149	97	172	195	213	189	195	199	235	126	81	117	143	130	84	71	69	57	266	275	276	269	265	151	75	183	138	49	124	245	298	231	244	242	214	233	96	89	259	272	261	249	298	262	91	115	123	63	117	286	241	202	227	243	219	93	224	134	139	110	131	140	97	129	128	125	138	126	128	139	134	125	129	120	165	78	135	197	246	208	211	190	168	169	187	233	221	228	210	181	130	138	93	154	111	137	237	77	58	85	79	186	182	183	183	107	77	55	218	155	30	116	164	157	86	
111	79	60	96	51	66	202	156	244	200	48	36	110	137	202	131	135	138	63	59	101	46	118	62	117	82	55	59	138	84	112	90	27	240	178	212	188	196	28	66	0	9	4	258	28	79	87	195	92	197	99	134	206	168	227	120	99	164	165	22	60	36	76	19	50	76	148	161	118	165	200	208	218	202	209	248	90	62	114	127	112	81	64	72	85	235	240	249	236	234	116	16	152	98	83	98	193	266	174	210	214	180	191	86	68	228	256	230	241	295	257	37	98	106	42	99	272	210	213	240	239	232	55	158	73	77	100	143	137	86	108	112	95	182	163	166	174	169	89	84	174	131	13	117	138	183	151	152	133	188	194	163	209	198	198	189	155	119	110	99	94	94	138	219	29	28	47	29	207	197	204	204	56	99	97	244	221	73	167	98	97	30	
117	84	68	104	60	72	204	157	246	202	40	28	104	135	201	130	134	135	56	55	92	37	125	67	118	83	57	62	146	76	103	87	18	246	183	217	194	201	30	74	9	0	7	262	37	88	95	196	94	198	108	143	211	174	229	115	104	173	174	27	66	36	81	21	59	85	153	169	127	170	206	214	226	208	215	255	93	68	121	132	117	89	72	80	94	236	241	251	237	235	118	20	154	100	92	103	192	267	171	211	216	181	192	93	74	230	261	231	246	301	262	39	103	111	50	104	277	212	220	247	244	239	59	151	69	72	106	150	143	92	113	117	99	191	172	175	183	178	92	85	183	133	11	122	135	178	148	147	130	196	202	167	212	202	200	193	158	124	114	107	90	99	144	223	33	36	52	33	215	205	212	212	57	108	106	252	229	82	176	90	88	22	
111	83	64	100	55	70	200	154	242	198	44	32	106	133	199	128	132	134	59	55	99	44	118	61	115	80	53	57	141	83	110	87	25	240	177	211	188	195	25	70	4	7	0	256	30	82	88	193	90	195	102	137	205	168	225	116	98	167	167	21	60	33	75	16	52	79	147	162	120	164	200	208	219	202	209	248	88	62	115	126	111	82	65	73	87	233	238	247	234	232	114	14	150	96	86	97	190	264	171	208	212	178	189	87	67	226	255	228	240	295	256	35	97	105	43	98	271	208	213	240	238	232	53	154	69	73	99	143	136	86	107	111	93	184	165	169	176	171	87	82	177	129	9	116	135	179	148	148	130	189	195	161	207	196	196	187	153	118	109	100	90	93	138	217	27	29	46	27	208	198	205	205	54	101	100	245	224	76	170	95	95	29	
153	310	280	286	262	298	68	112	30	71	263	256	244	173	155	171	168	173	245	228	333	291	172	196	154	183	207	200	299	328	342	209	274	67	83	51	109	63	232	277	258	262	256	0	239	267	188	83	169	98	232	227	61	104	51	224	166	227	228	236	202	226	183	241	232	265	120	148	192	108	110	78	180	112	117	124	170	201	161	135	149	193	208	208	224	53	75	34	59	57	145	242	109	164	233	160	152	61	182	74	52	92	113	182	194	56	14	55	48	74	55	224	165	156	224	163	22	62	121	122	61	122	203	261	221	225	168	159	139	181	152	151	163	226	208	211	202	202	170	179	259	131	251	144	194	223	185	202	189	154	168	95	51	60	71	69	104	147	148	186	209	169	144	40	229	237	211	229	156	139	155	156	207	207	236	169	347	250	246	268	312	281	
88	79	52	82	36	66	186	142	227	185	70	57	124	136	200	129	133	136	79	68	129	74	90	44	109	74	51	49	121	112	140	95	55	217	157	191	162	176	30	55	28	37	30	239	0	61	60	182	79	188	73	108	184	145	212	129	75	137	138	19	37	37	57	26	23	58	125	134	90	141	174	185	190	176	182	221	76	38	89	105	90	54	37	44	58	220	227	233	222	219	102	24	136	87	57	79	190	252	176	197	198	166	183	61	45	213	236	215	218	272	234	36	75	84	16	76	251	195	186	213	216	205	40	172	80	86	75	115	112	61	87	89	78	155	135	139	146	141	75	75	149	117	33	95	142	191	153	156	135	160	166	145	191	180	182	170	137	95	92	72	99	71	112	199	22	3	32	24	179	170	176	176	52	71	71	216	203	51	141	118	124	58	
116	51	29	23	28	44	225	187	261	224	126	114	185	193	255	186	190	194	139	129	170	119	96	93	161	129	110	106	60	149	182	156	102	229	184	216	171	204	91	20	79	88	82	267	61	0	80	224	129	234	41	72	207	163	250	190	105	100	101	80	81	98	102	86	46	3	147	134	81	160	179	199	170	180	184	218	124	79	106	135	122	76	66	61	43	258	270	268	261	258	148	84	177	137	34	119	245	290	235	238	234	209	231	88	87	251	261	253	236	284	248	97	107	115	65	111	274	233	186	210	230	203	94	233	141	147	101	116	128	89	122	119	123	119	107	108	120	115	123	129	100	162	89	127	201	252	213	217	195	151	151	179	225	212	221	202	174	121	133	81	160	104	124	227	83	64	87	85	168	165	165	165	111	62	37	200	143	17	97	177	173	102	
36	122	92	101	74	110	146	110	182	145	118	106	152	131	187	124	127	132	117	99	185	131	31	40	92	71	68	59	125	170	197	112	112	158	106	138	102	126	73	89	87	95	88	188	60	80	0	146	62	157	55	75	130	88	170	148	27	99	100	69	32	73	38	77	46	78	69	74	40	84	114	126	135	116	122	161	57	29	29	55	43	6	24	20	40	179	191	188	182	179	74	77	98	69	48	43	177	211	173	159	154	130	156	11	28	172	184	174	161	213	175	70	29	36	45	33	198	154	126	153	157	145	49	197	105	112	22	56	53	13	44	40	51	114	90	94	98	93	56	69	121	86	87	47	147	200	154	163	139	102	110	99	145	133	142	122	95	41	56	14	115	27	52	148	65	60	49	66	121	110	118	118	69	32	57	159	196	63	110	157	175	116	
111	260	231	246	212	247	17	40	58	14	190	185	162	90	80	89	86	90	170	155	257	220	144	139	80	114	140	136	270	256	266	131	208	117	66	70	118	57	168	230	195	196	193	83	182	224	146	0	104	21	200	208	75	94	36	141	120	218	219	174	148	160	126	177	183	222	94	142	167	94	128	101	198	131	140	167	107	149	126	93	103	149	159	164	186	41	46	59	41	39	80	179	48	97	194	106	74	71	101	15	32	16	34	137	141	35	90	36	102	151	119	158	117	110	169	114	105	21	146	162	111	157	143	178	146	148	125	143	112	135	103	107	105	224	201	205	201	198	108	111	248	65	186	99	111	143	102	119	106	163	179	51	39	42	16	46	52	108	92	150	130	120	121	61	168	180	151	167	173	154	171	172	139	174	202	201	334	207	235	188	234	214	
47	158	129	151	111	145	110	64	152	108	96	87	101	69	127	62	65	70	82	62	167	122	81	37	32	17	39	33	182	160	178	58	106	163	94	127	121	110	65	130	92	94	90	169	79	129	62	104	0	109	116	137	122	94	135	92	43	159	160	71	48	58	27	74	84	126	75	111	100	91	135	132	180	138	146	186	6	50	64	51	40	62	64	72	99	143	149	157	144	142	24	76	60	8	104	25	117	174	111	119	122	88	104	52	43	136	168	138	159	215	176	56	39	40	67	36	184	118	152	178	160	170	39	142	61	67	49	99	75	50	36	45	15	172	148	152	154	149	7	13	183	39	84	43	85	138	92	101	77	141	154	74	118	109	106	100	65	53	26	74	61	38	81	130	64	76	47	63	160	144	157	158	38	94	117	198	258	113	172	115	149	113	
123	266	237	256	219	253	37	47	70	34	188	184	153	81	60	81	77	81	166	153	252	219	158	145	80	116	142	140	281	252	261	126	208	137	85	91	138	78	170	237	197	198	195	98	188	234	157	21	109	0	211	222	96	112	48	131	130	235	236	178	154	162	133	179	190	231	111	159	181	112	148	121	218	151	160	188	112	156	140	107	114	159	168	173	197	50	44	70	47	46	86	181	60	101	205	115	54	74	84	24	49	30	15	147	148	44	107	46	121	169	138	160	128	121	175	124	120	38	166	182	131	177	148	164	143	144	136	160	129	145	113	119	112	241	218	222	218	215	113	114	265	72	188	111	99	125	89	105	96	182	198	68	59	63	37	67	67	122	101	162	125	130	138	80	172	185	156	170	193	174	191	192	141	186	214	222	348	217	252	180	228	214	
