NAME:	instance_17-triangle
TYPE:	VRPRDL
DIMENSION:	84
CAPACITY:	750
TIME_HORIZON:	720
NUM_CUSTOMERS:	31
NODE_COORD_SECTION
1	0.0	0.0
2	62.6934353446	-33.7614348521
3	-16.9509892776	126.488256595
4	62.8114669367	56.5610784988
5	0.373192722138	84.3784047093
6	20.0033523568	84.3692507281
7	-107.61798944	30.7919291447
8	-7.44063021231	29.7799194245
9	-90.6041448776	-43.1170269118
10	-119.849856927	-102.308221948
11	-71.0350596239	-79.8410950318
12	-36.0670130005	-97.2080073991
13	27.5224958977	-105.064176214
14	74.1281359906	22.5697235204
15	-0.125694556973	19.8934526551
16	6.67821734789	-141.519764604
17	-24.2365053737	-36.8941407007
18	-43.8827473681	-1.31320308318
19	15.6191212474	-13.632613751
20	21.8682274208	-63.8756798059
21	16.3703313911	3.72896255408
22	10.5394960077	-13.1430737894
23	-111.907441193	-13.9601418687
24	-97.1266009646	-70.5397915356
25	-90.4458245994	-75.4364662272
26	-18.706666412	-63.5415156625
27	5.90864515067	-88.1759218163
28	-26.2877774612	-59.1949143772
29	-24.4328765406	90.0399483686
30	87.3262893691	-21.5076948892
31	125.593379214	1.98299867474
32	77.6856418092	-31.3937362514
33	70.4186361875	-27.7609079471
34	-32.7681646803	-132.403381321
35	-13.4463581273	-75.5323131812
36	-125.768239289	-123.291175939
37	-46.3806246208	-109.19214686
38	81.2798724654	8.30054640139
39	133.910734045	48.7956036978
40	71.2108323164	38.1649023005
41	71.8045958543	42.9102935959
42	76.0705766299	40.9736342272
43	-86.7176559497	-7.1063487184
44	-73.6376883263	48.2867736846
45	-34.1456119011	18.0619226932
46	-30.0398075249	83.4842241579
47	17.253609314	-82.0192712271
48	-67.7616148491	-108.270671954
49	24.5100288375	-87.4142273373
50	-56.3854892464	-98.3148325556
51	-54.48228071	-106.564771071
52	53.5640195638	-32.010171193
53	42.2533522805	-72.9107791319
54	119.235009967	-43.3038761892
55	86.8542954853	-72.4616046513
56	89.8948915009	-41.3827849447
57	138.571409581	44.983586431
58	121.199984808	100.23324382
59	129.925286955	41.1461780168
60	149.277478932	-11.3371252756
61	134.947227833	35.5061786369
62	140.592704523	-102.991463388
63	63.853572578	-108.856040578
64	89.7470157385	-90.830219254
65	-76.6515060694	133.163062928
66	-40.0726737944	53.0086065624
67	84.1495284502	124.22161076
68	26.7904564511	79.6315317826
69	-27.6740719819	-22.8343086883
70	28.5180217706	43.572666489
71	-3.57485109393	-132.07865785
72	-103.134260014	-3.4012146552
73	-172.954254951	-16.2335035571
74	-46.0239529071	-23.7440371894
75	-85.3026155074	-56.1338617546
76	-108.556373611	-21.9105352893
77	-166.035632489	48.3187555853
78	-122.574549959	-0.739157520699
79	-129.120741381	-23.4578970358
80	-128.542233437	27.0347758178
81	49.9748124853	28.368916257
82	46.54590817	23.299509163
83	-18.9740752698	15.2247312965
84	29.9673976179	15.4387595361
EDGE_WEIGHT_SECTION
0	71	128	85	84	87	112	31	100	158	107	104	109	77	20	141	44	44	21	68	17	17	113	120	118	66	88	65	93	90	126	84	76	136	77	176	119	82	142	80	83	86	87	88	39	89	84	128	91	113	120	62	84	127	113	99	145	157	136	150	139	174	126	128	154	66	150	84	36	52	132	103	174	52	102	111	173	123	131	131	57	52	24	34	
71	0	179	90	134	126	182	95	154	195	141	117	79	57	83	121	87	111	51	51	60	56	175	164	159	87	79	93	151	28	72	15	10	137	87	209	133	46	109	72	77	76	151	159	110	149	66	150	66	135	138	9	44	57	46	28	109	146	101	89	100	104	75	63	217	134	159	119	91	85	119	168	236	109	150	171	243	187	192	200	63	59	95	59	
128	179	0	106	46	56	132	97	185	251	213	224	235	138	108	269	163	130	144	194	127	142	170	213	215	190	216	185	37	181	189	184	177	258	202	272	237	154	170	125	122	126	151	97	110	45	211	240	218	228	236	173	208	218	224	199	176	141	170	216	177	278	249	242	60	77	101	64	150	95	259	156	211	153	195	174	168	165	187	149	119	121	111	121	
85	90	106	0	68	51	172	75	183	242	191	183	165	36	73	206	127	121	85	127	70	87	188	204	202	145	156	146	93	82	83	89	85	212	153	260	198	52	72	20	16	20	162	137	104	97	146	210	149	195	201	89	131	114	131	102	77	73	69	110	75	177	165	150	159	103	71	43	120	37	200	176	247	135	186	188	229	194	207	193	31	37	92	53	
84	134	46	68	0	20	120	55	157	222	179	185	191	96	64	225	124	96	99	150	82	98	149	183	184	149	172	146	25	137	150	139	132	219	160	243	199	111	138	85	83	87	126	82	75	30	167	204	173	191	199	128	163	174	179	154	144	122	137	177	143	234	203	197	91	51	93	27	111	50	216	136	200	118	165	152	170	149	168	141	75	77	72	75	
87	126	56	51	20	0	138	61	169	233	187	190	190	82	68	226	129	107	98	148	81	98	165	194	194	153	173	151	45	125	134	129	123	223	163	253	205	98	119	69	66	71	141	100	86	50	166	211	172	198	205	121	159	162	170	144	125	102	118	161	125	222	198	189	108	68	76	8	117	42	218	151	218	126	176	167	189	166	184	159	64	67	79	70	
112	182	132	172	120	138	0	100	76	134	117	146	191	182	108	207	107	71	131	160	127	126	45	101	107	130	164	121	102	202	235	195	187	179	142	155	153	190	242	179	180	184	43	38	75	94	168	145	177	139	147	173	182	238	220	210	247	239	238	260	242	282	221	232	107	71	213	143	96	137	193	34	80	82	90	53	61	35	58	21	157	154	90	138	
31	95	97	75	55	61	100	0	111	173	127	130	139	82	12	172	69	48	49	98	35	47	113	135	134	94	119	91	63	108	136	105	97	164	105	193	144	91	142	79	80	84	87	69	29	58	114	150	121	137	144	87	114	146	139	121	147	147	138	162	142	199	156	155	124	40	132	60	56	39	162	101	172	66	116	113	160	119	132	121	57	54	19	40	
100	154	185	183	157	169	76	111	0	66	42	77	133	177	110	138	67	63	110	114	117	105	36	28	32	75	107	66	149	179	221	169	162	106	84	88	80	179	242	180	183	186	36	93	83	140	115	69	123	65	73	145	136	210	180	181	245	256	236	242	239	238	168	186	177	109	242	170	66	147	124	42	87	49	14	28	119	53	43	80	157	152	92	134	
158	195	251	242	222	233	134	173	66	0	54	84	147	231	171	132	116	126	162	147	173	158	89	39	40	108	127	103	215	222	266	210	204	92	110	22	73	230	295	237	240	242	101	158	148	206	139	52	145	64	65	187	165	246	209	218	297	315	288	284	290	260	183	210	239	175	305	233	122	208	120	100	101	108	58	81	158	102	79	129	214	208	155	191	
107	141	213	191	179	187	117	127	42	54	0	39	102	178	122	99	64	83	109	94	121	105	78	28	20	55	77	49	176	168	213	156	150	65	58	70	38	176	242	184	188	190	74	128	104	168	88	29	96	24	31	133	114	194	158	165	244	263	235	230	236	212	138	161	213	136	256	187	72	159	85	83	120	61	28	69	160	94	81	121	162	156	108	139	
104	117	224	183	185	190	146	130	77	84	39	0	64	163	122	62	61	96	98	67	114	96	113	67	59	38	43	39	188	145	189	131	127	35	31	93	16	157	223	173	177	178	103	150	115	181	55	34	61	20	21	111	82	164	125	138	225	252	216	204	216	177	101	126	234	150	252	188	75	155	48	115	159	74	64	105	195	130	119	155	152	146	113	130	
109	79	235	165	191	190	191	139	133	147	102	64	0	135	128	42	86	126	92	42	109	93	166	129	122	62	27	70	202	103	145	89	88	66	50	154	74	125	187	149	154	153	150	184	138	197	25	95	18	84	82	77	35	111	68	89	187	225	178	154	177	113	37	64	260	172	236	185	99	149	41	165	219	110	123	159	246	182	176	204	135	130	129	121	
77	57	138	36	96	82	182	82	177	231	178	163	135	0	74	177	115	120	69	101	61	73	189	195	192	127	130	129	119	46	55	54	50	188	132	247	179	16	65	16	20	19	163	150	108	121	119	193	121	178	182	58	100	80	96	66	68	91	59	82	62	142	131	114	187	118	102	74	111	50	173	179	250	129	178	188	242	198	208	203	25	28	93	45	
20	83	108	73	64	68	108	12	110	171	122	122	128	74	0	161	62	49	37	87	23	35	116	132	131	85	108	83	74	97	127	93	85	155	96	190	137	82	137	74	76	79	90	79	34	70	103	145	110	131	138	75	102	135	127	109	141	146	132	152	136	187	144	143	136	52	134	66	51	37	152	105	176	63	114	116	168	124	135	129	51	47	19	30	
141	121	269	206	225	226	207	172	138	132	99	62	42	177	161	0	109	149	128	79	145	128	174	125	117	82	53	89	234	145	186	131	130	40	69	133	62	167	229	191	196	195	164	206	164	228	60	82	57	76	70	119	77	149	106	130	228	267	220	193	219	139	66	97	287	199	277	222	123	186	14	176	218	129	126	166	257	191	180	216	175	169	159	158	
44	87	163	127	124	129	107	69	67	116	64	61	86	115	62	109	0	41	46	53	57	42	91	80	77	27	59	22	127	113	155	102	95	95	40	133	76	115	180	121	125	127	69	98	55	120	61	84	70	69	76	78	75	143	117	114	182	199	173	175	175	178	114	126	178	90	194	127	14	96	97	86	150	25	64	86	165	105	106	122	99	93	52	75	
44	111	130	121	96	107	71	48	63	126	83	96	126	120	49	149	41	0	61	91	60	56	69	87	88	67	100	60	93	133	169	125	117	131	80	147	108	125	184	121	124	127	43	58	22	86	101	110	110	98	106	102	112	168	149	139	188	194	179	193	182	211	152	161	138	54	179	107	27	85	136	59	130	23	69	68	132	79	88	89	98	94	30	76	
21	51	144	85	99	98	131	49	110	162	109	98	92	69	37	128	46	61	0	51	17	5	127	126	123	61	75	62	111	72	111	65	57	128	68	179	114	69	134	76	80	81	102	109	59	107	68	126	74	111	116	42	65	108	92	79	136	155	127	134	129	154	107	107	173	87	154	94	44	59	120	119	188	62	110	124	192	138	145	150	54	48	45	32	
68	51	194	127	150	148	160	98	114	147	94	67	42	101	87	79	53	91	51	0	68	52	143	119	113	41	29	48	161	78	123	65	61	88	37	159	82	93	159	113	118	118	122	147	99	156	19	100	24	85	87	45	22	100	66	72	160	192	151	138	151	125	62	73	220	132	198	144	64	108	73	139	200	78	107	137	218	158	156	175	96	91	89	80	
17	60	127	70	82	81	127	35	117	173	121	114	109	61	23	145	57	60	17	68	0	18	129	135	133	76	92	76	95	75	109	71	63	145	85	190	129	65	126	65	68	70	103	100	52	92	85	140	91	125	131	52	81	113	104	86	129	142	120	134	123	164	122	120	159	75	138	77	51	42	137	119	190	68	118	128	187	139	148	147	42	36	37	18	
17	56	142	87	98	98	126	47	105	158	105	96	93	73	35	128	42	56	5	52	18	0	122	122	119	58	75	59	109	77	116	70	62	127	67	175	111	74	138	79	83	85	97	104	55	105	69	123	76	108	114	47	68	113	97	84	140	158	131	139	134	158	110	111	170	83	156	94	39	59	120	114	183	57	105	119	187	133	140	145	57	51	41	35	
113	175	170	188	149	165	45	113	36	89	78	113	166	189	116	174	91	69	127	143	129	122	0	58	65	106	139	97	136	199	238	190	183	142	116	110	116	194	253	190	192	195	26	73	84	127	146	104	155	101	109	166	165	232	207	203	257	260	248	261	251	268	200	216	151	98	240	167	85	152	160	14	61	67	50	9	83	17	20	44	167	163	97	145	
120	164	213	204	183	194	101	135	28	39	28	67	129	195	132	125	80	87	126	119	135	122	58	0	8	79	105	72	176	191	234	179	173	89	84	60	64	195	260	200	203	205	64	121	109	168	115	48	123	49	56	156	139	218	184	189	262	277	253	253	255	240	165	188	205	136	266	194	84	169	112	67	93	69	19	50	137	74	57	102	177	171	116	153	
118	159	215	202	184	194	107	134	32	40	20	59	122	192	131	117	77	88	123	113	133	119	65	8	0	73	97	66	178	185	229	174	167	81	77	59	56	191	256	198	201	203	68	125	109	170	108	40	116	41	48	150	133	212	177	184	258	275	249	248	251	232	158	181	209	138	265	194	82	168	104	73	101	68	20	57	145	81	65	109	175	169	115	151	
66	87	190	145	149	153	130	94	75	108	55	38	62	127	85	82	27	67	61	41	76	58	106	79	73	0	35	9	154	114	158	102	96	70	13	123	53	123	189	136	140	141	88	125	82	147	40	66	49	51	56	79	62	139	106	111	191	215	182	176	183	164	94	112	205	117	214	150	41	117	70	104	161	48	67	99	185	121	117	142	115	109	79	93	
88	79	216	156	172	173	164	119	107	127	77	43	27	130	108	53	59	100	75	29	92	75	139	105	97	35	0	43	181	105	150	92	88	59	23	136	56	122	187	142	147	147	123	157	114	175	13	76	19	63	63	74	39	121	82	96	188	221	179	162	178	135	62	84	236	148	226	169	73	134	45	138	193	83	97	132	219	155	150	177	125	119	106	106	
65	93	185	146	146	151	121	91	66	103	49	39	70	129	83	89	22	60	62	48	76	59	97	72	66	9	43	0	149	119	164	108	101	73	21	118	54	127	193	138	142	143	80	117	77	142	49	64	58	49	55	84	70	146	114	118	195	217	186	182	187	172	103	120	198	112	214	149	36	116	76	95	153	41	59	90	176	113	109	134	116	110	74	93	
93	151	37	93	25	45	102	63	149	215	176	188	202	119	74	234	127	93	111	161	95	109	136	176	178	154	181	149	0	158	174	159	151	222	166	236	200	133	163	109	107	112	115	65	73	9	177	203	184	191	199	145	176	196	197	174	169	146	162	201	168	254	217	214	68	40	114	52	113	70	223	122	182	116	158	140	148	134	154	122	96	97	75	92	
90	28	181	82	137	125	202	108	179	222	168	145	103	46	97	145	113	133	72	78	75	77	199	191	185	114	105	119	158	0	45	14	18	163	114	236	160	30	84	62	66	63	174	175	127	157	93	177	91	163	165	35	68	39	51	20	84	126	76	63	74	97	90	69	225	147	146	118	115	88	143	191	260	133	176	196	262	210	216	221	62	61	112	68	
126	72	189	83	150	134	235	136	221	266	213	189	145	55	127	186	155	169	111	123	109	116	238	234	229	158	150	164	174	45	0	58	63	208	159	281	204	45	48	65	68	63	212	205	160	176	137	222	135	207	210	80	112	46	84	56	45	98	39	27	35	106	127	99	241	173	129	126	155	105	186	228	299	173	219	235	295	248	256	255	80	82	145	97	
84	15	184	89	139	129	195	105	169	210	156	131	89	54	93	131	102	125	65	65	71	70	190	179	174	102	92	108	159	14	58	0	8	150	101	223	146	40	98	70	74	72	166	171	122	157	79	164	77	150	152	24	55	43	42	16	98	139	89	74	88	95	79	61	225	145	156	122	106	90	129	183	251	124	165	186	256	202	207	214	66	63	107	67	
76	10	177	85	132	123	187	97	162	204	150	127	88	50	85	130	95	117	57	61	63	62	183	173	167	96	88	101	151	18	63	8	0	147	97	218	142	38	99	66	70	69	158	163	114	150	76	160	75	145	148	17	53	51	48	24	100	138	91	81	90	103	81	66	218	137	152	116	98	83	128	175	243	116	158	179	248	194	199	206	60	56	99	59	
136	137	258	212	219	223	179	164	106	92	65	35	66	188	155	40	95	131	128	88	145	127	142	89	81	70	59	73	222	163	208	150	147	0	60	93	27	181	246	200	204	205	136	185	150	215	71	43	73	41	34	132	96	176	134	153	246	279	238	219	237	176	99	129	269	185	282	220	109	186	29	147	182	109	92	133	224	158	145	186	181	175	147	160	
77	87	202	153	160	163	142	105	84	110	58	31	50	132	96	69	40	80	68	37	85	67	116	84	77	13	23	21	166	114	159	101	97	60	0	122	47	126	192	142	146	147	100	138	95	160	31	63	40	49	51	80	56	137	100	109	194	221	185	175	185	156	84	104	218	130	222	160	54	126	57	115	170	61	74	109	196	132	127	154	122	116	91	100	
176	209	272	260	243	253	155	193	88	22	70	93	154	247	190	133	133	147	179	159	190	175	110	60	59	123	136	118	236	236	281	223	218	93	122	0	81	245	311	254	258	260	123	179	168	228	148	60	154	74	73	201	175	257	218	231	313	332	304	297	305	267	190	218	261	196	324	253	140	227	122	122	117	127	78	103	176	123	100	150	232	226	174	208	
119	133	237	198	199	205	153	144	80	73	38	16	74	179	137	62	76	108	114	82	129	111	116	64	56	53	56	54	200	160	204	146	142	27	47	81	0	173	239	189	193	194	110	160	128	193	69	21	74	15	9	126	95	177	138	152	241	268	232	218	232	187	110	137	244	162	267	203	88	170	49	120	157	85	66	107	198	132	119	159	168	162	127	146	
82	46	154	52	111	98	190	91	179	230	176	157	125	16	82	167	115	125	69	93	65	74	194	195	191	123	122	127	133	30	45	40	38	181	126	245	173	0	66	32	36	33	168	160	115	134	111	189	111	174	177	49	90	64	81	50	68	100	59	71	60	126	118	99	201	129	116	90	113	63	164	184	255	131	179	192	250	204	213	210	37	38	100	52	
142	109	170	72	138	119	242	142	242	295	242	223	187	65	137	229	180	184	134	159	126	138	253	260	256	189	187	193	163	84	48	98	99	246	192	311	239	66	0	64	62	58	227	207	171	168	175	255	174	240	243	114	152	93	130	100	6	53	9	62	13	152	172	146	227	174	90	111	176	105	227	242	313	194	243	252	299	261	272	263	86	91	156	109	
80	72	125	20	85	69	179	79	180	237	184	173	149	16	74	191	121	121	76	113	65	79	190	200	198	136	142	138	109	62	65	70	66	200	142	254	189	32	64	0	5	6	164	145	107	111	132	202	134	187	192	72	114	95	112	82	68	80	59	92	64	157	147	130	176	112	87	61	116	43	186	179	250	132	182	189	237	197	209	200	23	29	93	47	
83	77	122	16	83	66	180	80	183	240	188	177	154	20	76	196	125	124	80	118	68	83	192	203	201	140	147	142	107	66	68	74	70	204	146	258	193	36	62	5	0	5	166	145	109	110	136	206	139	191	196	77	119	98	116	86	67	76	58	95	64	161	151	134	174	112	82	58	119	43	190	181	252	135	185	192	237	199	211	201	26	32	95	50	
86	76	126	20	87	71	184	84	186	242	190	178	153	19	79	195	127	127	81	118	70	85	195	205	203	141	147	143	112	63	63	72	69	205	147	260	194	33	58	6	5	0	169	150	113	114	136	207	138	192	197	76	118	95	114	83	63	74	54	90	59	158	150	132	178	117	84	63	121	48	190	184	255	137	188	195	242	203	214	205	29	34	98	52	
87	151	151	162	126	141	43	87	36	101	74	103	150	163	90	164	69	43	102	122	103	97	26	64	68	88	123	80	115	174	212	166	158	136	100	123	110	168	227	164	166	169	0	57	58	107	128	103	137	96	104	142	144	208	185	179	231	234	222	236	225	247	182	195	141	76	216	143	61	126	150	17	87	44	49	26	97	36	45	54	141	137	71	119	
88	159	97	137	82	100	38	69	93	158	128	150	184	150	79	206	98	58	109	147	100	104	73	121	125	125	157	117	65	175	205	171	163	185	138	179	160	160	207	145	145	150	57	0	50	56	159	157	167	148	156	150	168	213	201	186	212	202	203	231	209	262	209	215	85	34	175	105	85	102	193	60	118	77	105	78	92	69	91	59	125	123	64	109	
39	110	110	104	75	86	75	29	83	148	104	115	138	108	34	164	55	22	59	99	52	55	84	109	109	82	114	77	73	127	160	122	114	150	95	168	128	115	171	107	109	113	58	50	0	66	113	130	121	118	126	101	119	165	151	138	175	176	166	185	170	213	160	165	123	35	159	87	41	68	152	72	143	43	90	84	135	90	103	95	85	81	15	64	
89	149	45	97	30	50	94	58	140	206	168	181	197	121	70	228	120	86	107	156	92	105	127	168	170	147	175	142	9	157	176	157	150	215	160	228	193	134	168	111	110	114	107	56	66	0	172	195	179	183	191	143	172	196	195	173	173	152	165	203	172	252	214	212	68	32	121	57	106	71	217	114	174	108	150	131	140	125	146	114	97	97	69	91	
84	66	211	146	167	166	168	114	115	139	88	55	25	119	103	60	61	101	68	19	85	69	146	115	108	40	13	49	177	93	137	79	76	71	31	148	69	111	175	132	136	136	128	159	113	172	0	89	9	75	76	62	27	109	70	83	175	210	167	150	166	125	54	73	235	147	217	162	74	126	54	144	201	86	105	139	225	161	157	182	115	109	104	98	
128	150	240	210	204	211	145	150	69	52	29	34	95	193	145	82	84	110	126	100	140	123	104	48	40	66	76	64	203	177	222	164	160	43	63	60	21	189	255	202	206	207	103	157	130	195	89	0	94	15	13	143	115	197	158	171	257	281	248	238	248	208	131	158	242	164	278	210	94	180	68	111	140	87	55	96	185	121	105	148	180	174	133	157	
91	66	218	149	173	172	177	121	123	145	96	61	18	121	110	57	70	110	74	24	91	76	155	123	116	49	19	58	184	91	135	77	75	73	40	154	74	111	174	134	139	138	137	167	121	179	9	94	0	81	81	63	23	104	64	80	175	211	166	146	165	117	45	65	242	154	220	167	83	131	53	153	210	95	114	148	234	170	166	191	119	113	111	103	
113	135	228	195	191	198	139	137	65	64	24	20	84	178	131	76	69	98	111	85	125	108	101	49	41	51	63	49	191	163	207	150	145	41	49	74	15	174	240	187	191	192	96	148	118	183	75	15	81	0	8	128	102	184	145	157	242	266	233	223	233	197	121	146	232	152	263	196	81	165	63	106	142	75	51	92	183	117	104	145	165	159	120	142	
120	138	236	201	199	205	147	144	73	65	31	21	82	182	138	70	76	106	116	87	131	114	109	56	48	56	63	55	199	165	210	152	148	34	51	73	9	177	243	192	196	197	104	156	126	191	76	13	81	8	0	131	102	184	145	158	245	271	236	225	236	195	118	145	240	160	269	203	88	171	57	114	149	83	59	100	191	125	112	152	170	164	127	148	
62	9	173	89	128	121	173	87	145	187	133	111	77	58	75	119	78	102	42	45	52	47	166	156	150	79	74	84	145	35	80	24	17	132	80	201	126	49	114	72	77	76	142	150	101	143	62	143	63	128	131	0	42	66	52	37	115	149	106	98	106	112	78	69	210	126	159	115	82	80	115	159	227	100	141	162	234	178	183	191	60	56	86	53	
84	44	208	131	163	159	182	114	136	165	114	82	35	100	102	77	75	112	65	22	81	68	165	139	133	62	39	70	176	68	112	55	53	96	56	175	95	90	152	114	119	118	144	168	119	172	27	115	23	102	102	42	0	82	45	57	152	190	144	123	142	103	42	51	238	150	201	153	86	117	75	161	222	100	129	159	240	180	178	197	102	96	107	89	
127	57	218	114	174	162	238	146	210	246	194	164	111	80	135	149	143	168	108	100	113	113	232	218	212	139	121	146	196	39	46	43	51	176	137	257	177	64	93	95	98	95	208	213	165	196	109	197	104	184	184	66	82	0	44	29	90	144	85	44	80	63	86	56	264	186	171	154	148	126	152	225	293	166	205	228	299	244	249	257	100	99	150	107	
113	46	224	131	179	170	220	139	180	209	158	125	68	96	127	106	117	149	92	66	104	97	207	184	177	106	82	114	197	51	84	42	48	134	100	218	138	81	130	112	116	114	185	201	151	195	70	158	64	145	145	52	45	44	0	31	128	176	121	87	118	62	43	19	262	178	197	163	125	130	108	202	265	142	173	202	280	221	221	237	107	104	137	105	
99	28	199	102	154	144	210	121	181	218	165	138	89	66	109	130	114	139	79	72	86	84	203	189	184	111	96	118	174	20	56	16	24	153	109	231	152	50	100	82	86	83	179	186	138	173	83	171	80	157	158	37	57	29	31	0	99	145	92	67	89	80	72	49	241	161	166	136	119	105	130	196	264	137	176	199	271	215	220	228	80	78	123	83	
145	109	176	77	144	125	247	147	245	297	244	225	187	68	141	228	182	188	136	160	129	140	257	262	258	191	188	195	169	84	45	98	100	246	194	313	241	68	6	68	67	63	231	212	175	173	175	257	175	242	245	115	152	90	128	99	0	58	9	57	10	148	171	144	233	179	96	117	179	110	227	246	317	197	245	255	304	265	276	268	90	94	160	112	
157	146	141	73	122	102	239	147	256	315	263	252	225	91	146	267	199	194	155	192	142	158	260	277	275	215	221	217	146	126	98	139	138	279	221	332	268	100	53	80	76	74	234	202	176	152	210	281	211	266	271	149	190	144	176	145	58	0	60	115	66	204	216	194	201	168	44	97	193	109	264	247	316	208	259	260	291	264	279	260	101	107	164	125	
136	101	170	69	137	118	238	138	236	288	235	216	178	59	132	220	173	179	127	151	120	131	248	253	249	182	179	186	162	76	39	89	91	238	185	304	232	59	9	59	58	54	222	203	166	165	167	248	166	233	236	106	144	85	121	92	9	60	0	56	8	145	164	138	226	170	95	110	170	101	218	237	308	188	236	246	295	256	267	259	81	85	151	103	
150	89	216	110	177	161	260	162	242	284	230	204	154	82	152	193	175	193	134	138	134	139	261	253	248	176	162	182	201	63	27	74	81	219	175	297	218	71	62	92	95	90	236	231	185	203	150	238	146	223	225	98	123	44	87	67	57	115	56	0	49	92	130	99	268	200	150	153	177	132	195	252	322	195	239	258	320	272	278	280	107	108	170	122	
139	100	177	75	143	125	242	142	239	290	236	216	177	62	136	219	175	182	129	151	123	134	251	255	251	183	178	187	168	74	35	88	90	237	185	305	232	60	13	64	64	59	225	209	170	172	166	248	165	233	236	106	142	80	118	89	10	66	8	49	0	139	161	134	233	176	102	117	173	107	217	241	312	190	239	250	301	260	270	263	85	89	155	107	
174	104	278	177	234	222	282	199	238	260	212	177	113	142	187	139	178	211	154	125	164	158	268	240	232	164	135	172	254	97	106	95	103	176	156	267	187	126	152	157	161	158	247	262	213	252	125	208	117	197	195	112	103	63	62	80	148	204	145	92	139	0	77	52	320	238	234	215	186	184	147	263	325	203	230	262	342	282	281	299	159	157	198	162	
126	75	249	165	203	198	221	156	168	183	138	101	37	131	144	66	114	152	107	62	122	110	200	165	158	94	62	103	217	90	127	79	81	99	84	190	110	118	172	147	151	150	182	209	160	214	54	131	45	121	118	78	42	86	43	72	171	216	164	130	161	77	0	32	280	192	233	192	126	156	71	197	254	139	158	193	278	215	211	236	138	133	149	129	
128	63	242	150	197	189	232	155	186	210	161	126	64	114	143	97	126	161	107	73	120	111	216	188	181	112	84	120	214	69	99	61	66	129	104	218	137	99	146	130	134	132	195	215	165	212	73	158	65	146	145	69	51	56	19	49	144	194	138	99	134	52	32	0	279	194	215	182	136	148	102	212	273	151	178	210	291	231	229	248	126	122	152	122	
154	217	60	159	91	108	107	124	177	239	213	234	260	187	136	287	178	138	173	220	159	170	151	205	209	205	236	198	68	225	241	225	218	269	218	261	244	201	227	176	174	178	141	85	123	68	235	242	242	232	240	210	238	264	262	241	233	201	226	268	233	320	280	279	0	88	161	116	164	138	274	139	178	160	189	158	123	142	165	118	164	165	131	159	
66	134	77	103	51	68	71	40	109	175	136	150	172	118	52	199	90	54	87	132	75	83	98	136	138	117	148	112	40	147	173	145	137	185	130	196	162	129	174	112	112	117	76	34	35	32	147	164	154	152	160	126	150	186	178	161	179	168	170	200	176	238	192	194	88	0	143	72	76	69	187	85	150	77	118	102	126	98	117	92	93	92	43	79	
150	159	101	71	93	76	213	132	242	305	256	252	236	102	134	277	194	179	154	198	138	156	240	266	265	214	226	214	114	146	129	156	152	282	222	324	267	116	90	87	82	84	216	175	159	121	217	278	220	263	269	159	201	171	197	166	96	44	95	150	102	234	233	215	161	143	0	73	185	98	271	227	293	197	247	242	261	241	259	234	102	108	150	122	
84	119	64	43	27	8	143	60	170	233	187	188	185	74	66	222	127	107	94	144	77	94	167	194	194	150	169	149	52	118	126	122	116	220	160	253	203	90	111	61	58	63	143	105	87	57	162	210	167	196	203	115	153	154	163	136	117	97	110	153	117	215	192	182	116	72	73	0	116	36	214	154	222	126	176	169	195	170	187	164	56	60	79	64	
36	91	150	120	111	117	96	56	66	122	72	75	99	111	51	123	14	27	44	64	51	39	85	84	82	41	73	36	113	115	155	106	98	109	54	140	88	113	176	116	119	121	61	85	41	106	74	94	83	81	88	82	86	148	125	119	179	193	170	177	173	186	126	136	164	76	185	116	0	87	111	78	145	18	67	81	156	97	101	113	93	87	39	69	
52	85	95	37	50	42	137	39	147	208	159	155	149	50	37	186	96	85	59	108	42	59	152	169	168	117	134	116	70	88	105	90	83	186	126	227	170	63	105	43	43	48	126	102	68	71	126	180	131	165	171	80	117	126	130	105	110	109	101	132	107	184	156	148	138	69	98	36	87	0	179	140	210	100	151	152	194	157	171	158	26	27	55	28	
132	119	259	200	216	218	193	162	124	120	85	48	41	173	152	14	97	136	120	73	137	120	160	112	104	70	45	76	223	143	186	129	128	29	57	122	49	164	227	186	190	190	150	193	152	217	54	68	53	63	57	115	75	152	108	130	227	264	218	195	217	147	71	102	274	187	271	214	111	179	0	163	205	116	112	152	243	177	166	202	169	163	148	151	
103	168	156	176	136	151	34	101	42	100	83	115	165	179	105	176	86	59	119	139	119	114	14	67	73	104	138	95	122	191	228	183	175	147	115	122	120	184	242	179	181	184	17	60	72	114	144	111	153	106	114	159	161	225	202	196	246	247	237	252	241	263	197	212	139	85	227	154	78	140	163	0	71	61	56	19	81	20	33	40	156	152	86	134	
174	236	211	247	200	218	80	172	87	101	120	159	219	250	176	218	150	130	188	200	190	183	61	93	101	161	193	153	182	260	299	251	243	182	170	117	157	255	313	250	252	255	87	118	143	174	201	140	210	142	149	227	222	293	265	264	317	316	308	322	312	325	254	273	178	150	293	222	145	210	205	71	0	127	96	65	65	53	44	62	227	223	157	205	
52	109	153	135	118	126	82	66	49	108	61	74	110	129	63	129	25	23	62	78	68	57	67	69	68	48	83	41	116	133	173	124	116	109	61	127	85	131	194	132	135	137	44	77	43	108	86	87	95	75	83	100	100	166	142	137	197	208	188	195	190	203	139	151	160	77	197	126	18	100	116	61	127	0	51	63	140	80	83	97	109	103	47	85	
102	150	195	186	165	176	90	116	14	58	28	64	123	178	114	126	64	69	110	107	118	105	50	19	20	67	97	59	158	176	219	165	158	92	74	78	66	179	243	182	185	188	49	105	90	150	105	55	114	51	59	141	129	205	173	176	245	259	236	239	239	230	158	178	189	118	247	176	67	151	112	56	96	51	0	41	132	66	55	94	159	154	97	136	
111	171	174	188	152	167	53	113	28	81	69	105	159	188	116	166	86	68	124	137	128	119	9	50	57	99	132	90	140	196	235	186	179	133	109	103	107	192	252	189	192	195	26	78	84	131	139	96	148	92	100	162	159	228	202	199	255	260	246	258	250	262	193	210	158	102	242	169	81	152	152	19	65	63	41	0	91	25	21	53	166	161	97	143	
173	243	168	229	170	189	61	160	119	158	160	195	246	242	168	257	165	132	192	218	187	187	83	137	145	185	219	176	148	262	295	256	248	224	196	176	198	250	299	237	237	242	97	92	135	140	225	185	234	183	191	234	240	299	280	271	304	291	295	320	301	342	278	291	123	126	261	195	156	194	243	81	65	140	132	91	0	66	81	43	217	214	150	198	
123	187	165	194	149	166	35	119	53	102	94	130	182	198	124	191	105	79	138	158	139	133	17	74	81	121	155	113	134	210	248	202	194	158	132	123	132	204	261	197	199	203	36	69	90	125	161	121	170	117	125	178	180	244	221	215	265	264	256	272	260	282	215	231	142	98	241	170	97	157	177	20	53	80	66	25	66	0	24	28	175	171	105	153	
131	192	187	207	168	184	58	132	43	79	81	119	176	208	135	180	106	88	145	156	148	140	20	57	65	117	150	109	154	216	256	207	199	145	127	100	119	213	272	209	211	214	45	91	103	146	157	105	166	104	112	183	178	249	221	220	276	279	267	278	270	281	211	229	165	117	259	187	101	171	166	33	44	83	55	21	81	24	0	50	186	182	116	164	
131	200	149	193	141	159	21	121	80	129	121	155	204	203	129	216	122	89	150	175	147	145	44	102	109	142	177	134	122	221	255	214	206	186	154	150	159	210	263	200	201	205	54	59	95	114	182	148	191	145	152	191	197	257	237	228	268	260	259	280	263	299	236	248	118	92	234	164	113	158	202	40	62	97	94	53	43	28	50	0	178	175	110	159	
57	63	119	31	75	64	157	57	157	214	162	152	135	25	51	175	99	98	54	96	42	57	167	177	175	115	125	116	96	62	80	66	60	181	122	232	168	37	86	23	26	29	141	125	85	97	115	180	119	165	170	60	102	100	107	80	90	101	81	107	85	159	138	126	164	93	102	56	93	26	169	156	227	109	159	166	217	175	186	178	0	6	70	24	
52	59	121	37	77	67	154	54	152	208	156	146	130	28	47	169	93	94	48	91	36	51	163	171	169	109	119	110	97	61	82	63	56	175	116	226	162	38	91	29	32	34	137	123	81	97	109	174	113	159	164	56	96	99	104	78	94	107	85	108	89	157	133	122	165	92	108	60	87	27	163	152	223	103	154	161	214	171	182	175	6	0	66	18	
24	95	111	92	72	79	90	19	92	155	108	113	129	93	19	159	52	30	45	89	37	41	97	116	115	79	106	74	75	112	145	107	99	147	91	174	127	100	156	93	95	98	71	64	15	69	104	133	111	120	127	86	107	150	137	123	160	164	151	170	155	198	149	152	131	43	150	79	39	55	148	86	157	47	97	97	150	105	116	110	70	66	0	49	
34	59	121	53	75	70	138	40	134	191	139	130	121	45	30	158	75	76	32	80	18	35	145	153	151	93	106	93	92	68	97	67	59	160	100	208	146	52	109	47	50	52	119	109	64	91	98	157	103	142	148	53	89	107	105	83	112	125	103	122	107	162	129	122	159	79	122	64	69	28	151	134	205	85	136	143	198	153	164	159	24	18	49	0	
EDGE_TRAVEL_TIME_SECTION
0	142	255	169	169	173	224	61	201	315	214	207	217	155	40	283	88	88	41	135	34	34	226	240	236	132	177	130	186	180	251	167	151	273	153	352	237	163	285	161	167	172	174	176	77	177	168	255	182	227	239	125	169	253	226	198	291	315	273	299	279	348	252	255	307	133	300	168	72	104	264	206	347	104	204	221	346	245	262	263	115	104	49	67	
142	0	358	181	267	251	364	189	307	390	283	235	159	115	165	243	174	223	102	101	119	112	351	328	317	173	157	185	303	55	145	30	20	275	174	417	265	92	218	145	154	152	304	318	219	299	133	300	132	271	276	19	88	115	91	56	219	292	201	179	200	208	150	126	435	269	318	238	182	169	237	337	472	218	299	343	486	376	384	401	127	119	190	118	
255	358	0	212	91	112	264	194	370	502	426	449	472	276	216	538	327	261	288	389	254	285	339	425	430	380	431	372	74	362	378	368	354	518	404	545	475	307	339	250	244	253	301	193	219	90	423	480	436	456	472	347	416	435	449	398	351	281	340	432	354	557	498	484	120	154	202	128	299	189	518	312	423	306	390	349	337	331	374	299	238	242	223	241	
169	181	212	0	137	102	345	150	366	484	382	366	331	72	146	412	255	243	169	254	141	174	376	409	405	290	311	292	187	164	166	178	169	423	305	521	397	103	143	40	33	41	325	273	208	193	291	420	298	391	402	178	262	229	262	203	153	146	138	220	150	355	331	299	318	206	142	86	241	73	399	353	493	271	372	377	458	388	415	387	62	74	183	105	
169	267	91	137	0	39	241	110	313	444	358	370	382	192	129	452	247	193	198	299	164	196	298	366	368	298	345	292	51	274	300	278	264	438	321	486	398	222	276	169	165	174	253	165	150	61	334	409	346	383	397	256	326	349	358	309	287	244	273	354	286	468	407	393	182	102	186	54	222	99	433	271	401	235	329	304	341	299	337	282	150	153	144	150	
173	251	112	102	39	0	277	122	337	466	375	380	379	164	135	452	258	214	196	297	161	196	329	388	389	305	346	302	90	251	268	259	246	446	326	507	409	195	239	138	133	142	281	201	171	100	333	423	344	396	410	242	317	323	341	288	250	205	236	322	250	446	396	377	217	136	151	17	235	83	435	302	435	253	351	334	379	332	368	318	127	133	159	139	
224	364	264	345	241	277	0	200	152	267	233	293	383	364	216	414	215	143	262	321	254	252	90	204	215	259	329	243	204	404	470	391	375	359	284	310	306	380	484	358	360	368	87	76	149	188	337	289	355	278	295	346	365	477	440	420	493	478	476	521	485	564	442	464	214	142	426	286	193	273	387	69	161	165	179	105	122	70	117	43	315	309	180	277	
61	189	194	150	110	122	200	0	221	347	253	260	278	164	25	344	138	96	98	196	71	93	226	269	268	188	237	182	125	216	272	210	194	328	211	387	289	183	285	158	161	169	175	137	58	117	229	301	243	274	288	174	228	292	278	241	293	293	276	324	285	397	311	310	249	80	263	121	113	77	324	203	343	132	232	227	319	238	265	242	115	109	37	80	
201	307	370	366	313	337	152	221	0	132	83	154	267	355	221	277	133	125	220	229	233	211	72	56	65	149	213	133	297	358	442	337	323	213	167	175	159	358	485	362	367	373	72	186	166	281	229	138	247	130	146	289	272	420	360	361	491	512	472	484	478	477	335	373	353	217	484	339	132	295	249	83	173	97	28	56	237	106	86	160	315	305	185	268	
315	390	502	484	444	466	267	347	132	0	107	168	295	461	342	265	232	252	324	293	345	316	177	78	80	217	253	206	429	444	533	420	408	184	219	44	148	459	591	474	480	485	202	315	295	413	277	105	290	127	131	374	329	492	418	436	595	629	576	568	579	521	368	420	479	349	610	467	243	416	240	201	202	216	115	162	315	203	159	259	428	417	310	381	
214	283	426	382	358	375	233	253	83	107	0	78	203	355	245	198	127	166	218	189	242	211	155	55	40	110	155	99	352	337	426	313	301	130	115	140	77	352	484	370	377	381	149	256	209	337	177	57	192	47	63	267	227	387	316	331	488	527	469	461	472	426	276	322	426	273	512	374	143	317	171	166	240	123	55	138	319	189	162	242	325	313	217	278	
207	235	449	366	370	380	293	260	154	168	78	0	128	326	245	123	123	192	197	134	227	192	225	133	117	76	86	79	375	290	379	263	254	71	63	187	32	316	448	345	354	356	207	301	231	362	111	67	123	41	41	222	164	329	251	276	450	504	432	409	433	354	201	252	468	301	503	375	150	310	95	231	318	148	128	209	390	259	237	310	304	292	227	261	
217	159	472	331	382	379	383	278	267	295	203	128	0	272	256	84	171	252	184	83	219	187	333	258	243	124	55	141	403	206	290	178	177	132	101	309	148	251	374	299	309	308	301	367	275	394	50	191	36	168	164	155	71	221	135	178	373	451	357	307	354	226	73	128	519	343	472	369	198	297	82	331	439	219	246	319	494	366	353	409	271	260	258	241	
155	115	276	72	192	164	364	164	355	461	355	326	272	0	149	355	230	240	138	202	122	146	378	390	383	253	260	259	239	92	111	108	101	377	263	495	357	32	131	32	41	37	326	300	217	241	238	386	241	356	365	117	201	160	192	132	136	182	118	165	124	284	264	229	374	236	204	148	223	100	346	358	499	258	356	376	483	396	416	405	50	55	187	89	
40	165	216	146	129	135	216	25	221	342	245	245	256	149	0	323	123	97	74	173	46	69	233	265	263	171	216	167	148	194	254	186	170	312	193	381	274	164	274	147	151	158	181	158	68	141	207	290	220	262	275	149	204	270	254	218	282	291	264	305	272	373	287	285	273	104	268	131	102	74	304	211	353	127	228	232	337	248	272	257	102	94	39	61	
283	243	538	412	452	452	414	344	277	265	198	123	84	355	323	0	218	298	256	158	291	257	348	252	235	164	107	177	467	289	372	262	261	81	138	267	124	335	458	382	391	390	327	412	329	456	121	163	114	153	141	238	155	299	212	260	457	535	441	386	437	279	132	195	574	400	554	444	247	373	28	353	438	258	251	332	513	382	360	432	351	339	318	317	
88	174	327	255	247	258	215	138	133	232	127	123	171	230	123	218	0	81	92	107	115	84	181	161	153	54	119	45	254	225	310	204	190	192	80	267	151	230	360	243	250	254	138	197	112	241	123	167	140	139	152	156	151	287	233	228	364	400	346	351	350	355	227	252	356	183	388	254	29	192	194	171	300	51	128	171	331	210	211	245	198	186	105	151	
88	223	261	243	193	214	143	96	125	252	166	192	252	240	97	298	81	0	121	182	121	111	138	174	175	134	200	121	187	265	339	250	234	263	160	294	216	251	369	243	248	254	86	116	43	172	202	219	220	196	212	204	224	336	298	279	376	387	357	387	364	421	304	322	277	109	359	215	54	170	274	119	259	45	137	136	264	157	176	179	197	187	60	151	
41	102	288	169	198	196	262	98	220	324	218	197	184	138	74	256	92	121	0	101	35	10	255	253	245	121	150	124	222	144	222	129	113	256	137	358	228	138	268	152	159	163	205	217	118	215	137	252	148	222	233	84	130	215	185	158	272	310	254	267	258	307	213	214	347	174	308	188	89	117	240	238	377	125	219	249	384	277	290	300	108	96	90	65	
135	101	389	254	299	297	321	196	229	293	189	134	83	202	173	158	107	182	101	0	136	104	286	238	226	81	58	97	321	156	246	129	121	175	74	318	164	187	318	227	236	236	245	295	199	312	37	200	47	171	175	90	45	199	131	143	319	384	301	276	301	250	123	146	441	265	396	287	129	215	145	278	401	158	215	274	437	315	313	351	193	181	178	159	
34	119	254	141	164	161	254	71	233	345	242	227	219	122	46	291	115	121	35	136	0	36	259	271	266	152	185	152	191	151	218	141	125	289	169	381	258	130	252	130	135	141	207	201	105	185	172	280	183	251	262	103	162	226	208	173	258	285	239	268	246	327	244	239	319	150	276	153	103	83	275	239	380	136	236	255	375	278	296	294	83	72	74	36	
34	112	285	174	196	196	252	93	211	316	211	192	187	146	69	257	84	111	10	104	36	0	245	244	237	117	150	118	217	154	232	139	123	254	134	350	223	148	276	159	166	170	195	208	109	210	138	246	151	217	228	94	135	225	193	168	281	316	262	277	267	316	219	222	341	167	312	188	79	119	240	228	367	115	210	239	374	267	280	290	114	102	82	69	
226	351	339	376	298	329	90	226	72	177	155	225	333	378	233	348	181	138	255	286	259	245	0	117	130	211	278	194	271	399	476	380	365	285	232	220	231	389	507	380	384	391	52	146	168	254	292	208	310	202	218	333	330	466	414	407	514	519	495	522	502	535	399	432	303	196	480	335	169	303	320	27	122	133	100	17	165	34	39	88	334	325	195	289	
240	328	425	409	366	388	204	269	56	78	55	133	258	390	265	252	161	174	253	238	271	244	117	0	17	157	209	143	352	382	468	358	346	179	168	120	128	390	520	401	406	412	128	242	217	336	230	96	246	99	112	311	279	436	368	378	525	554	506	507	510	480	331	376	409	272	532	389	169	339	224	135	187	139	37	100	275	149	114	205	354	343	232	307	
236	317	430	405	368	389	215	268	65	80	40	117	243	383	263	235	153	175	245	226	266	237	130	17	0	145	194	132	356	371	459	347	335	162	154	119	111	382	513	395	401	406	137	250	218	340	216	80	231	82	95	301	265	424	354	367	517	550	499	496	502	465	316	362	418	276	530	389	164	337	207	146	203	136	40	113	290	163	130	218	349	338	231	302	
132	173	380	290	298	305	259	188	149	217	110	76	124	253	171	164	54	134	121	81	152	117	211	157	145	0	70	17	307	228	317	203	192	141	26	245	107	246	379	272	279	282	177	249	166	295	81	133	99	103	112	158	123	279	212	222	382	430	363	352	366	328	188	224	410	237	428	300	83	234	140	207	322	97	134	198	370	242	235	285	229	217	158	186	
177	157	431	311	345	346	329	237	213	253	155	86	55	260	216	107	119	200	150	58	185	150	278	209	194	70	0	87	362	210	300	183	177	118	46	272	113	245	375	284	293	294	246	316	227	351	26	153	37	126	126	147	79	244	165	192	376	442	358	325	357	271	123	168	472	297	452	338	147	267	90	276	386	166	193	264	439	311	299	354	249	237	213	213	
130	185	372	292	292	302	243	182	133	206	99	79	141	259	167	177	45	121	124	97	152	118	194	143	132	17	87	0	298	239	327	215	203	147	42	237	108	254	386	276	283	286	160	235	155	285	98	129	116	99	110	169	140	293	228	235	390	434	371	364	374	345	205	241	398	226	428	297	73	233	153	190	306	81	118	181	353	225	218	268	232	220	150	187	
186	303	74	187	51	90	204	125	297	429	352	375	403	239	148	467	254	187	222	321	191	217	271	352	356	307	362	298	0	316	348	317	302	445	332	472	401	267	327	218	214	223	231	129	145	17	354	406	368	382	398	290	352	392	394	348	338	292	324	402	337	508	435	428	135	80	228	105	226	141	446	244	365	232	316	280	295	267	309	243	193	195	150	185	
180	55	362	164	274	251	404	216	358	444	337	290	206	92	194	289	225	265	144	156	151	154	399	382	371	228	210	239	316	0	90	28	36	327	229	472	320	61	169	124	133	127	349	351	256	315	185	355	182	326	331	71	137	77	102	40	168	253	152	126	149	195	181	139	451	295	292	236	230	175	286	382	521	267	352	392	526	421	433	443	125	121	225	136	
251	145	378	166	300	268	470	272	442	533	426	379	290	111	254	372	310	339	222	246	218	232	476	468	459	317	300	327	348	90	0	117	125	415	318	561	410	90	95	131	135	126	425	409	321	351	274	445	270	415	420	159	224	91	168	112	90	197	79	54	70	212	254	199	482	347	258	251	311	211	372	457	598	347	438	471	590	496	512	510	160	164	290	193	
167	30	368	178	278	259	391	210	337	420	313	263	178	108	186	262	204	250	129	129	141	139	380	358	347	203	183	215	317	28	117	0	16	299	203	446	293	80	196	140	149	145	332	342	244	315	158	329	154	300	304	48	109	86	84	32	195	277	179	149	176	191	157	121	451	290	311	244	211	179	259	366	502	248	329	373	513	405	414	429	132	126	214	134	
151	20	354	169	264	246	375	194	323	408	301	254	177	101	170	261	190	234	113	121	125	123	365	346	335	192	177	203	302	36	125	16	0	294	193	436	285	75	199	132	141	138	317	326	228	299	152	320	151	290	295	35	106	102	95	48	199	275	182	161	181	206	163	132	435	274	305	232	196	165	256	351	487	233	317	358	497	390	399	413	119	113	198	118	
273	275	518	423	438	446	359	328	213	184	130	71	132	377	312	81	192	263	256	175	289	254	285	179	162	141	118	147	445	327	415	299	294	0	120	187	54	362	492	400	408	409	273	371	301	432	142	85	146	83	68	265	191	352	267	305	493	558	476	437	475	352	199	259	538	371	564	440	219	372	58	294	364	219	185	268	449	319	291	372	361	349	297	321	
153	174	404	305	321	326	284	211	167	219	115	63	101	263	193	138	80	160	137	74	169	134	232	168	154	26	46	42	332	229	318	203	193	120	0	244	94	253	386	284	292	294	201	275	192	320	63	127	80	97	103	160	112	273	201	217	388	443	370	350	371	313	168	209	436	263	445	321	109	252	115	230	340	122	149	218	393	265	253	308	243	231	182	202	
