NAME:	instance_19-triangle
TYPE:	VRPRDL
DIMENSION:	61
CAPACITY:	750
TIME_HORIZON:	720
NUM_CUSTOMERS:	31
NODE_COORD_SECTION
1	0.0	0.0
2	1.35012710826	153.137495832
3	51.7611640398	-22.2194038532
4	0.635037364581	-88.9295763156
5	38.1637718515	-44.2017594806
6	42.153847104	-72.2898388195
7	39.0870426885	-66.3643112048
8	45.0964318486	79.4571546196
9	41.84029389	64.2099712614
10	82.8735098054	-24.6063705719
11	11.2501648823	-16.1784045095
12	4.93548710391	29.7495620575
13	-37.3610283624	-39.0685177996
14	-51.5248520549	10.7100470935
15	-58.4901857683	15.6084766186
16	51.6293935644	-55.5868820917
17	-9.13391057837	-7.60275608562
18	29.5624299521	29.9093657841
19	-49.6633960906	147.821032234
20	24.5740047904	-42.9829849153
21	67.8840870952	32.134356819
22	-14.781702478	-15.4937303022
23	-24.6539333865	-45.3940016062
24	34.2881785843	12.4545257842
25	-38.8143056084	-20.7897811816
26	1.90419471307	11.7414286529
27	-21.063553953	90.6721102065
28	-13.1334632615	-38.2634869873
29	-1.04745893206	57.7344487469
30	75.0990826093	32.4812254163
31	48.8045770729	-43.1722155077
32	-37.4414724706	61.7885400024
33	28.3874340671	20.307535237
34	-12.3308561497	48.8130967212
35	-53.7797092344	109.505718945
36	-3.2559976768	13.5410520837
37	24.641565663	50.8800933017
38	24.2586570088	-9.73041737527
39	37.5202797683	21.8202295737
40	55.0558568803	96.4069650884
41	93.4371819622	45.1191868262
42	21.3707554363	-49.6398346243
43	-91.9891568018	-10.8110480325
44	0.108844261617	28.469998663
45	-73.3101194232	57.8233562755
46	10.3724324867	151.281438726
47	-14.7078425362	5.08627066392
48	-28.1540218836	-13.7133360317
49	-14.116041903	4.49951046006
50	-15.4804668558	-170.832959983
51	21.3957692978	68.2793624552
52	112.92557881	106.064658207
53	128.089609659	-115.200143854
54	184.274986869	-100.614861539
55	137.937140868	-112.490284409
56	86.9956498872	-51.3892875002
57	132.860675155	-104.063436047
58	-72.5081535775	-42.8562779192
59	-46.854982866	-30.0784607452
60	-54.062998595	-28.1483192549
61	73.410594263	-89.0937268056
EDGE_WEIGHT_SECTION
0	152	56	89	58	84	77	91	77	86	20	30	54	53	61	76	12	42	156	50	75	21	52	36	44	12	93	40	57	81	65	72	35	50	122	14	57	26	43	111	103	54	93	28	93	151	16	31	15	172	72	155	172	210	178	101	169	84	56	61	115	
152	0	182	241	200	228	222	86	98	196	169	123	196	152	150	214	161	126	51	197	138	169	200	144	179	141	66	192	95	141	201	99	135	105	70	139	105	164	136	78	142	204	189	124	121	9	149	169	149	324	87	121	297	313	299	222	289	209	189	189	252	
56	182	0	84	26	51	46	102	87	31	41	70	91	108	117	33	63	57	198	34	57	67	80	39	91	60	134	67	96	59	21	122	49	96	169	65	78	30	46	119	79	41	144	72	148	178	72	80	71	163	95	142	120	154	125	46	115	126	99	106	70	
89	241	84	0	58	45	45	174	158	104	74	119	63	112	119	61	82	122	242	51	138	75	50	107	78	101	181	53	146	142	66	155	113	138	205	103	142	83	117	193	163	44	121	117	164	240	95	81	95	83	159	224	130	184	139	94	133	86	76	82	73	
58	200	26	58	0	28	22	124	108	49	39	81	76	105	114	18	60	75	211	14	82	60	63	57	80	67	147	52	109	85	11	130	65	106	179	71	96	37	66	142	105	18	134	82	151	197	72	73	71	138	113	168	115	157	121	49	112	111	86	93	57	
84	228	51	45	28	0	7	152	136	63	64	109	86	125	134	19	83	103	238	34	108	80	72	85	96	93	175	65	137	110	30	156	93	133	205	97	124	65	94	169	128	31	148	109	174	225	96	92	95	114	141	192	96	145	104	49	96	118	99	106	35	
77	222	46	45	22	7	0	146	130	61	57	102	81	119	127	17	76	97	232	28	103	74	67	79	90	86	168	59	130	105	25	149	87	126	198	90	118	59	88	164	124	24	142	103	167	219	89	85	89	118	135	187	102	149	109	50	101	114	93	100	41	
91	86	102	174	124	152	146	0	16	111	101	64	144	119	122	135	102	52	117	124	53	112	143	68	130	80	67	131	51	56	123	84	61	65	103	82	35	91	58	20	59	131	164	68	120	80	95	118	95	257	26	73	212	228	213	137	203	170	142	146	171	
77	98	87	158	108	136	130	16	0	98	86	50	130	108	111	120	88	36	124	108	41	98	128	52	117	66	68	116	43	46	108	79	46	56	106	68	22	76	43	35	55	115	153	55	115	93	82	105	82	241	21	82	199	218	201	124	191	156	129	133	157	
86	196	31	104	49	63	61	111	98	0	72	95	121	138	147	44	93	76	217	61	59	98	110	61	122	89	155	97	117	58	39	148	71	120	191	94	95	60	65	124	71	66	175	98	177	190	102	111	101	176	111	134	101	127	104	27	94	156	130	137	65	
20	169	41	74	39	64	57	101	86	72	0	46	54	68	77	56	22	50	175	30	74	26	46	37	50	29	111	33	75	80	46	92	40	69	141	33	68	15	46	121	102	35	103	46	112	167	34	39	33	157	85	159	153	193	159	84	150	88	60	66	96	
30	123	70	119	81	109	102	64	50	95	46	0	81	60	65	97	40	25	130	75	63	49	80	34	67	18	66	70	29	70	85	53	25	26	99	18	29	44	34	83	90	81	105	5	83	122	32	55	32	201	42	132	190	222	195	115	185	106	79	83	137	
54	196	91	63	76	86	81	144	130	121	54	81	0	52	59	91	42	96	187	62	127	33	14	88	18	64	131	24	103	133	86	101	89	91	149	63	109	68	97	164	155	60	62	77	103	196	50	27	49	134	122	209	182	230	190	125	182	35	13	20	121	
53	152	108	112	105	125	119	119	108	138	68	60	52	0	9	123	46	83	137	93	121	45	62	85	34	53	86	62	69	128	114	53	80	55	99	48	86	78	89	137	149	95	46	55	52	154	37	34	38	185	93	190	219	261	226	152	217	58	41	39	160	
61	150	117	119	114	134	127	122	111	147	77	65	59	9	0	131	55	89	133	102	127	54	69	92	41	60	84	70	71	134	122	51	87	57	94	55	90	87	96	139	155	103	43	60	45	152	45	42	46	191	96	193	228	269	234	160	226	60	47	44	168	
76	214	33	61	18	19	17	135	120	44	56	97	91	123	131	0	77	88	227	30	89	78	77	70	97	84	163	67	125	91	13	147	79	122	195	88	110	53	79	152	109	31	150	98	168	211	90	90	89	133	127	173	97	140	103	36	95	125	102	109	40	
12	161	63	82	60	83	76	102	88	93	22	40	42	46	55	77	0	54	161	49	87	10	41	48	32	22	99	31	66	93	68	75	47	57	125	22	67	33	55	122	115	52	83	37	92	160	14	20	13	163	82	167	174	215	180	106	172	72	44	49	116	
42	126	57	122	75	103	97	52	36	76	50	25	96	83	89	88	54	0	142	73	38	63	93	18	85	33	79	80	41	45	75	74	10	46	115	37	22	40	11	71	66	80	128	29	107	123	51	72	51	205	39	113	175	202	179	99	169	125	97	102	127	
156	51	198	242	211	238	232	117	124	217	175	130	187	137	133	227	161	142	0	205	165	167	195	159	169	146	64	190	102	170	215	87	150	106	39	142	122	174	153	117	176	210	164	129	93	60	147	163	148	320	107	168	317	341	321	241	311	192	178	176	267	
50	197	34	51	14	34	28	124	108	61	30	75	62	93	102	30	49	73	205	0	87	48	49	56	67	59	141	38	104	91	24	122	63	99	171	63	94	33	66	142	112	7	121	76	141	195	62	60	61	134	111	173	126	170	133	63	124	97	73	80	67	
75	138	57	138	82	108	103	53	41	59	74	63	127	121	127	89	87	38	165	87	0	95	120	39	119	69	106	107	74	7	78	109	41	82	144	73	47	60	32	66	29	94	165	67	144	132	87	106	86	219	59	87	159	177	161	86	151	159	130	136	121	
21	169	67	75	60	80	74	112	98	98	26	49	33	45	54	78	10	63	167	48	95	0	31	56	25	32	106	23	75	101	69	81	56	64	131	31	77	39	64	132	123	50	77	46	94	169	21	13	20	155	91	176	174	216	181	108	172	64	35	41	115	
52	200	80	50	63	72	67	143	128	110	46	80	14	62	69	77	41	93	195	49	120	31	0	83	28	63	136	14	105	126	73	108	84	95	158	62	108	61	92	163	148	46	76	77	114	199	51	32	51	126	122	204	168	216	176	112	168	48	27	34	107	
36	144	39	107	57	85	79	68	52	61	37	34	88	85	92	70	48	18	159	56	39	56	83	0	80	32	96	69	57	45	57	87	10	59	131	37	40	24	10	86	67	63	128	38	117	141	50	67	49	190	57	122	158	188	162	83	153	120	91	97	109	
44	179	91	78	80	96	90	130	117	122	50	67	18	34	41	97	32	85	169	67	119	25	28	80	0	52	113	31	87	125	90	83	79	74	131	49	95	64	87	150	147	67	54	63	86	179	35	13	35	152	108	198	192	237	199	129	191	40	12	17	131	
12	141	60	101	67	93	86	80	66	89	29	18	64	53	60	84	22	33	146	59	69	32	63	32	52	0	82	52	46	76	72	64	28	40	113	5	45	31	37	100	97	64	97	17	88	140	18	39	18	183	60	146	179	214	184	106	175	92	64	69	124	
93	66	134	181	147	175	168	67	68	155	111	66	131	86	84	163	99	79	64	141	106	106	136	96	113	82	0	129	39	112	151	33	86	43	38	79	61	110	90	76	123	146	124	66	62	68	86	105	86	261	48	135	254	281	258	178	248	143	123	123	203	
40	192	67	53	52	65	59	131	116	97	33	70	24	62	70	67	31	80	190	38	107	23	14	69	31	52	129	0	97	113	62	103	72	87	153	53	97	47	79	151	135	36	83	68	113	191	43	29	43	133	112	191	161	207	168	101	160	59	35	42	100	
57	95	96	146	109	137	130	51	43	117	75	29	103	69	71	125	66	41	102	104	74	75	105	57	87	46	39	97	0	80	113	37	48	14	74	44	27	72	52	68	95	110	114	29	72	94	54	76	55	229	25	124	215	243	219	140	210	123	99	101	165	
81	141	59	142	85	110	105	56	46	58	80	70	133	128	134	91	93	45	170	91	7	101	126	45	125	76	112	113	80	0	80	116	48	89	150	80	54	66	39	67	22	98	172	74	151	135	94	112	93	222	65	83	157	172	158	85	148	165	136	142	122	
65	201	21	66	11	30	25	123	108	39	46	85	86	114	122	13	68	75	215	24	78	69	73	57	90	72	151	62	113	80	0	135	67	110	183	77	97	41	66	140	99	28	144	86	158	198	80	82	79	143	114	162	107	147	113	39	104	121	97	104	52	
72	99	122	155	130	156	149	84	79	148	92	53	101	53	51	147	75	74	87	122	109	81	108	87	83	64	33	103	37	116	135	0	78	28	50	59	63	94	85	99	132	126	91	50	36	101	61	76	62	234	59	157	242	275	247	168	237	110	92	91	187	
35	135	49	113	65	93	87	61	46	71	40	25	89	80	87	79	47	10	150	63	41	56	84	10	79	28	86	72	48	48	67	78	0	50	121	32	31	30	9	81	70	70	124	29	108	132	46	66	45	196	48	120	168	197	172	93	162	119	91	96	118	
50	105	96	138	106	133	126	65	56	120	69	26	91	55	57	122	57	46	106	99	82	64	95	59	74	40	43	87	14	89	110	28	50	0	73	36	37	69	57	82	106	104	100	24	62	105	44	64	44	219	39	138	216	247	220	141	211	110	86	88	162	
122	70	169	205	179	205	198	103	106	191	141	99	149	99	94	195	125	115	39	171	144	131	158	131	131	113	38	153	74	150	183	50	121	73	0	108	98	142	126	110	161	176	126	97	55	77	111	126	112	283	86	167	289	317	293	214	283	154	140	138	235	
14	139	65	103	71	97	90	82	68	94	33	18	63	48	55	88	22	37	142	63	73	31	62	37	49	5	79	53	44	80	77	59	32	36	108	0	47	36	41	101	102	68	92	15	83	138	14	37	14	185	60	149	184	219	189	111	180	89	61	66	128	
57	105	78	142	96	124	118	35	22	95	68	29	109	86	90	110	67	22	122	94	47	77	108	40	95	45	61	97	27	54	97	63	31	37	98	47	0	61	32	55	69	101	132	33	98	101	60	83	60	225	18	104	196	220	199	120	189	135	107	111	148	
26	164	30	83	37	65	59	91	76	60	15	44	68	78	87	53	33	40	174	33	60	39	61	24	64	31	110	47	72	66	41	94	30	69	142	36	61	0	34	110	88	40	116	45	119	162	42	52	41	166	78	146	148	184	153	75	144	102	74	80	93	
43	136	46	117	66	94	88	58	43	65	46	34	97	89	96	79	55	11	153	66	32	64	92	10	87	37	90	79	52	39	66	85	9	57	126	41	32	34	0	77	61	73	133	38	117	132	55	74	54	200	49	113	164	191	168	88	158	127	99	104	116	
111	78	119	193	142	169	164	20	35	124	121	83	164	137	139	152	122	71	117	142	66	132	163	86	150	100	76	151	68	67	140	99	81	82	110	101	55	110	77	0	64	149	182	87	134	71	115	138	115	276	44	59	224	236	225	151	215	189	162	165	186	
103	142	79	163	105	128	124	59	55	71	102	90	155	149	155	109	115	66	176	112	29	123	148	67	147	97	123	135	95	22	99	132	70	106	161	102	69	88	61	64	0	119	194	95	167	135	115	134	115	242	76	64	164	172	164	97	154	187	158	164	136	
54	204	41	44	18	31	24	131	115	66	35	81	60	95	103	31	52	80	210	7	94	50	46	63	67	64	146	36	110	98	28	126	70	104	176	68	101	40	73	149	119	0	119	81	143	201	66	61	65	127	118	180	125	171	132	66	124	94	71	78	65	
93	189	144	121	134	148	142	164	153	175	103	105	62	46	43	150	83	128	164	121	165	77	76	128	54	97	124	83	114	172	144	91	124	100	126	92	132	116	133	182	194	119	0	100	71	192	79	64	79	177	138	235	244	290	251	183	243	38	49	42	183	
28	124	72	117	82	109	103	68	55	98	46	5	77	55	60	98	37	29	129	76	67	46	77	38	63	17	66	68	29	74	86	50	29	24	97	15	33	45	38	87	95	81	100	0	79	123	28	51	28	200	45	137	192	225	197	118	187	102	75	78	138	
93	121	148	164	151	174	167	120	115	177	112	83	103	52	45	168	92	107	93	141	144	94	114	117	86	88	62	113	72	151	158	36	108	62	55	83	98	119	117	134	167	143	71	79	0	125	79	85	80	236	95	192	265	302	271	194	262	101	92	88	208	
151	9	178	240	197	225	219	80	93	190	167	122	196	154	152	211	160	123	60	195	132	169	199	141	179	140	68	191	94	135	198	101	132	105	77	138	101	162	132	71	135	201	192	123	125	0	148	169	149	323	84	112	291	306	293	217	283	211	190	191	248	
16	149	72	95	72	96	89	95	82	102	34	32	50	37	45	90	14	51	147	62	87	21	51	50	35	18	86	43	54	94	80	61	46	44	111	14	60	42	55	115	115	66	79	28	79	148	0	23	1	176	73	163	187	225	193	116	184	75	47	52	129	
31	169	80	81	73	92	85	118	105	111	39	55	27	34	42	90	20	72	163	60	106	13	32	67	13	39	105	29	76	112	82	76	66	64	126	37	83	52	74	138	134	61	64	51	85	169	23	0	23	158	96	185	186	229	193	121	184	53	25	30	126	
15	149	71	95	71	95	89	95	82	101	33	32	49	38	46	89	13	51	148	61	86	20	51	49	35	18	86	43	55	93	79	62	45	44	112	14	60	41	54	115	115	65	79	28	80	149	1	23	0	175	73	163	186	225	192	116	183	75	47	52	128	
172	324	163	83	138	114	118	257	241	176	157	201	134	185	191	133	163	205	320	134	219	155	126	190	152	183	261	133	229	222	143	234	196	219	283	185	225	166	200	276	242	127	177	200	236	323	176	158	175	0	242	305	154	212	164	157	163	140	144	148	121	
72	87	95	159	113	141	135	26	21	111	85	42	122	93	96	127	82	39	107	111	59	91	122	57	108	60	48	112	25	65	114	59	48	39	86	60	18	78	49	44	76	118	138	45	95	84	73	96	73	242	0	99	212	235	215	136	205	145	120	122	165	
155	121	142	224	168	192	187	73	82	134	159	132	209	190	193	173	167	113	168	173	87	176	204	122	198	146	135	191	124	83	162	157	120	138	167	149	104	146	113	59	64	180	235	137	192	112	163	185	163	305	99	0	222	219	220	160	211	238	210	214	199	
172	297	120	130	115	96	102	212	199	101	153	190	182	219	228	97	174	175	317	126	159	174	168	158	192	179	254	161	215	157	107	242	168	216	289	184	196	148	164	224	164	125	244	192	265	291	187	186	186	154	212	222	0	58	10	76	12	213	195	202	61	
210	313	154	184	157	145	149	228	218	127	193	222	230	261	269	140	215	202	341	170	177	216	216	188	237	214	281	207	243	172	147	275	197	247	317	219	220	184	191	236	172	171	290	225	302	306	225	229	225	212	235	219	58	0	48	109	52	263	242	249	111	
178	299	125	139	121	104	109	213	201	104	159	195	190	226	234	103	180	179	321	133	161	181	176	162	199	184	258	168	219	158	113	247	172	220	293	189	199	153	168	225	164	132	251	197	271	293	193	193	192	164	215	220	10	48	0	80	10	222	202	209	69	
101	222	46	94	49	49	50	137	124	27	84	115	125	152	160	36	106	99	241	63	86	108	112	83	129	106	178	101	140	85	39	168	93	141	214	111	120	75	88	151	97	66	183	118	194	217	116	121	116	157	136	160	76	109	80	0	70	160	135	142	40	
169	289	115	133	112	96	101	203	191	94	150	185	182	217	226	95	172	169	311	124	151	172	168	153	191	175	248	160	210	148	104	237	162	211	283	180	189	144	158	215	154	124	243	187	262	283	184	184	183	163	205	211	12	52	10	70	0	214	194	201	61	
84	209	126	86	111	118	114	170	156	156	88	106	35	58	60	125	72	125	192	97	159	64	48	120	40	92	143	59	123	165	121	110	119	110	154	89	135	102	127	189	187	94	38	102	101	211	75	53	75	140	145	238	213	263	222	160	214	0	29	24	153	
56	189	99	76	86	99	93	142	129	130	60	79	13	41	47	102	44	97	178	73	130	35	27	91	12	64	123	35	99	136	97	92	91	86	140	61	107	74	99	162	158	71	49	75	92	190	47	25	47	144	120	210	195	242	202	135	194	29	0	7	134	
61	189	106	82	93	106	100	146	133	137	66	83	20	39	44	109	49	102	176	80	136	41	34	97	17	69	123	42	101	142	104	91	96	88	138	66	111	80	104	165	164	78	42	78	88	191	52	30	52	148	122	214	202	249	209	142	201	24	7	0	141	
115	252	70	73	57	35	41	171	157	65	96	137	121	160	168	40	116	127	267	67	121	115	107	109	131	124	203	100	165	122	52	187	118	162	235	128	148	93	116	186	136	65	183	138	208	248	129	126	128	121	165	199	61	111	69	40	61	153	134	141	0	
EDGE_TRAVEL_TIME_SECTION
0	306	112	178	117	167	154	183	153	173	39	60	108	105	121	152	24	84	312	99	150	43	103	73	88	24	186	81	115	164	130	144	70	101	244	28	113	52	87	222	207	108	185	57	187	303	31	63	30	343	143	310	344	420	356	202	338	168	111	122	231	
306	0	365	484	401	458	445	171	195	391	339	247	392	304	300	428	322	252	103	395	276	339	400	288	357	283	133	384	191	282	403	198	271	210	141	279	209	329	272	156	284	408	377	249	242	18	298	339	299	649	174	242	593	626	597	443	578	419	379	379	505	
112	365	0	168	52	102	92	204	174	62	82	140	181	217	233	67	125	113	396	68	113	134	160	78	181	121	269	134	192	119	42	245	97	191	338	131	156	60	93	237	158	82	288	145	297	357	143	161	142	326	191	284	241	308	250	91	230	252	198	212	141	
178	484	168	0	117	89	89	348	317	209	147	238	125	225	240	122	164	244	484	104	277	150	101	214	157	201	362	105	293	285	133	311	225	277	412	205	284	165	233	386	326	89	242	235	329	481	191	161	189	167	317	450	260	368	279	188	266	173	151	164	146	
117	401	52	117	0	57	44	248	217	98	78	162	151	210	227	35	120	149	422	27	164	120	126	114	161	133	294	103	218	170	21	260	130	212	358	142	192	74	132	283	210	35	269	164	302	394	145	146	143	275	227	335	229	313	242	99	224	221	172	187	114	
167	458	102	89	57	0	13	304	273	125	128	217	172	250	267	38	165	206	477	68	215	160	144	170	192	186	349	130	274	220	60	311	187	265	411	194	249	130	188	338	256	61	295	218	347	451	192	183	190	228	284	384	192	290	208	99	192	237	197	212	71	
154	445	92	89	44	13	0	292	261	121	115	204	162	238	255	33	152	193	464	55	205	148	134	158	181	173	336	119	261	210	50	298	174	252	398	181	236	117	176	327	248	49	284	205	335	438	179	171	177	236	271	375	203	298	218	100	202	228	187	201	82	
183	171	204	348	248	304	292	0	31	221	203	128	288	237	243	270	205	104	234	248	105	224	286	136	261	161	134	263	102	111	245	169	123	130	207	163	70	183	116	39	119	262	328	136	241	160	191	237	191	515	52	146	423	455	426	275	407	339	286	293	342	
153	195	174	317	217	273	261	31	0	196	172	101	260	215	223	240	176	73	248	217	83	195	256	105	234	132	136	233	87	92	215	159	92	113	211	136	44	152	85	70	110	231	307	110	231	185	164	209	164	484	42	165	398	436	402	248	383	313	259	266	313	
173	391	62	209	98	125	121	221	196	0	144	190	242	278	294	88	187	152	435	122	117	196	219	122	243	178	310	194	235	115	78	296	141	240	382	188	191	121	130	248	141	133	350	197	353	380	204	223	203	352	223	268	203	253	207	54	188	313	260	274	130	
39	339	82	147	78	128	115	203	172	144	0	93	107	136	153	113	44	99	350	60	149	52	93	74	101	59	223	66	150	161	92	183	81	138	283	66	137	29	92	241	205	70	207	92	224	335	67	79	65	314	170	318	306	385	318	167	300	176	119	133	192	
60	247	140	238	162	217	204	128	101	190	93	0	161	119	130	195	80	49	260	151	126	98	161	68	134	37	132	141	57	140	170	106	51	51	198	36	58	88	67	167	180	162	210	10	166	243	63	109	63	403	84	264	380	443	389	231	370	212	158	165	274	
108	392	181	125	151	172	162	288	260	242	107	161	0	104	117	181	84	192	375	124	254	65	28	177	37	128	262	48	207	267	172	202	177	183	299	125	218	136	193	327	311	119	123	154	206	392	99	54	99	267	244	418	364	460	380	250	364	71	26	40	243	
105	304	217	225	210	250	238	237	215	278	136	119	104	0	17	245	92	167	274	186	243	90	124	172	68	107	171	124	138	257	228	106	161	109	198	97	172	157	179	274	298	189	92	109	104	307	74	68	76	370	186	380	438	521	452	303	434	115	82	78	320	
121	300	233	240	227	267	255	243	223	294	153	130	117	17	0	262	109	178	265	203	255	107	140	186	83	121	168	141	142	269	245	102	174	114	188	111	181	173	192	278	309	206	85	120	89	304	90	84	91	382	191	388	455	538	469	320	451	120	94	88	337	
152	428	67	122	35	38	33	270	240	88	113	195	181	245	262	0	155	176	454	60	178	155	154	140	194	167	327	134	250	182	25	294	158	245	392	177	219	107	157	304	218	62	301	197	337	421	180	180	178	266	254	346	194	280	207	71	189	250	203	218	80	
24	322	125	164	120	165	152	205	176	187	44	80	84	92	109	155	0	108	321	98	173	19	82	96	65	45	198	62	132	187	136	150	94	113	250	44	135	67	110	244	230	104	166	74	183	320	28	40	26	327	164	334	349	429	361	211	343	145	88	99	232	
84	252	113	244	149	206	193	104	73	152	99	49	192	167	178	176	108	0	284	146	77	127	186	36	170	66	158	161	83	91	151	148	19	92	230	73	43	80	23	142	131	160	256	59	213	245	101	145	101	411	78	226	351	405	358	199	338	250	194	203	254	
312	103	396	484	422	477	464	234	248	435	350	260	375	274	265	454	321	284	0	409	330	334	390	319	338	291	128	379	205	340	430	174	299	212	77	284	244	348	306	233	352	420	328	259	186	120	294	326	295	641	213	336	634	682	641	483	622	384	356	352	534	
99	395	68	104	27	68	55	248	217	122	60	151	124	186	203	60	98	146	409	0	173	96	99	113	134	118	282	76	208	182	48	243	127	197	343	126	188	67	132	285	224	15	242	151	281	390	124	121	122	268	223	346	252	340	266	126	249	194	145	160	134	
150	276	113	277	164	215	205	105	83	117	149	126	254	243	255	178	173	77	330	173	0	191	241	78	238	138	213	215	147	14	155	219	82	164	288	147	94	121	64	131	57	188	331	136	287	265	173	213	173	439	118	173	318	353	321	171	302	318	261	272	243	
43	339	134	150	120	160	148	224	195	196	52	98	65	90	107	155	19	127	334	96	191	0	63	113	49	64	213	46	149	204	139	161	112	129	262	62	154	79	128	263	248	99	155	93	188	337	41	27	40	311	182	353	348	433	362	216	344	127	70	83	230	
103	400	160	101	126	144	134	286	256	219	93	161	28	124	140	154	82	186	390	99	241	63	0	165	57	126	272	27	212	253	147	216	169	190	315	125	216	121	183	325	298	92	151	156	228	400	103	64	102	252	245	409	336	432	352	223	336	96	54	68	215	
73	288	78	214	114	170	158	136	105	122	74	68	177	172	186	140	96	36	319	113	78	113	165	0	161	65	192	139	115	91	115	174	20	118	262	75	79	49	20	173	135	127	257	75	233	281	99	135	98	380	114	245	317	375	325	166	305	240	183	194	218	
88	357	181	157	161	192	181	261	234	243	101	134	37	68	83	194	65	170	338	134	238	49	57	161	0	104	226	62	174	252	181	165	158	149	262	99	191	128	175	300	295	133	108	126	172	358	71	26	71	304	215	395	383	474	398	259	381	81	25	34	263	
24	283	121	201	133	186	173	161	132	178	59	37	128	107	121	167	45	66	291	118	138	64	126	65	104	0	164	104	92	152	144	127	56	79	225	11	91	62	74	200	195	129	193	34	176	280	36	79	35	367	120	291	358	428	368	212	350	184	128	137	247	
186	133	269	362	294	349	336	134	136	310	223	132	262	171	168	327	198	158	128	282	213	213	272	192	226	164	0	258	77	225	302	66	172	86	75	158	121	220	181	153	246	293	248	131	123	137	172	209	173	523	96	270	508	561	516	357	496	286	247	247	406	
81	384	134	105	103	130	119	263	233	194	66	141	48	124	141	134	62	161	379	76	215	46	27	139	62	104	258	0	193	226	124	206	144	174	307	105	194	94	157	302	271	73	167	136	227	381	87	58	86	265	224	383	322	414	337	202	320	119	69	84	201	
115	191	192	293	218	274	261	102	87	235	150	57	207	138	142	250	132	83	205	208	147	149	212	115	174	92	77	193	0	160	225	73	95	29	148	88	53	144	105	136	191	219	227	59	145	188	109	153	110	458	50	248	431	487	439	280	420	247	198	202	329	
164	282	119	285	170	220	210	111	92	115	161	140	267	257	269	182	187	91	340	182	14	204	253	91	252	152	225	226	160	0	160	233	96	178	300	161	107	132	78	134	45	196	345	150	301	271	187	226	187	445	129	165	314	344	316	169	297	331	274	285	243	
130	403	42	133	21	60	50	245	215	78	92	170	172	228	245	25	136	151	430	48	155	139	147	115	181	144	302	124	225	160	0	271	133	221	368	154	194	83	132	279	198	56	289	173	316	396	159	165	157	286	229	325	214	294	226	78	208	242	193	208	104	
144	198	245	311	260	311	298	169	159	296	183	106	202	106	102	294	150	148	174	243	219	161	216	174	165	127	66	206	73	233	271	0	156	57	101	118	126	189	170	198	264	252	182	100	72	203	122	152	124	467	118	314	485	549	494	336	475	221	185	183	374	
70	271	97	225	130	187	174	123	92	141	81	51	177	161	174	158	94	19	299	127	82	112	169	20	158	56	172	144	95	96	133	156	0	99	243	65	62	61	19	161	139	141	249	59	217	264	91	132	91	392	97	241	336	394	344	185	325	238	181	191	237	
101	210	191	277	212	265	252	130	113	240	138	51	183	109	114	245	113	92	212	197	164	129	190	118	149	79	86	174	29	178	221	57	99	0	147	73	74	138	113	165	212	208	199	48	123	210	88	129	89	439	78	275	431	493	440	282	421	219	172	175	325	
244	141	338	412	358	411	398	207	211	382	283	198	299	198	188	392	250	230	77	343	288	262	315	262	262	225	75	307	148	300	368	101	243	147	0	217	196	285	253	219	321	352	252	195	110	153	223	252	224	566	171	333	578	635	587	428	567	307	280	275	472	
28	279	131	205	142	194	181	163	136	188	66	36	125	97	111	177	44	73	284	126	147	62	125	75	99	11	158	105	88	161	154	118	65	73	217	0	93	72	83	202	203	136	184	31	166	276	28	74	28	370	120	297	368	439	378	222	360	178	123	131	256	
113	209	156	284	192	249	236	70	44	191	137	58	218	172	181	219	135	43	244	188	94	154	216	79	191	91	121	194	53	107	194	126	62	74	196	93	0	121	64	109	138	201	264	66	196	202	121	167	121	451	35	208	391	440	398	240	378	270	216	223	296	
52	329	60	165	74	130	117	183	152	121	29	88	136	157	173	107	67	80	348	67	121	79	121	49	128	62	220	94	144	132	83	189	61	138	285	72	121	0	68	221	177	80	233	90	237	323	83	105	82	332	156	292	296	368	306	151	288	205	148	161	187	
87	272	93	233	132	188	176	116	85	130	92	67	193	179	192	157	110	23	306	132	64	128	183	20	175	74	181	157	105	78	132	170	19	113	253	83	64	68	0	153	121	147	267	76	233	265	110	149	109	400	98	226	328	382	335	177	316	255	198	208	233	
222	156	237	386	283	338	327	39	70	248	241	167	327	274	278	304	244	142	233	285	131	263	325	173	300	200	153	302	136	134	279	198	161	165	219	202	109	221	153	0	128	300	363	175	268	142	230	276	230	553	88	117	448	471	449	302	430	378	325	331	373	
207	284	158	326	210	256	248	119	110	141	205	180	311	298	309	218	230	131	352	224	57	248	298	135	295	195	246	271	191	45	198	264	139	212	321	203	138	177	121	128	0	238	387	190	334	270	230	270	230	484	151	128	328	343	328	193	309	375	318	329	271	
108	408	82	89	35	61	49	262	231	133	70	162	119	189	206	62	104	160	420	15	188	99	92	127	133	129	293	73	219	196	56	252	141	208	352	136	201	80	147	300	238	0	240	162	286	402	131	122	129	253	236	361	250	341	265	131	248	188	142	157	131	
185	377	288	242	269	295	284	328	307	350	207	210	123	92	85	301	166	256	328	242	331	155	151	257	108	193	248	167	227	345	289	182	249	199	252	184	264	233	267	363	387	240	0	200	142	383	158	128	159	355	276	472	487	581	502	367	486	75	98	83	366	
57	249	145	235	164	218	205	136	110	197	92	10	154	109	120	197	74	59	259	151	136	93	156	75	126	34	131	136	59	150	173	100	59	48	195	31	66	90	76	175	190	162	200	0	158	246	55	101	56	400	90	274	385	450	394	236	375	204	150	157	277	
187	242	297	329	302	347	335	241	231	353	224	166	206	104	89	337	183	213	186	281	287	188	228	233	172	176	123	227	145	301	316	72	217	123	110	166	196	237	233	268	334	286	142	158	0	251	158	169	159	471	190	385	530	604	542	388	524	201	183	176	415	
303	18	357	481	394	451	438	160	185	380	335	243	392	307	304	421	320	245	120	390	265	337	400	281	358	280	137	381	188	271	396	203	264	210	153	276	202	323	265	142	270	402	383	246	251	0	297	339	298	646	167	224	583	612	586	433	566	422	380	381	497	
31	298	143	191	145	192	179	191	164	204	67	63	99	74	90	180	28	101	294	124	173	41	103	99	71	36	172	87	109	187	159	122	91	88	223	28	121	83	110	230	230	131	158	55	158	297	0	46	2	352	145	325	373	451	385	233	367	150	95	103	258	
63	339	161	161	146	183	171	237	209	223	79	109	54	68	84	180	40	145	326	121	213	27	64	135	26	79	209	58	153	226	165	152	132	129	252	74	167	105	149	276	270	122	128	101	169	339	46	0	46	315	191	370	372	459	386	242	369	106	50	59	253	
30	299	142	189	143	190	177	191	164	203	65	63	99	76	91	178	26	101	295	122	173	40	102	98	71	35	173	86	110	187	157	124	91	89	224	28	121	82	109	230	230	129	159	56	159	298	2	46	0	351	146	325	371	449	383	231	365	150	95	103	256	
343	649	326	167	275	228	236	515	484	352	314	403	267	370	382	266	327	411	641	268	439	311	252	380	304	367	523	265	458	445	286	467	392	439	566	370	451	332	400	553	484	253	355	400	471	646	352	315	351	0	484	610	308	423	328	315	325	280	288	296	242	
143	174	191	317	227	284	271	52	42	223	170	84	244	186	191	254	164	78	213	223	118	182	245	114	215	120	96	224	50	129	229	118	97	78	171	120	35	156	98	88	151	236	276	90	190	167	145	191	146	484	0	198	424	469	430	273	410	291	239	245	331	
310	242	284	450	335	384	375	146	165	268	318	264	418	380	388	346	334	226	336	346	173	353	409	245	395	291	270	383	248	165	325	314	241	275	333	297	208	292	226	117	128	361	472	274	385	224	325	370	325	610	198	0	444	437	440	319	422	475	419	428	398	
344	593	241	260	229	192	203	423	398	203	306	380	364	438	455	194	349	351	634	252	318	348	336	317	383	358	508	322	431	314	214	485	336	431	578	368	391	296	328	448	328	250	487	385	530	583	373	372	371	308	424	444	0	116	20	152	24	426	389	404	121	
420	626	308	368	313	290	298	455	436	253	385	443	460	521	538	280	429	405	682	340	353	433	432	375	474	428	561	414	487	344	294	549	394	493	635	439	440	368	382	471	343	341	581	450	604	612	451	459	449	423	469	437	116	0	96	218	103	526	483	498	223	
356	597	250	279	242	208	218	426	402	207	318	389	380	452	469	207	361	358	641	266	321	362	352	325	398	368	516	337	439	316	226	494	344	440	587	378	398	306	335	449	328	265	502	394	542	586	385	386	383	328	430	440	20	96	0	159	20	443	405	419	137	
202	443	91	188	99	99	100	275	248	54	167	231	250	303	320	71	211	199	483	126	171	216	223	166	259	212	357	202	280	169	78	336	185	282	428	222	240	151	177	302	193	131	367	236	388	433	233	242	231	315	273	319	152	218	159	0	140	319	271	286	80	
338	578	230	266	224	192	202	407	383	188	300	370	364	434	451	189	343	338	622	249	302	344	336	305	381	350	496	320	420	297	208	475	325	421	567	360	378	288	316	430	309	248	486	375	524	566	367	369	365	325	410	422	24	103	20	140	0	429	389	403	123	
168	419	252	173	221	237	228	339	313	313	176	212	71	115	120	250	145	250	384	194	318	127	96	240	81	184	286	119	247	331	242	221	238	219	307	178	270	205	255	378	375	188	75	204	201	422	150	106	150	280	291	475	426	526	443	319	429	0	57	47	306	
111	379	198	151	172	197	187	286	259	260	119	158	26	82	94	203	88	194	356	145	261	70	54	183	25	128	247	69	198	274	193	185	181	172	280	123	216	148	198	325	318	142	98	150	183	380	95	50	95	288	239	419	389	483	405	271	389	57	0	15	268	
122	379	212	164	187	212	201	293	266	274	133	165	40	78	88	218	99	203	352	160	272	83	68	194	34	137	247	84	202	285	208	183	191	175	275	131	223	161	208	331	329	157	83	157	176	381	103	59	103	296	245	428	404	498	419	286	403	47	15	0	283	
231	505	141	146	114	71	82	342	313	130	192	274	243	320	337	80	232	254	534	134	243	230	215	218	263	247	406	201	329	243	104	374	237	325	472	256	296	187	233	373	271	131	366	277	415	497	258	253	256	242	331	398	121	223	137	80	123	306	268	283	0	
TIME_WINDOW_SECTION
1	0	720
2	0	720
3	93	103
4	271	301
5	418	452
6	509	539
7	0	720
8	148	357
9	0	720
10	358	365
11	0	720
12	0	720
13	322	421
14	525	588
15	0	720
16	240	359
17	0	720
18	0	720
19	0	720
20	0	720
21	0	720
22	142	164
23	227	228
24	393	423
25	0	720
26	0	720
27	110	113
28	371	395
29	0	720
30	96	102
31	262	271
32	542	548
33	0	720
34	362	479
35	0	720
36	0	720
37	0	720
38	0	720
39	152	230
40	383	394
41	0	720
42	173	190
43	430	446
44	0	720
45	0	720
46	0	720
47	159	478
48	524	626
49	0	720
50	0	720
51	0	720
52	0	720
53	36	49
54	165	168
55	264	276
56	435	475
57	0	720
58	238	251
59	308	572
60	0	720
61	0	720
CLUSTER_SECTION
1	1	
2	2	
3	3	4	5	6	7	
4	8	9	
5	10	11	
6	12	
7	13	14	15	
8	16	17	
9	18	
10	19	
11	20	
12	21	
13	22	23	24	25	
14	26	
15	27	28	29	
16	30	31	32	33	
17	34	35	
18	36	
19	37	
20	38	
21	39	40	41	
22	42	43	44	
23	45	
24	46	
25	47	48	49	
26	50	
27	51	
28	52	
29	53	54	55	56	57	
30	58	59	60	
31	61	
DEMAND_SECTION
1	0
2	30
3	47
4	27
5	62
6	33
7	58
8	41
9	46
10	73
11	49
12	69
13	61
14	68
15	41
16	47
17	48
18	34
19	77
20	50
21	27
22	75
23	50
24	34
25	44
26	43
27	50
28	41
29	49
30	47
31	28
DEPOT_SECTION
1
EOF