NAME:	instance_9-triangle
TYPE:	VRPRDL
DIMENSION:	49
CAPACITY:	750
TIME_HORIZON:	720
NUM_CUSTOMERS:	21
NODE_COORD_SECTION
1	0.0	0.0
2	-34.6658257899	80.7825057446
3	33.7139172837	-153.526856402
4	67.326696782	-139.607196854
5	86.7572692897	-138.311623459
6	62.5391322179	-153.088582481
7	65.6203675324	-156.1283616
8	56.9075056227	-55.2948070544
9	28.4403610212	17.2656861203
10	28.3033946382	19.3413782988
11	61.1983750659	-22.7576989986
12	36.4587363887	-0.762526565666
13	-7.13497090689	-104.851714251
14	-26.8737728283	-158.060056723
15	-25.9183014467	-104.145082725
16	-84.9017722402	-23.5782520378
17	-45.9260383334	-81.6866015847
18	-35.7231389372	-147.892062775
19	-67.9600130761	-143.920746478
20	-46.1330237524	-94.5295742099
21	-45.3065972377	-87.5029037247
22	117.988010317	66.4100023476
23	61.7378434234	-97.4800399119
24	132.638792572	17.5016242949
25	-146.076148831	5.41539349927
26	-40.9858312412	21.7192295212
27	-152.351590883	-3.94712293481
28	-138.044315147	39.0508078405
29	-11.3066895995	62.5007953691
30	21.7410150292	51.9451424343
31	0.18052923001	0.119959516756
32	6.14464159764	49.7151138953
33	-51.5702009717	-28.7470430334
34	-28.3575221844	-9.96100370834
35	2.15828907578	-3.89696685959
36	-73.7195256156	-28.3694818297
37	-72.7327038986	-25.9682626069
38	32.0234229196	-41.4929017543
39	-82.5282768808	-107.324502802
40	-85.4016347373	-48.0992076146
41	59.895229848	49.1867560653
42	43.9802745248	-14.3401111452
43	-34.2736694901	91.9662527328
44	-40.9629218732	18.7615531171
45	16.8145189314	-97.5987455513
46	-39.1905955558	-89.7723348605
47	-14.6635751403	-96.7667246355
48	-25.1428094098	-11.3794044012
49	104.85917998	45.781765943
EDGE_WEIGHT_SECTION
0	88	157	155	163	165	169	79	33	34	65	36	105	160	107	88	94	152	159	105	99	135	115	134	146	46	152	143	63	56	0	50	59	30	4	79	77	52	135	98	77	46	98	45	99	98	98	28	114	
88	0	244	243	250	253	257	164	90	88	141	108	188	239	185	116	163	229	227	175	168	153	202	179	135	59	145	111	30	63	88	51	111	91	92	116	113	139	194	139	100	123	11	62	186	171	179	93	144	
157	244	0	36	55	29	32	101	171	173	134	153	64	61	77	176	107	70	102	99	103	236	63	198	240	190	238	258	220	206	157	205	151	156	153	165	166	112	125	159	204	140	254	187	58	97	75	154	212	
155	243	36	0	19	14	17	84	161	163	117	142	82	96	100	191	127	103	135	122	124	212	42	170	258	194	258	272	217	196	155	199	163	161	151	180	180	104	153	178	189	127	253	192	66	117	93	158	189	
163	250	55	19	0	28	28	88	166	168	118	146	100	115	118	206	144	122	154	140	142	207	48	162	274	205	274	286	223	201	163	205	176	172	159	195	195	111	172	194	189	131	260	202	81	135	110	169	185	
165	253	29	14	28	0	4	98	174	176	130	155	85	90	101	196	130	98	130	123	126	226	56	184	262	203	261	278	228	209	165	210	169	170	161	185	186	116	152	181	202	140	263	201	72	120	96	167	203	
169	257	32	17	28	4	0	101	177	179	133	158	89	93	105	200	134	102	134	127	130	229	59	186	266	207	265	282	232	212	169	214	173	174	165	189	190	119	156	185	205	143	267	205	76	124	100	171	206	
79	164	101	84	88	98	101	0	78	80	33	58	81	133	96	145	106	131	153	110	107	136	42	105	212	125	215	216	136	113	79	117	112	96	75	133	133	28	149	142	105	43	173	123	58	102	83	93	112	
33	90	171	161	166	174	177	78	0	2	52	20	127	184	133	120	124	177	188	134	128	102	119	104	175	70	182	168	60	35	33	39	92	63	34	112	110	59	167	131	45	35	97	69	115	127	122	61	82	
34	88	173	163	168	176	179	80	2	0	53	22	129	186	135	121	125	179	189	136	130	101	121	104	175	69	182	168	59	33	34	38	93	64	35	113	111	61	168	132	43	37	96	69	117	128	124	62	81	
65	141	134	117	118	130	133	33	52	53	0	33	107	161	119	146	122	158	177	129	125	105	75	82	209	111	214	208	112	84	65	91	113	90	62	135	134	35	167	149	72	19	149	110	87	121	106	87	81	
36	108	153	142	146	155	158	58	20	22	33	0	113	170	121	123	115	164	177	125	119	106	100	98	182	81	188	179	79	55	36	59	92	65	34	113	112	41	160	131	55	16	116	80	99	117	109	62	83	
105	188	64	82	100	85	89	81	127	129	107	113	0	57	19	112	45	52	72	40	42	212	69	186	177	131	177	194	167	159	105	155	88	97	101	101	103	74	75	97	168	104	199	128	25	35	11	95	188	
160	239	61	96	115	90	93	133	184	186	161	170	57	0	54	146	79	13	43	66	73	266	107	237	202	180	198	226	221	215	160	210	131	148	156	138	140	131	75	124	225	160	250	177	75	69	62	147	242	
107	185	77	100	118	101	105	96	133	135	119	121	19	54	0	100	30	45	58	22	26	223	88	199	163	127	161	182	167	163	107	157	80	94	104	90	91	85	57	82	176	114	196	124	43	20	13	93	199	
88	116	176	191	206	196	200	145	120	121	146	123	112	146	100	0	70	134	122	81	75	222	164	221	68	63	70	82	113	131	88	117	33	58	89	12	12	118	84	25	162	129	126	61	126	80	101	61	202	
94	163	107	127	144	130	134	106	124	125	122	115	45	79	30	70	0	67	66	13	6	221	109	204	133	104	132	152	148	150	94	141	53	74	91	60	62	88	45	52	168	112	174	101	65	11	35	73	197	
152	229	70	103	122	98	102	131	177	179	158	164	52	13	45	134	67	0	32	54	61	263	110	236	189	170	185	213	212	208	152	202	120	138	149	125	127	126	62	111	219	156	240	167	73	58	55	137	239	
159	227	102	135	154	130	134	153	188	189	177	177	72	43	58	122	66	32	0	54	61	281	138	257	168	168	163	196	214	215	159	207	116	140	156	116	118	143	39	97	232	171	238	165	97	61	71	139	257	
105	175	99	122	140	123	127	110	134	136	129	125	40	66	22	81	13	54	54	0	7	230	108	211	141	116	140	162	160	161	105	153	66	86	103	72	74	94	39	61	179	120	186	113	63	8	32	86	206	
99	168	103	124	142	126	130	107	128	130	125	119	42	73	26	75	6	61	61	7	0	224	108	207	137	109	136	157	153	155	99	147	59	79	96	66	67	90	42	56	172	115	179	106	63	7	32	79	201	
135	153	236	212	207	226	229	136	102	101	105	106	212	266	223	222	221	263	281	230	224	0	173	51	271	165	279	257	129	97	135	113	194	165	135	214	212	138	265	233	61	110	154	166	192	222	210	163	24	
115	202	63	42	48	56	59	42	119	121	75	100	69	107	88	164	109	110	138	108	108	173	0	135	232	157	234	242	176	154	115	157	133	126	111	152	152	63	144	155	147	85	212	155	45	101	76	122	150	
134	179	198	170	162	184	186	105	104	104	82	98	186	237	199	221	204	236	257	211	207	51	135	0	279	173	286	272	151	116	134	131	190	163	132	211	210	117	249	228	79	94	182	173	163	203	186	160	40	
146	135	240	258	274	262	266	212	175	175	209	182	177	202	163	68	133	189	168	141	137	271	232	279	0	106	11	35	146	174	146	159	100	119	149	80	80	184	129	81	211	191	141	106	193	143	166	122	254	
46	59	190	194	205	203	207	125	70	69	111	81	131	180	127	63	104	170	168	116	109	165	157	173	106	0	114	99	50	70	46	55	52	34	50	60	57	97	136	83	105	92	70	3	133	112	121	37	148	
152	145	238	258	274	261	265	215	182	182	214	188	177	198	161	70	132	185	163	140	136	279	234	286	11	114	0	45	156	183	152	167	103	124	155	82	82	188	125	80	219	196	152	114	193	142	166	127	262	
143	111	258	272	286	278	282	216	168	168	208	179	194	226	182	82	152	213	196	162	157	257	242	272	35	99	45	0	129	160	143	145	110	120	147	93	92	188	157	102	198	189	116	99	207	162	183	124	243	
63	30	220	217	223	228	232	136	60	59	112	79	167	221	167	113	148	212	214	160	153	129	176	151	146	50	156	129	0	35	63	22	100	74	67	110	107	113	184	133	72	95	37	53	162	155	159	75	117	
56	63	206	196	201	209	212	113	35	33	84	55	159	215	163	131	150	208	215	161	155	97	154	116	174	70	183	160	35	0	56	16	109	80	59	125	122	94	190	147	38	70	69	71	150	154	153	79	83	
0	88	157	155	163	165	169	79	33	34	65	36	105	160	107	88	94	152	159	105	99	135	115	134	146	46	152	143	63	56	0	50	59	30	4	79	77	52	135	98	77	46	98	45	99	98	98	28	114	
50	51	205	199	205	210	214	117	39	38	91	59	155	210	157	117	141	202	207	153	147	113	157	131	159	55	167	145	22	16	50	0	97	69	54	112	109	95	180	134	54	74	58	56	148	147	148	69	99	
59	111	151	163	176	169	173	112	92	93	113	92	88	131	80	33	53	120	116	66	59	194	133	190	100	52	103	110	100	109	59	97	0	30	59	22	21	85	84	39	136	97	122	49	97	62	77	32	173	
30	91	156	161	172	170	174	96	63	64	90	65	97	148	94	58	74	138	140	86	79	165	126	163	119	34	124	120	74	80	30	69	30	0	31	49	47	68	111	69	106	72	102	31	99	81	88	4	144	
4	92	153	151	159	161	165	75	34	35	62	34	101	156	104	89	91	149	156	103	96	135	111	132	149	50	155	147	67	59	4	54	59	31	0	79	78	48	134	98	78	43	102	49	95	95	94	28	114	
79	116	165	180	195	185	189	133	112	113	135	113	101	138	90	12	60	125	116	72	66	214	152	211	80	60	82	93	110	125	79	112	22	49	79	0	3	107	79	23	154	119	127	57	114	70	90	51	193	
77	113	166	180	195	186	190	133	110	111	134	112	103	140	91	12	62	127	118	74	67	212	152	210	80	57	82	92	107	122	77	109	21	47	78	3	0	106	82	26	152	117	124	55	115	72	92	50	191	
52	139	112	104	111	116	119	28	59	61	35	41	74	131	85	118	88	126	143	94	90	138	63	117	184	97	188	188	113	94	52	95	85	68	48	107	106	0	132	118	95	30	149	95	58	86	72	65	114	
135	194	125	153	172	152	156	149	167	168	167	160	75	75	57	84	45	62	39	39	42	265	144	249	129	136	125	157	184	190	135	180	84	111	134	79	82	132	0	59	211	157	205	133	100	47	69	112	242	
98	139	159	178	194	181	185	142	131	132	149	131	97	124	82	25	52	111	97	61	56	233	155	228	81	83	80	102	133	147	98	134	39	69	98	23	26	118	59	0	175	134	149	80	114	62	86	71	212	
77	100	204	189	189	202	205	105	45	43	72	55	168	225	176	162	168	219	232	179	172	61	147	79	211	105	219	198	72	38	77	54	136	106	78	154	152	95	211	175	0	65	103	105	153	171	164	104	45	
46	123	140	127	131	140	143	43	35	37	19	16	104	160	114	129	112	156	171	120	115	110	85	94	191	92	196	189	95	70	46	74	97	72	43	119	117	30	157	134	65	0	132	91	88	112	101	69	86	
98	11	254	253	260	263	267	173	97	96	149	116	199	250	196	126	174	240	238	186	179	154	212	182	141	70	152	116	37	69	98	58	122	102	102	127	124	149	205	149	103	132	0	73	196	182	190	104	147	
45	62	187	192	202	201	205	123	69	69	110	80	128	177	124	61	101	167	165	113	106	166	155	173	106	3	114	99	53	71	45	56	49	31	49	57	55	95	133	80	105	91	73	0	130	109	118	34	148	
99	186	58	66	81	72	76	58	115	117	87	99	25	75	43	126	65	73	97	63	63	192	45	163	193	133	193	207	162	150	99	148	97	99	95	114	115	58	100	114	153	88	196	130	0	57	31	96	168	
98	171	97	117	135	120	124	102	127	128	121	117	35	69	20	80	11	58	61	8	7	222	101	203	143	112	142	162	155	154	98	147	62	81	95	70	72	86	47	62	171	112	182	109	57	0	26	80	198	
98	179	75	93	110	96	100	83	122	124	106	109	11	62	13	101	35	55	71	32	32	210	76	186	166	121	166	183	159	153	98	148	77	88	94	90	92	72	69	86	164	101	190	118	31	26	0	86	186	
28	93	154	158	169	167	171	93	61	62	87	62	95	147	93	61	73	137	139	86	79	163	122	160	122	37	127	124	75	79	28	69	32	4	28	51	50	65	112	71	104	69	104	34	96	80	86	0	142	
114	144	212	189	185	203	206	112	82	81	81	83	188	242	199	202	197	239	257	206	201	24	150	40	254	148	262	243	117	83	114	99	173	144	114	193	191	114	242	212	45	86	147	148	168	198	186	142	0	
EDGE_TRAVEL_TIME_SECTION
0	176	314	310	327	331	339	159	66	68	130	73	210	321	215	176	187	304	318	210	197	270	231	267	292	93	305	287	127	112	0	100	118	60	9	158	154	105	271	196	155	92	196	90	198	196	196	55	228	
176	0	488	486	501	507	515	328	179	176	282	216	375	478	370	232	326	457	454	351	337	307	405	358	269	119	290	223	59	127	176	102	222	182	185	232	227	279	388	277	199	247	22	125	371	341	357	185	288	
314	488	0	73	110	58	64	202	342	346	267	306	127	122	155	352	215	139	204	199	206	471	125	395	480	381	477	516	441	412	314	410	302	313	306	330	332	224	250	318	409	279	509	376	117	194	149	308	423	
310	486	73	0	39	29	33	170	323	327	234	284	164	192	200	383	254	207	271	244	248	424	85	340	516	389	516	544	434	393	310	398	325	322	301	359	360	209	307	356	378	255	506	384	131	235	185	316	378	
327	501	110	39	0	57	55	176	331	335	237	292	199	231	235	413	288	246	310	280	283	414	96	325	547	410	549	573	447	401	327	409	353	345	318	389	390	222	344	389	379	262	520	405	162	270	219	338	370	
331	507	58	29	57	0	9	196	347	351	260	309	169	179	202	392	259	197	262	247	252	453	111	369	524	406	522	555	456	418	331	421	338	339	322	369	371	231	304	362	404	280	527	401	144	240	191	333	407	
339	515	64	33	55	9	0	202	355	359	267	316	178	185	211	401	268	203	268	255	261	457	118	372	533	415	531	564	464	425	339	429	346	348	330	378	380	239	312	371	411	287	535	410	152	248	200	342	411	
159	328	202	170	176	196	202	0	155	159	66	116	162	265	192	290	212	262	306	221	214	272	85	210	424	249	430	433	272	225	159	233	223	193	150	267	266	57	298	285	209	86	346	245	117	204	165	186	224	
66	179	342	323	331	347	355	155	0	4	103	39	254	368	266	241	248	354	376	269	256	204	239	208	350	139	364	336	120	71	66	79	184	126	67	224	220	118	334	262	90	70	195	139	231	253	244	121	163	
68	176	346	327	335	351	359	159	4	0	107	43	258	372	270	242	251	358	379	272	259	203	243	209	350	139	364	335	117	67	68	75	186	128	70	225	221	122	337	264	87	74	192	139	235	257	248	123	162	
130	282	267	234	237	260	267	66	103	107	0	66	214	323	238	292	244	317	354	258	249	211	149	164	418	223	429	417	223	169	130	182	226	181	124	270	268	69	333	298	144	38	298	220	174	241	212	174	163	
73	216	306	284	292	309	316	116	39	43	66	0	226	339	241	247	231	328	354	250	238	211	200	196	365	161	378	358	159	109	73	118	185	131	69	227	224	82	319	261	110	31	233	160	198	234	218	125	165	
210	375	127	164	199	169	178	162	254	258	214	226	0	114	38	225	90	103	145	81	84	424	139	372	355	262	353	389	335	319	210	310	176	194	203	203	205	149	151	193	336	208	397	256	50	71	22	190	375	
321	478	122	192	231	179	185	265	368	372	323	339	114	0	108	293	157	27	87	133	146	534	215	474	405	361	397	453	442	431	321	421	263	296	314	276	280	261	151	249	449	320	500	355	149	139	125	293	485	
215	370	155	200	235	202	211	192	266	270	238	241	38	108	0	200	60	90	116	45	51	446	176	400	325	254	323	364	335	326	215	314	159	188	208	179	182	171	113	163	351	228	392	248	86	39	27	186	398	
176	232	352	383	413	392	401	290	241	242	292	247	225	293	200	0	140	267	243	162	150	444	328	442	135	126	140	164	227	261	176	234	67	116	178	24	25	236	168	49	324	258	252	122	252	161	203	122	404	
187	326	215	254	288	259	268	212	248	251	244	231	90	157	60	140	0	134	132	26	12	442	218	408	265	207	264	304	297	299	187	283	106	148	183	120	124	175	89	104	337	225	348	201	129	21	69	147	395	
304	457	139	207	246	197	203	262	354	358	317	328	103	27	90	267	134	0	65	109	122	527	219	472	378	339	371	426	424	416	304	404	240	276	298	251	255	252	124	223	438	311	479	333	145	116	111	274	478	
318	454	204	271	310	262	268	306	376	379	354	354	145	87	116	243	132	65	0	108	122	561	276	515	337	336	327	392	428	430	318	415	233	279	313	231	236	286	79	195	463	342	476	330	193	123	142	279	513	
210	351	199	244	280	247	255	221	269	272	258	250	81	133	45	162	26	109	108	0	14	460	216	422	283	233	279	324	321	322	210	307	132	173	205	143	147	189	77	122	357	241	373	227	126	17	63	171	412	
197	337	206	248	283	252	261	214	256	259	249	238	84	146	51	150	12	122	122	14	0	449	215	413	274	219	272	314	307	309	197	293	118	159	192	131	135	180	84	112	345	231	359	213	126	13	64	157	402	
270	307	471	424	414	453	457	272	204	203	211	211	424	534	446	444	442	527	561	460	449	0	347	102	542	330	559	515	259	195	270	226	388	330	271	428	424	276	530	466	121	219	309	332	385	443	421	325	49	
231	405	125	85	96	111	118	85	239	243	149	200	139	215	176	328	218	219	276	216	215	347	0	270	463	315	467	484	352	309	231	315	265	251	222	304	305	127	289	310	293	170	425	310	90	202	153	245	299	
267	358	395	340	325	369	372	210	208	209	164	196	372	474	400	442	408	472	515	422	413	102	270	0	558	347	572	543	301	232	267	261	380	326	264	423	420	233	497	455	159	188	366	347	327	405	373	321	79	
292	269	480	516	547	524	533	424	350	350	418	365	355	405	325	135	265	378	337	283	274	542	463	558	0	213	23	69	293	348	292	317	201	237	297	159	160	368	259	162	421	382	283	212	385	286	333	244	508	
93	119	381	389	410	406	415	249	139	139	223	161	262	361	254	126	207	339	336	233	219	330	315	347	213	0	229	197	101	139	93	110	103	68	100	120	115	193	271	165	209	185	141	6	265	223	243	73	296	
305	290	477	516	549	522	531	430	364	364	429	378	353	397	323	140	264	371	327	279	272	559	467	572	23	229	0	91	312	366	305	335	207	248	309	164	165	376	249	160	438	393	304	227	387	284	332	255	524	
287	223	516	544	573	555	564	433	336	335	417	358	389	453	364	164	304	426	392	324	314	515	484	543	69	197	91	0	258	321	287	289	220	240	293	186	184	376	313	204	396	379	233	198	413	325	367	247	486	
127	59	441	434	447	456	464	272	120	117	223	159	335	442	335	227	297	424	428	321	307	259	352	301	293	101	312	258	0	69	127	43	199	149	135	220	215	225	368	266	145	189	75	106	325	309	319	150	235	
112	127	412	393	401	418	425	225	71	67	169	109	319	431	326	261	299	416	430	322	309	195	309	232	348	139	366	321	69	0	112	32	218	159	118	250	245	188	381	293	77	140	138	142	299	308	306	158	167	
0	176	314	310	327	331	339	159	66	68	130	73	210	321	215	176	187	304	318	210	197	270	231	267	292	93	305	287	127	112	0	100	118	60	9	158	154	105	271	196	155	92	196	90	198	196	196	55	228	
100	102	410	398	409	421	429	233	79	75	182	118	310	421	314	234	283	404	415	307	293	226	315	261	317	110	335	289	43	32	100	0	195	138	108	223	219	190	361	268	108	149	117	113	295	293	296	137	198	
118	222	302	325	353	338	346	223	184	186	226	185	176	263	159	67	106	240	233	132	118	388	265	380	201	103	207	220	199	218	118	195	0	60	118	44	43	169	169	78	272	193	244	97	194	125	155	63	346	
60	182	313	322	345	339	348	193	126	128	181	131	194	296	188	116	148	276	279	173	159	330	251	326	237	68	248	240	149	159	60	138	60	0	62	98	94	136	223	137	212	145	204	63	197	161	176	7	288	
9	185	306	301	318	322	330	150	67	70	124	69	203	314	208	178	183	298	313	205	192	271	222	264	297	100	309	293	135	118	9	108	118	62	0	159	156	96	267	196	157	86	205	97	190	191	189	57	228	
158	232	330	359	389	369	378	267	224	225	270	227	203	276	179	24	120	251	231	143	131	428	304	423	159	120	164	186	220	250	158	223	44	98	159	0	5	213	159	46	309	237	253	115	228	141	181	103	386	
154	227	332	360	390	371	380	266	220	221	268	224	205	280	182	25	124	255	236	147	135	424	305	420	160	115	165	184	215	245	154	219	43	94	156	5	0	212	164	51	305	235	248	110	229	144	183	100	382	
105	279	224	209	222	231	239	57	118	122	69	82	149	261	171	236	175	252	286	189	180	276	127	233	368	193	376	376	225	188	105	190	169	136	96	213	212	0	264	235	190	59	298	189	116	172	145	129	227	
271	388	250	307	344	304	312	298	334	337	333	319	151	151	113	168	89	124	79	77	84	530	289	497	259	271	249	313	368	381	271	361	169	223	267	159	164	264	0	119	423	314	410	266	199	94	137	224	484	
196	277	318	356	389	362	371	285	262	264	298	261	193	249	163	49	104	223	195	122	112	466	310	455	162	165	160	204	266	293	196	268	78	137	196	46	51	235	119	0	349	267	298	161	227	124	172	141	424	
155	199	409	378	379	404	411	209	90	87	144	110	336	449	351	324	337	438	463	357	345	121	293	159	421	209	438	396	145	77	155	108	272	212	157	309	305	190	423	349	0	131	207	211	306	341	328	209	90	
92	247	279	255	262	280	287	86	70	74	38	31	208	320	228	258	225	311	342	241	231	219	170	188	382	185	393	379	189	140	92	149	193	145	86	237	235	59	314	267	131	0	264	182	175	225	202	138	171	
196	22	509	506	520	527	535	346	195	192	298	233	397	500	392	252	348	479	476	373	359	309	425	366	283	141	304	233	75	138	196	117	244	204	205	253	248	298	410	298	207	264	0	147	393	363	379	207	293	
90	125	376	384	405	401	410	245	139	139	220	160	256	355	248	122	201	333	330	227	213	332	310	347	212	6	227	198	106	142	90	113	97	63	97	115	110	189	266	161	211	182	147	0	260	217	237	68	297	
198	371	117	131	162	144	152	117	231	235	174	198	50	149	86	252	129	145	193	126	126	385	90	327	385	265	387	413	325	299	198	295	194	197	190	228	229	116	199	227	306	175	393	260	0	113	63	192	337	
196	341	194	235	270	240	248	204	253	257	241	234	71	139	39	161	21	116	123	17	13	443	202	405	286	223	284	325	309	308	196	293	125	161	191	141	144	172	94	124	341	225	363	217	113	0	51	159	396	
196	357	149	185	219	191	200	165	244	248	212	218	22	125	27	203	69	111	142	63	64	421	153	373	333	243	332	367	319	306	196	296	155	176	189	181	183	145	137	172	328	202	379	237	63	51	0	172	372	
55	185	308	316	338	333	342	186	121	123	174	125	190	293	186	122	147	274	279	171	157	325	245	321	244	73	255	247	150	158	55	137	63	7	57	103	100	129	224	141	209	138	207	68	192	159	172	0	283	
228	288	423	378	370	407	411	224	163	162	163	165	375	485	398	404	395	478	513	412	402	49	299	79	508	296	524	486	235	167	228	198	346	288	228	386	382	227	484	424	90	171	293	297	337	396	372	283	0	
TIME_WINDOW_SECTION
1	0	720
2	0	720
3	204	218
4	291	304
5	343	560
6	617	639
7	0	720
8	133	136
9	291	296
10	300	351
11	458	564
12	0	720
13	66	70
14	184	334
15	0	720
16	0	720
17	199	210
18	344	355
19	420	444
20	552	559
21	0	720
22	0	720
23	335	362
24	0	720
25	110	112
26	325	343
27	0	720
28	289	351
29	0	720
30	135	256
31	0	720
32	146	207
33	402	419
34	0	720
35	0	720
36	125	162
37	0	720
38	283	296
39	560	573
40	0	720
41	256	486
42	0	720
43	209	459
44	0	720
45	241	248
46	361	449
47	0	720
48	0	720
49	0	720
CLUSTER_SECTION
1	1	
2	2	
3	3	4	5	6	7	
4	8	9	10	11	12	
5	13	14	15	
6	16	
7	17	18	19	20	21	
8	22	
9	23	24	
10	25	26	27	
11	28	29	
12	30	31	
13	32	33	34	
14	35	
15	36	37	
16	38	39	40	
17	41	42	
18	43	44	
19	45	46	47	
20	48	
21	49	
DEMAND_SECTION
1	0
2	56
3	35
4	61
5	70
6	55
7	54
8	55
9	58
10	31
11	69
12	33
13	69
14	68
15	42
16	63
17	22
18	58
19	65
20	58
21	47
DEPOT_SECTION
1
EOF