NAME:	instance_5-triangle
TYPE:	VRPRDL
DIMENSION:	53
CAPACITY:	750
TIME_HORIZON:	720
NUM_CUSTOMERS:	21
NODE_COORD_SECTION
1	0.0	0.0
2	-89.0298030481	66.5765845466
3	-45.4947571916	115.397416084
4	2.9190561026	-24.9756657508
5	-16.5890943663	-134.909848809
6	9.42512395067	-10.7839554344
7	12.3695048108	-41.9005337649
8	34.8200885476	93.7509404409
9	22.409026817	111.786887218
10	45.0543262011	120.432608282
11	40.1244898289	90.4438368121
12	-20.5622566873	13.4448907432
13	49.8812694409	6.17809804809
14	-1.69261026499	0.795651039849
15	67.4469768592	13.8937171119
16	110.155704671	-96.9446985269
17	110.389635962	-97.1577503939
18	141.200782532	8.46632577791
19	72.8837401048	-47.0266021046
20	36.0262650844	47.4728570105
21	80.1244801575	-12.7702134824
22	-39.8383562959	-84.3817550922
23	32.9833332189	-37.4370152708
24	-78.8727731204	-136.196655556
25	-9.9112597541	-82.5754339073
26	-48.4324947332	-27.8059231114
27	-85.4590530229	-92.1761929383
28	-78.6916006613	-18.5163291485
29	-8.06855539378	-19.7619108937
30	9.94355648209	45.5482329066
31	42.2476490995	9.27573665332
32	3.3029771156	-2.26676022321
33	-103.83721842	-68.8733036978
34	-76.2709424117	-42.9396262588
35	-86.0294134507	-63.301379317
36	-77.0562981142	-18.5237620116
37	-87.7052573591	-58.1420625629
38	-67.3739676628	5.45550886378
39	71.3115737721	138.845719064
40	102.47839066	167.250777633
41	112.468730092	152.340282237
42	53.1270276388	131.421724592
43	77.4391030506	50.0197209363
44	3.61485018797	60.3834363992
45	66.9917066163	68.0106724513
46	89.6770987283	48.755634824
47	59.5071728575	36.9747734906
48	-28.7936958526	-24.8486757545
49	94.261932893	118.716803727
50	14.3548158037	28.9508773371
51	153.701150754	108.990849769
52	78.5426399883	74.2604512772
53	75.1273784028	52.0895587393
EDGE_WEIGHT_SECTION
0	111	124	25	136	14	44	100	114	128	99	25	50	2	69	147	147	141	87	60	81	93	50	157	83	56	126	81	21	47	43	4	124	88	107	79	105	68	156	196	189	142	92	60	95	102	70	38	152	32	188	108	91	
111	0	65	130	214	125	148	127	120	144	131	87	151	109	165	257	257	237	198	127	187	159	160	203	169	103	159	86	118	101	143	115	136	110	130	86	125	65	176	216	219	156	167	93	156	179	151	109	191	110	246	168	165	
124	65	0	148	252	137	167	83	68	91	89	105	145	123	152	263	263	215	201	106	179	200	172	254	201	143	211	138	140	89	138	127	193	161	183	138	179	112	119	157	162	100	139	74	122	151	131	141	140	105	199	131	136	
25	130	148	0	112	16	19	123	138	151	121	45	56	26	75	129	129	142	73	80	78	73	33	138	59	51	111	82	12	71	52	23	115	81	97	80	97	76	178	216	208	164	106	85	113	114	84	32	170	55	202	125	106	
136	214	252	112	0	127	97	234	249	262	232	148	156	137	171	132	132	213	125	189	156	56	109	62	53	112	81	132	115	182	156	134	109	110	100	131	105	149	287	324	315	275	207	196	219	212	188	111	277	167	297	230	208	
14	125	137	16	127	0	31	108	123	136	106	39	44	16	63	133	133	133	73	64	71	89	36	153	74	60	125	88	20	56	38	10	127	92	109	87	108	78	162	201	193	149	91	71	98	100	69	41	155	40	187	110	91	
44	148	167	19	97	31	0	137	154	165	135	64	61	45	78	112	112	138	61	92	74	67	21	131	46	62	110	94	30	87	59	41	119	89	101	92	101	93	190	228	218	178	113	102	123	119	92	45	180	71	206	133	113	
100	127	83	123	234	108	137	0	22	29	6	98	89	100	86	205	205	136	146	46	116	193	131	256	182	147	221	160	121	54	85	101	214	176	198	158	195	135	58	100	97	42	61	46	41	71	62	134	64	68	120	48	58	
114	120	68	138	249	123	154	22	0	24	28	107	109	113	108	226	226	157	167	66	137	206	150	268	196	157	231	165	135	67	104	115	220	184	206	164	202	139	56	97	99	36	83	55	62	92	84	146	72	83	131	68	80	
128	144	91	151	262	136	165	29	24	0	30	126	114	128	109	227	227	148	170	73	138	221	158	285	210	175	249	186	149	83	111	129	241	203	226	185	222	161	32	74	75	14	78	73	57	84	85	163	49	96	109	57	75	
99	131	89	121	232	106	135	6	28	30	0	98	85	99	81	200	200	130	141	43	111	192	128	256	180	148	222	161	120	54	81	100	215	177	199	160	196	137	58	99	95	43	55	47	35	65	57	134	61	67	115	42	52	
25	87	105	45	148	39	64	98	107	126	98	0	71	23	88	171	171	162	111	66	104	100	74	161	97	50	124	66	35	44	63	29	117	79	101	65	98	47	155	197	192	139	105	53	103	115	83	39	156	38	199	116	103	
50	151	145	56	156	44	61	89	109	114	85	71	0	52	19	119	119	91	58	44	36	127	47	192	107	104	167	131	63	56	8	47	170	135	152	129	151	117	134	169	159	125	52	71	64	58	32	84	121	42	146	74	52	
2	109	123	26	137	16	45	100	113	128	99	23	52	0	70	149	149	143	89	60	83	93	52	157	84	55	125	79	22	46	45	6	123	86	106	78	104	66	156	196	190	142	93	60	96	103	71	37	152	32	189	109	92	
69	165	152	75	171	63	78	86	108	109	81	88	19	70	0	119	119	74	61	46	30	145	62	209	124	123	186	149	82	66	26	66	189	154	171	148	170	135	125	157	145	118	37	79	54	41	24	103	108	55	128	61	39	
147	257	263	129	132	133	112	205	226	227	200	171	119	149	119	0	0	110	62	162	89	151	97	193	121	173	196	204	141	174	126	143	216	194	199	203	202	205	239	264	249	235	151	190	171	147	143	157	216	158	210	174	153	
147	257	263	129	132	133	112	205	226	227	200	171	119	149	119	0	0	110	62	162	89	151	97	193	121	173	196	204	141	174	126	143	216	194	199	203	202	205	239	264	249	235	151	190	171	147	143	157	216	158	210	174	153	
141	237	215	142	213	133	138	136	157	148	130	162	91	143	74	110	110	0	88	112	65	203	118	263	176	193	248	221	152	136	99	138	257	223	238	220	238	208	148	163	147	151	76	147	95	65	87	173	120	128	101	91	79	
87	198	201	73	125	73	61	146	167	170	141	111	58	89	61	62	62	88	0	101	35	119	41	176	90	123	165	154	85	112	64	83	178	149	160	153	161	149	186	216	203	179	97	128	115	97	85	104	167	96	176	121	99	
60	127	106	80	189	64	92	46	66	73	43	66	44	60	46	162	162	112	101	0	75	152	85	216	138	113	185	132	80	26	39	60	182	144	165	131	163	112	98	137	130	86	41	35	37	53	26	97	92	29	133	50	39	
81	187	179	78	156	71	74	116	137	138	111	104	36	83	30	89	89	65	35	75	0	140	53	201	114	129	183	159	88	91	44	78	192	159	174	157	174	149	152	181	168	147	63	106	82	62	54	109	132	78	142	87	65	
93	159	200	73	56	89	67	193	206	221	192	100	127	93	145	151	151	203	119	152	140	0	87	65	30	57	46	76	72	139	125	93	66	55	51	76	55	94	249	289	281	235	178	151	186	185	157	61	243	125	273	198	178	
50	160	172	33	109	36	21	131	150	158	128	74	47	52	62	97	97	118	41	85	53	87	0	149	62	82	130	113	45	86	48	46	140	109	122	112	122	109	180	216	206	170	98	102	111	103	79	63	168	69	190	121	99	
157	203	254	138	62	153	131	256	268	285	256	161	192	157	209	193	193	263	176	216	201	65	149	0	87	113	45	118	136	202	189	157	72	93	73	117	78	142	313	353	346	298	243	213	251	250	222	122	308	189	337	263	243	
83	169	201	59	53	74	46	182	196	210	180	97	107	84	124	121	121	176	90	138	114	30	62	87	0	67	76	94	63	129	105	81	95	77	79	93	82	105	236	274	264	223	159	143	169	165	138	61	226	114	252	179	159	
56	103	143	51	112	60	62	147	157	175	148	50	104	55	123	173	173	193	123	113	129	57	82	113	67	0	74	32	41	94	98	58	69	32	52	30	50	38	205	247	242	189	148	102	150	158	126	20	205	85	244	163	147	
126	159	211	111	81	125	110	221	231	249	222	124	167	125	186	196	196	248	165	185	183	46	130	45	76	74	0	74	106	168	163	126	30	50	29	74	34	99	279	320	315	263	216	176	221	225	194	88	277	157	312	233	216	
81	86	138	82	132	88	94	160	165	186	161	66	131	79	149	204	204	221	154	132	159	76	113	118	94	32	74	0	71	109	124	84	56	25	45	2	41	27	217	259	256	200	171	114	169	181	149	50	221	104	265	182	169	
21	118	140	12	115	20	30	121	135	149	120	35	63	22	82	141	141	152	85	80	88	72	45	136	63	41	106	71	0	68	58	21	107	72	89	69	88	64	177	217	210	163	110	81	115	119	88	21	172	53	206	128	110	
47	101	89	71	182	56	87	54	67	83	54	44	56	46	66	174	174	136	112	26	91	139	86	202	129	94	168	109	68	0	49	48	161	123	145	108	142	87	112	153	148	96	67	16	61	79	50	80	112	17	157	74	65	
43	143	138	52	156	38	59	85	104	111	81	63	8	45	26	126	126	99	64	39	44	125	48	189	105	98	163	124	58	49	0	41	165	130	147	122	146	110	133	169	159	123	54	64	64	62	33	79	121	34	150	74	54	
4	115	127	23	134	10	41	101	115	129	100	29	47	6	66	143	143	138	83	60	78	93	46	157	81	58	126	84	21	48	41	0	126	89	108	82	107	71	157	196	189	143	91	63	95	100	69	39	151	33	187	107	90	
124	136	193	115	109	127	119	214	220	241	215	117	170	123	189	216	216	257	178	182	192	66	140	72	95	69	30	56	107	161	165	126	0	38	19	57	19	83	272	314	309	254	216	168	219	226	194	87	273	153	312	232	215	
88	110	161	81	110	92	89	176	184	203	177	79	135	86	154	194	194	223	149	144	159	55	109	93	77	32	50	25	72	123	130	89	38	0	23	24	19	49	234	276	271	217	179	131	181	189	157	51	235	116	275	194	178	
107	130	183	97	100	109	101	198	206	226	199	101	152	106	171	199	199	238	160	165	174	51	122	73	79	52	29	45	89	145	147	108	19	23	0	46	5	71	256	298	293	239	199	153	202	208	177	69	256	136	295	214	198	
79	86	138	80	131	87	92	158	164	185	160	65	129	78	148	203	203	220	153	131	157	76	112	117	93	30	74	2	69	108	122	82	57	24	46	0	41	26	216	258	255	199	169	113	168	179	147	49	220	103	264	181	168	
105	125	179	97	105	108	101	195	202	222	196	98	151	104	170	202	202	238	161	163	174	55	122	78	82	50	34	41	88	142	146	107	19	19	5	41	0	67	253	295	290	236	197	150	200	207	175	68	254	134	293	213	196	
68	65	112	76	149	78	93	135	139	161	137	47	117	66	135	205	205	208	149	112	149	94	109	142	105	38	99	27	64	87	110	71	83	49	71	26	67	0	192	234	232	174	152	90	148	162	130	49	197	85	244	161	150	
156	176	119	178	287	162	190	58	56	32	58	155	134	156	125	239	239	148	186	98	152	249	180	313	236	205	279	217	177	112	133	157	272	234	256	216	253	192	0	42	43	20	89	104	71	92	103	192	31	124	88	65	87	
196	216	157	216	324	201	228	100	97	74	99	197	169	196	157	264	264	163	216	137	181	289	216	353	274	247	320	259	217	153	169	196	314	276	298	258	295	234	42	0	18	61	120	146	105	119	137	233	49	164	78	96	118	
189	219	162	208	315	193	218	97	99	75	95	192	159	190	145	249	249	147	203	130	168	281	206	346	264	242	315	256	210	148	159	189	309	271	293	255	290	232	43	18	0	63	108	142	96	106	127	227	38	158	60	85	107	
142	156	100	164	275	149	178	42	36	14	43	139	125	142	118	235	235	151	179	86	147	235	170	298	223	189	263	200	163	96	123	143	254	217	239	199	236	174	20	61	63	0	85	87	65	90	95	176	43	110	103	63	82	
92	167	139	106	207	91	113	61	83	78	55	105	52	93	37	151	151	76	97	41	63	178	98	243	159	148	216	171	110	67	54	91	216	179	199	169	197	152	89	120	108	85	0	75	21	12	22	130	71	67	96	24	3	
60	93	74	85	196	71	102	46	55	73	47	53	71	60	79	190	190	147	128	35	106	151	102	213	143	102	176	114	81	16	64	63	168	131	153	113	150	90	104	146	142	87	75	0	64	87	61	91	108	33	158	76	72	
95	156	122	113	219	98	123	41	62	57	35	103	64	96	54	171	171	95	115	37	82	186	111	251	169	150	221	169	115	61	64	95	219	181	202	168	200	148	71	105	96	65	21	64	0	30	32	133	58	66	96	13	18	
102	179	151	114	212	100	119	71	92	84	65	115	58	103	41	147	147	65	97	53	62	185	103	250	165	158	225	181	119	79	62	100	226	189	208	179	207	162	92	119	106	90	12	87	30	0	32	139	70	78	88	28	15	
70	151	131	84	188	69	92	62	84	85	57	83	32	71	24	143	143	87	85	26	54	157	79	222	138	126	194	149	88	50	33	69	194	157	177	147	175	130	103	137	127	95	22	61	32	32	0	108	89	46	118	42	22	
38	109	141	32	111	41	45	134	146	163	134	39	84	37	103	157	157	173	104	97	109	61	63	122	61	20	88	50	21	80	79	39	87	51	69	49	68	49	192	233	227	176	130	91	133	139	108	0	189	69	226	146	129	
152	191	140	170	277	155	180	64	72	49	61	156	121	152	108	216	216	120	167	92	132	243	168	308	226	205	277	221	172	112	121	151	273	235	256	220	254	197	31	49	38	43	71	108	58	70	89	189	0	120	60	47	69	
32	110	105	55	167	40	71	68	83	96	67	38	42	32	55	158	158	128	96	29	78	125	69	189	114	85	157	104	53	17	34	33	153	116	136	103	134	85	124	164	158	110	67	33	66	78	46	69	120	0	161	79	65	
188	246	199	202	297	187	206	120	131	109	115	199	146	189	128	210	210	101	176	133	142	273	190	337	252	244	312	265	206	157	150	187	312	275	295	264	293	244	88	78	60	103	96	158	96	88	118	226	60	161	0	83	97	
108	168	131	125	230	110	133	48	68	57	42	116	74	109	61	174	174	91	121	50	87	198	121	263	179	163	233	182	128	74	74	107	232	194	214	181	213	161	65	96	85	63	24	76	13	28	42	146	47	79	83	0	22	
91	165	136	106	208	91	113	58	80	75	52	103	52	92	39	153	153	79	99	39	65	178	99	243	159	147	216	169	110	65	54	90	215	178	198	168	196	150	87	118	107	82	3	72	18	15	22	129	69	65	97	22	0	
EDGE_TRAVEL_TIME_SECTION
0	111	124	25	136	15	44	100	114	129	99	25	51	2	69	147	147	142	87	60	81	94	50	158	83	56	126	81	22	47	44	4	125	88	107	80	105	68	156	196	190	142	92	61	96	102	70	38	152	33	189	108	92	
111	0	66	130	214	125	149	127	121	145	132	87	151	109	165	258	258	238	198	127	187	159	161	203	169	103	159	86	119	101	143	115	137	110	130	86	125	65	176	217	219	156	168	93	156	180	152	110	191	110	247	168	165	
124	66	0	149	252	138	168	83	68	91	89	105	145	123	152	263	264	215	201	106	180	200	172	254	201	143	211	138	140	89	138	128	194	161	183	138	179	112	119	157	162	100	139	74	122	151	131	141	140	105	200	131	136	
25	130	149	0	112	16	20	123	138	152	122	45	57	26	76	129	130	143	74	80	78	73	33	138	59	52	111	82	12	71	52	23	116	81	97	80	97	77	178	217	209	165	106	85	113	114	84	32	171	55	202	125	106	
136	214	252	112	0	127	98	235	250	263	233	149	156	137	171	133	133	213	126	190	156	56	110	63	53	112	81	132	116	183	156	134	110	110	100	131	105	150	288	325	315	276	208	197	219	212	188	111	277	167	298	230	209	
15	125	138	16	127	0	32	108	123	136	106	39	44	16	63	133	133	133	73	64	71	89	36	154	75	61	125	89	20	57	39	11	127	92	109	87	108	79	162	201	193	149	91	72	98	100	69	41	155	40	188	110	91	
44	149	168	20	98	32	0	138	154	166	135	65	61	45	79	112	113	139	61	93	74	68	21	131	47	63	110	94	30	88	60	41	119	89	101	93	102	93	190	228	218	178	113	103	123	119	92	45	180	71	207	134	113	
100	127	83	123	235	108	138	0	22	29	7	98	89	100	87	205	206	136	146	47	116	193	131	257	182	148	222	160	122	54	85	101	214	176	198	159	195	135	58	100	98	42	61	46	41	71	62	135	65	68	120	48	58	
114	121	68	138	250	123	154	22	0	24	28	108	109	114	108	227	227	158	167	66	138	206	150	268	197	157	231	165	135	68	104	116	221	184	206	164	203	139	56	98	99	37	83	55	63	92	84	146	72	83	132	68	80	
129	145	91	152	263	136	166	29	24	0	31	126	115	129	109	227	227	148	170	74	138	222	159	285	211	176	250	186	150	83	111	130	241	204	226	185	223	161	32	74	75	14	78	73	57	85	85	163	49	97	109	57	75	
99	132	89	122	233	106	135	7	28	31	0	98	85	99	82	200	200	130	142	43	111	192	128	256	180	148	222	161	120	54	81	100	215	177	199	160	196	137	58	99	95	43	55	48	35	65	57	135	61	67	115	42	52	
25	87	105	45	149	39	65	98	108	126	98	0	71	23	88	171	172	162	111	66	104	100	74	161	97	50	124	67	36	45	63	29	117	80	101	65	98	48	156	197	193	139	105	53	103	116	84	39	156	38	199	116	103	
51	151	145	57	156	44	61	89	109	115	85	71	0	52	19	120	120	92	58	44	36	128	47	192	107	104	168	131	64	56	8	48	171	136	153	130	152	118	135	170	159	126	52	72	64	59	33	85	121	42	146	74	53	
2	109	123	26	137	16	45	100	114	129	99	23	52	0	71	149	149	143	89	60	83	94	52	157	84	55	125	80	22	46	45	6	124	87	106	78	105	66	156	197	190	142	93	60	96	103	71	38	152	33	190	109	93	
69	165	152	76	171	63	79	87	108	109	82	88	19	71	0	119	119	74	61	46	30	146	62	210	124	123	186	150	83	66	26	66	190	155	172	148	171	135	125	157	146	119	38	79	54	42	25	104	108	55	129	62	39	
147	258	263	129	133	133	112	205	227	227	200	171	120	149	119	0	1	110	63	163	90	151	98	193	121	173	196	205	141	174	126	143	216	194	199	203	202	205	239	265	250	236	151	190	171	147	143	157	216	158	211	174	153	
147	258	264	130	133	133	113	206	227	227	200	172	120	149	119	1	0	110	63	163	90	151	98	193	121	174	196	205	142	175	127	143	216	195	200	204	202	205	239	265	250	236	151	191	171	148	144	157	217	159	211	175	154	
142	238	215	143	213	133	139	136	158	148	130	162	92	143	74	110	110	0	88	112	65	204	118	264	177	193	248	222	152	137	99	139	257	224	238	220	239	209	148	164	147	151	76	147	95	66	87	173	120	129	102	91	79	
87	198	201	74	126	73	61	146	167	170	142	111	58	89	61	63	63	88	0	102	35	119	41	176	90	123	165	154	86	112	64	83	178	149	160	153	161	150	186	216	203	180	97	128	115	97	85	104	167	96	176	122	99	
60	127	106	80	190	64	93	47	66	74	43	66	44	60	46	163	163	112	102	0	75	152	85	217	138	113	185	133	81	26	39	60	182	144	165	131	163	112	98	137	130	86	42	35	37	54	26	97	92	29	133	50	40	
81	187	180	78	156	71	74	116	138	138	111	104	36	83	30	90	90	65	35	75	0	140	53	202	114	130	184	159	89	91	44	78	192	159	174	158	174	149	152	181	168	147	63	106	82	63	54	110	132	78	143	87	65	
94	159	200	73	56	89	68	193	206	222	192	100	128	94	146	151	151	204	119	152	140	0	87	65	30	57	47	77	72	139	125	93	66	55	51	76	55	94	250	289	282	235	179	151	186	186	157	61	244	126	274	198	179	
50	161	172	33	110	36	21	131	150	159	128	74	47	52	62	98	98	118	41	85	53	87	0	149	63	82	131	113	45	86	48	46	140	110	122	112	123	109	181	216	206	170	98	102	111	103	79	63	168	69	190	121	99	
158	203	254	138	63	154	131	257	268	285	256	161	192	157	210	193	193	264	176	217	202	65	149	0	88	113	45	118	137	203	190	157	72	94	73	118	79	142	313	354	346	299	243	213	251	250	222	122	308	190	338	263	243	
83	169	201	59	53	75	47	182	197	211	180	97	107	84	124	121	121	177	90	138	114	30	63	88	0	67	76	94	63	130	106	82	95	78	79	93	82	105	236	274	265	223	159	144	169	165	138	61	227	114	252	180	160	
56	103	143	52	112	61	63	148	157	176	148	50	104	55	123	173	174	193	123	113	130	57	82	113	67	0	75	32	41	94	98	58	69	32	52	30	50	39	205	247	242	189	148	103	150	158	126	20	205	85	244	163	147	
126	159	211	111	81	125	110	222	231	250	222	124	168	125	186	196	196	248	165	185	184	47	131	45	76	75	0	74	106	168	163	127	30	50	29	74	34	99	279	321	315	263	216	177	221	225	194	88	277	157	313	234	216	
81	86	138	82	132	89	94	160	165	186	161	67	131	80	150	205	205	222	154	133	159	77	113	118	94	32	74	0	71	110	124	84	57	25	46	2	41	27	218	260	256	200	171	114	170	182	149	50	221	105	265	183	169	
22	119	140	12	116	20	30	122	135	150	120	36	64	22	83	141	142	152	86	81	89	72	45	137	63	41	106	71	0	68	58	21	108	72	90	69	89	65	178	217	210	163	110	81	116	120	88	22	172	54	207	128	110	
47	101	89	71	183	57	88	54	68	83	54	45	56	46	66	174	175	137	112	26	91	139	86	203	130	94	168	110	68	0	49	49	162	124	145	108	143	87	112	153	148	96	68	16	62	80	51	81	112	17	157	75	66	
44	143	138	52	156	39	60	85	104	111	81	63	8	45	26	126	127	99	64	39	44	125	48	190	106	98	163	124	58	49	0	41	166	130	148	123	147	110	133	169	159	123	54	64	64	62	33	79	121	34	150	75	54	
4	115	128	23	134	11	41	101	116	130	100	29	48	6	66	143	143	139	83	60	78	93	46	157	82	58	127	84	21	49	41	0	126	89	108	82	107	71	157	197	190	143	91	63	95	101	69	39	152	33	187	108	90	
125	137	194	116	110	127	119	214	221	241	215	117	171	124	190	216	216	257	178	182	192	66	140	72	95	69	30	57	108	162	166	126	0	38	19	57	20	83	272	314	310	255	217	168	219	227	195	87	273	154	313	232	216	
88	110	161	81	110	92	89	176	184	204	177	80	136	87	155	194	195	224	149	144	159	55	110	94	78	32	50	25	72	124	130	89	38	0	23	25	19	49	234	276	272	217	180	131	181	190	158	51	235	116	276	194	179	
107	130	183	97	100	109	101	198	206	226	199	101	153	106	172	199	200	238	160	165	174	51	122	73	79	52	29	46	90	145	148	108	19	23	0	46	6	71	256	298	293	239	199	153	202	209	177	69	256	136	295	215	198	
80	86	138	80	131	87	93	159	164	185	160	65	130	78	148	203	204	220	153	131	158	76	112	118	93	30	74	2	69	108	123	82	57	25	46	0	41	26	217	259	255	199	169	113	168	180	148	49	220	103	264	181	168	
105	125	179	97	105	108	102	195	203	223	196	98	152	105	171	202	202	239	161	163	174	55	123	79	82	50	34	41	89	143	147	107	20	19	6	41	0	67	253	295	291	236	197	150	200	207	175	68	254	134	294	213	197	
68	65	112	77	150	79	93	135	139	161	137	48	118	66	135	205	205	209	150	112	149	94	109	142	105	39	99	27	65	87	110	71	83	49	71	26	67	0	193	235	232	175	152	90	148	163	131	49	198	85	244	161	150	
156	176	119	178	288	162	190	58	56	32	58	156	135	156	125	239	239	148	186	98	152	250	181	313	236	205	279	218	178	112	133	157	272	234	256	217	253	193	0	42	44	20	89	104	71	92	103	192	31	124	88	65	87	
196	217	157	217	325	201	228	100	98	74	99	197	170	197	157	265	265	164	216	137	181	289	216	354	274	247	321	260	217	153	169	197	314	276	298	259	295	235	42	0	18	61	120	146	106	119	137	233	49	164	78	96	119	
190	219	162	209	315	193	218	98	99	75	95	193	159	190	146	250	250	147	203	130	168	282	206	346	265	242	315	256	210	148	159	190	310	272	293	255	291	232	44	18	0	63	108	143	96	106	127	227	38	158	60	85	107	
142	156	100	165	276	149	178	42	37	14	43	139	126	142	119	236	236	151	180	86	147	235	170	299	223	189	263	200	163	96	123	143	255	217	239	199	236	175	20	61	63	0	85	87	65	91	95	177	43	110	103	63	83	
92	168	139	106	208	91	113	61	83	78	55	105	52	93	38	151	151	76	97	42	63	179	98	243	159	148	216	171	110	68	54	91	217	180	199	169	197	152	89	120	108	85	0	75	21	13	22	130	71	67	97	25	3	
61	93	74	85	197	72	103	46	55	73	48	53	72	60	79	190	191	147	128	35	106	151	102	213	144	103	177	114	81	16	64	63	168	131	153	113	150	90	104	146	143	87	75	0	64	87	61	91	108	33	158	76	72	
96	156	122	113	219	98	123	41	63	57	35	103	64	96	54	171	171	95	115	37	82	186	111	251	169	150	221	170	116	62	64	95	219	181	202	168	200	148	71	106	96	65	21	64	0	30	32	134	58	66	96	13	18	
102	180	151	114	212	100	119	71	92	85	65	116	59	103	42	147	148	66	97	54	63	186	103	250	165	158	225	182	120	80	62	101	227	190	209	180	207	163	92	119	106	91	13	87	30	0	33	140	70	78	88	28	15	
70	152	131	84	188	69	92	62	84	85	57	84	33	71	25	143	144	87	85	26	54	157	79	222	138	126	194	149	88	51	33	69	195	158	177	148	175	131	103	137	127	95	22	61	32	33	0	108	89	46	119	42	22	
38	110	141	32	111	41	45	135	146	163	135	39	85	38	104	157	157	173	104	97	110	61	63	122	61	20	88	50	22	81	79	39	87	51	69	49	68	49	192	233	227	177	130	91	134	140	108	0	189	69	226	146	129	
152	191	140	171	277	155	180	65	72	49	61	156	121	152	108	216	217	120	167	92	132	244	168	308	227	205	277	221	172	112	121	152	273	235	256	220	254	198	31	49	38	43	71	108	58	70	89	189	0	120	60	47	70	
33	110	105	55	167	40	71	68	83	97	67	38	42	33	55	158	159	129	96	29	78	126	69	190	114	85	157	105	54	17	34	33	154	116	136	103	134	85	124	164	158	110	67	33	66	78	46	69	120	0	161	79	65	
189	247	200	202	298	188	207	120	132	109	115	199	146	190	129	211	211	102	176	133	143	274	190	338	252	244	313	265	207	157	150	187	313	276	295	264	294	244	88	78	60	103	97	158	96	88	119	226	60	161	0	83	97	
108	168	131	125	230	110	134	48	68	57	42	116	74	109	62	174	175	91	122	50	87	198	121	263	180	163	234	183	128	75	75	108	232	194	215	181	213	161	65	96	85	63	25	76	13	28	42	146	47	79	83	0	23	
92	165	136	106	209	91	113	58	80	75	52	103	53	93	39	153	154	79	99	40	65	179	99	243	160	147	216	169	110	66	54	90	216	179	198	168	197	150	87	119	107	83	3	72	18	15	22	129	70	65	97	23	0	
TIME_WINDOW_SECTION
1	0	720
2	190	247
3	0	720
4	0	720
5	231	275
6	402	552
7	0	720
8	92	98
9	120	350
10	374	425
11	0	720
12	59	169
13	240	425
14	0	720
15	0	720
16	63	358
17	0	720
18	257	262
19	350	502
20	0	720
21	149	186
22	326	500
23	0	720
24	111	154
25	242	372
26	439	529
27	0	720
28	0	720
29	134	248
30	316	469
31	518	566
32	0	720
33	140	269
34	307	359
35	382	425
36	471	557
37	0	720
38	0	720
39	66	93
40	135	180
41	198	303
42	0	720
43	50	170
44	245	392
45	456	545
46	575	640
47	0	720
48	0	720
49	0	720
50	0	720
51	223	236
52	319	443
53	0	720
CLUSTER_SECTION
1	1	
2	2	3	
3	4	
4	5	6	7	
5	8	9	10	11	
6	12	13	14	
7	15	
8	16	17	
9	18	19	20	
10	21	22	23	
11	24	25	26	27	
12	28	
13	29	30	31	32	
14	33	34	35	36	37	
15	38	
16	39	40	41	42	
17	43	44	45	46	47	
18	48	
19	49	
20	50	
21	51	52	53	
DEMAND_SECTION
1	0
2	16
3	26
4	40
5	30
6	35
7	20
8	15
9	31
10	18
11	28
12	34
13	23
14	18
15	16
16	32
17	28
18	14
19	28
20	25
21	17
DEPOT_SECTION
1
EOF