NAME:	instance_4-triangle
TYPE:	VRPRDL
DIMENSION:	41
CAPACITY:	750
TIME_HORIZON:	720
NUM_CUSTOMERS:	16
NODE_COORD_SECTION
1	0.0	0.0
2	95.0073526015	-110.030614943
3	113.528442038	-29.2959208711
4	87.0815761444	-131.481658896
5	140.720165554	-102.862592164
6	-104.707030729	-51.3834568498
7	-175.481522597	-38.3026761088
8	-82.4858783539	-80.7321519394
9	-75.1262860752	108.604681913
10	-71.3360884503	122.887826222
11	-6.29078966998	54.0632589983
12	-29.211580081	91.7787942759
13	9.49442808823	16.0193969893
14	3.65702802258	29.4983600024
15	95.4820004246	55.4551428732
16	94.016574983	50.350089024
17	60.0502919363	-116.0793971
18	-30.205508381	-108.004616697
19	82.5238418633	-110.937119441
20	150.664796706	-54.2295036502
21	0.648253351169	153.510910638
22	-100.496683804	-30.6714445418
23	-31.1006734857	-20.5294696383
24	-54.0095069137	-12.2732494939
25	-56.194994885	-2.00703906338
26	-64.8253068038	-17.99705875
27	-44.702335275	-27.6523425345
28	-55.2925526279	-25.9334192179
29	0.497730499821	-49.7347425197
30	-22.0408909369	-36.2071988395
31	-25.9258163375	139.262629145
32	-0.865910078566	-13.0035011848
33	10.4121422365	-29.1373729196
34	-3.63396669827	-35.3266794344
35	11.372859652	-25.9663344225
36	32.3153758922	-128.932987762
37	-36.1552975276	-151.909819657
38	19.701043223	-150.083618272
39	-63.1592085632	-152.506140654
40	-63.4041305671	-139.5294418
41	-56.9130364249	17.6237702607
EDGE_WEIGHT_SECTION
0	145	117	158	174	117	179	115	132	142	54	96	19	30	110	107	130	112	138	160	154	105	37	55	56	67	52	61	50	42	141	13	31	35	28	133	156	151	165	153	60	
145	0	83	23	46	208	280	180	277	286	193	237	152	167	165	160	35	125	13	79	280	211	155	178	186	184	162	172	112	138	277	136	117	124	119	65	137	85	163	161	198	
117	83	0	106	78	219	288	203	234	239	146	187	113	125	87	82	102	164	87	45	215	214	145	168	172	179	158	169	115	135	219	116	103	117	102	129	193	153	215	208	177	
158	23	106	0	61	208	279	177	290	300	208	251	167	181	187	182	31	120	21	100	298	213	162	185	193	189	168	177	119	145	293	148	128	132	130	55	125	70	152	151	207	
174	46	78	61	0	251	323	224	302	310	215	258	177	191	165	160	81	171	59	50	292	252	190	214	221	222	200	211	150	176	294	168	150	159	150	111	183	130	209	207	231	
117	208	219	208	251	0	72	37	163	177	144	162	133	135	227	223	177	94	196	255	230	21	80	64	69	52	65	56	105	84	206	111	117	102	119	157	122	159	109	97	84	
179	280	288	279	323	72	0	102	178	192	193	196	193	192	287	284	248	161	268	326	260	75	145	124	125	113	131	120	176	153	232	176	186	171	187	227	180	225	160	151	131	
115	180	203	177	224	37	102	0	189	204	155	180	133	140	224	220	147	59	168	235	249	53	79	74	83	65	65	61	89	75	227	106	106	91	109	125	85	123	74	62	101	
132	277	234	290	302	163	178	189	0	15	88	49	125	112	179	179	262	221	270	278	88	142	136	122	112	127	140	136	175	154	58	142	162	161	160	260	263	275	261	248	93	
142	286	239	300	310	177	192	204	15	0	95	52	134	120	180	181	272	234	280	284	78	156	149	136	126	141	153	150	187	167	48	153	173	172	170	272	277	288	276	263	106	
54	193	146	208	215	144	193	155	88	95	0	44	41	27	102	100	182	164	187	191	100	127	79	82	75	93	90	94	104	92	87	67	85	89	82	187	208	205	214	202	62	
96	237	187	251	258	162	196	180	49	52	44	0	85	70	130	130	226	199	231	232	69	142	112	107	98	115	120	121	145	128	48	109	127	130	124	229	243	247	246	233	79	
19	152	113	167	177	133	193	133	125	134	41	85	0	15	95	91	141	130	146	158	138	119	55	70	68	82	70	77	66	61	128	31	45	53	42	147	174	166	184	172	66	
30	167	125	181	191	135	192	140	112	120	27	70	15	0	95	93	156	142	161	169	124	120	61	71	68	83	75	81	79	71	114	43	59	65	56	161	186	180	194	182	62	
110	165	87	187	165	227	287	224	179	180	102	130	95	95	0	5	175	206	167	123	136	214	147	164	162	176	162	171	142	149	148	118	120	134	117	195	246	219	261	252	157	
107	160	82	182	160	223	284	220	179	181	100	130	91	93	5	0	170	201	162	119	139	210	144	161	159	173	159	168	137	145	149	114	115	130	112	190	241	214	256	247	154	
130	35	102	31	81	177	248	147	262	272	182	226	141	156	175	170	0	91	23	110	276	182	132	154	163	158	137	146	89	115	269	120	100	103	102	31	103	53	128	126	178	
112	125	164	120	171	94	161	59	221	234	164	199	130	142	206	201	91	0	113	189	263	105	87	99	109	96	82	86	66	72	247	99	89	77	92	66	44	65	55	46	128	
138	13	87	21	59	196	268	168	270	280	187	231	146	161	167	162	23	113	0	89	277	200	145	168	176	174	152	162	102	128	273	129	109	115	111	53	125	74	151	149	190	
160	79	45	100	50	255	326	235	278	284	191	232	158	169	123	119	110	189	89	0	256	252	184	208	213	218	197	208	150	173	262	157	142	155	142	140	211	162	235	230	220	
154	280	215	298	292	230	260	249	88	78	100	69	138	124	136	139	276	263	277	256	0	210	177	175	166	184	187	188	203	191	30	167	183	189	180	284	307	304	313	300	148	
105	211	214	213	252	21	75	53	142	156	127	142	119	120	214	210	182	105	200	252	210	0	70	50	53	38	56	45	103	79	186	101	111	97	112	165	137	169	127	115	65	
37	155	145	162	190	80	145	79	136	149	79	112	55	61	147	144	132	87	145	184	177	70	0	24	31	34	15	25	43	18	160	31	42	31	43	125	131	139	136	123	46	
55	178	168	185	214	64	124	74	122	136	82	107	70	71	164	161	154	99	168	208	175	50	24	0	10	12	18	14	66	40	154	53	66	55	67	145	141	156	141	128	30	
56	186	172	193	221	69	125	83	112	126	75	98	68	68	162	159	163	109	176	213	166	53	31	10	0	18	28	24	74	48	144	56	72	62	72	155	151	166	151	138	20	
67	184	179	189	222	52	113	65	127	141	93	115	82	83	176	173	158	96	174	218	184	38	34	12	18	0	22	12	72	46	162	64	76	64	77	147	137	157	135	122	36	
52	162	158	168	200	65	131	65	140	153	90	120	70	75	162	159	137	82	152	197	187	56	15	18	28	22	0	11	50	24	168	46	55	42	56	127	125	138	126	113	47	
61	172	169	177	211	56	120	61	136	150	94	121	77	81	171	168	146	86	162	208	188	45	25	14	24	12	11	0	61	35	168	56	66	53	67	135	127	145	127	114	44	
50	112	115	119	150	105	176	89	175	187	104	145	66	79	142	137	89	66	102	150	203	103	43	66	74	72	50	61	0	26	191	37	23	15	26	85	109	102	121	110	89	
42	138	135	145	176	84	153	75	154	167	92	128	61	71	149	145	115	72	128	173	191	79	18	40	48	46	24	35	26	0	176	31	33	18	35	107	116	121	123	111	64	
141	277	219	293	294	206	232	227	58	48	87	48	128	114	148	149	269	247	273	262	30	186	160	154	144	162	168	168	191	176	0	154	172	176	169	274	291	292	294	281	126	
13	136	116	148	168	111	176	106	142	153	67	109	31	43	118	114	120	99	129	157	167	101	31	53	56	64	46	56	37	31	154	0	20	22	18	121	143	139	153	141	64	
31	117	103	128	150	117	186	106	162	173	85	127	45	59	120	115	100	89	109	142	183	111	42	66	72	76	55	66	23	33	172	20	0	15	3	102	131	121	144	133	82	
35	124	117	132	159	102	171	91	161	172	89	130	53	65	134	130	103	77	115	155	189	97	31	55	62	64	42	53	15	18	176	22	15	0	18	100	121	117	131	120	75	
28	119	102	130	150	119	187	109	160	170	82	124	42	56	117	112	102	92	111	142	180	112	43	67	72	77	56	67	26	35	169	18	3	18	0	105	134	124	147	136	81	
133	65	129	55	111	157	227	125	260	272	187	229	147	161	195	190	31	66	53	140	284	165	125	145	155	147	127	135	85	107	274	121	102	100	105	0	72	25	98	96	171	
156	137	193	125	183	122	180	85	263	277	208	243	174	186	246	241	103	44	125	211	307	137	131	141	151	137	125	127	109	116	291	143	131	121	134	72	0	56	27	30	171	
151	85	153	70	130	159	225	123	275	288	205	247	166	180	219	214	53	65	74	162	304	169	139	156	166	157	138	145	102	121	292	139	121	117	124	25	56	0	83	84	184	
165	163	215	152	209	109	160	74	261	276	214	246	184	194	261	256	128	55	151	235	313	127	136	141	151	135	126	127	121	123	294	153	144	131	147	98	27	83	0	13	170	
153	161	208	151	207	97	151	62	248	263	202	233	172	182	252	247	126	46	149	230	300	115	123	128	138	122	113	114	110	111	281	141	133	120	136	96	30	84	13	0	157	
60	198	177	207	231	84	131	101	93	106	62	79	66	62	157	154	178	128	190	220	148	65	46	30	20	36	47	44	89	64	126	64	82	75	81	171	171	184	170	157	0	
EDGE_TRAVEL_TIME_SECTION
0	146	117	158	175	117	180	116	132	142	55	97	19	30	111	107	131	112	139	160	154	105	38	56	56	68	53	61	50	43	142	13	31	36	29	133	156	152	165	154	60	
146	0	83	23	47	208	280	180	277	286	193	237	153	167	166	161	36	125	13	79	280	211	155	178	186	185	162	172	112	139	277	137	117	124	119	66	138	86	164	161	199	
117	83	0	106	79	220	289	203	234	240	146	187	114	125	87	82	102	164	88	45	215	214	145	169	172	179	158	169	115	136	219	116	103	118	102	129	194	153	216	209	177	
158	23	106	0	61	208	279	177	290	300	208	252	167	181	187	182	31	120	21	100	298	213	162	185	193	190	168	177	119	145	294	148	128	132	130	55	125	70	152	151	207	
175	47	79	61	0	251	323	225	302	310	215	259	177	191	165	160	82	171	59	50	292	252	191	215	221	223	200	211	150	176	294	168	150	160	151	112	184	130	210	207	232	
117	208	220	208	251	0	72	37	163	178	144	162	133	135	227	223	177	94	197	255	231	21	80	64	69	52	65	56	105	84	207	111	117	103	119	158	122	159	110	98	84	
180	280	289	279	323	72	0	102	178	192	193	196	193	192	287	284	248	161	268	327	261	76	146	124	125	113	131	121	177	154	232	177	186	172	187	227	180	225	160	151	131	
116	180	203	177	225	37	102	0	190	204	155	181	134	140	224	220	147	59	168	235	249	53	79	74	83	65	65	61	89	75	227	106	107	91	109	125	85	124	75	62	102	
132	277	234	290	302	163	178	190	0	15	88	49	126	112	179	179	262	221	271	278	88	142	137	123	112	127	140	136	176	154	58	143	162	161	160	261	263	276	262	249	93	
142	286	240	300	310	178	192	204	15	0	95	53	134	120	180	181	273	235	280	284	78	157	149	136	126	141	153	150	187	167	49	153	173	172	171	273	277	288	276	263	106	
55	193	146	208	215	144	193	155	88	95	0	44	41	27	102	101	183	164	188	191	100	127	79	82	75	93	91	94	104	92	88	68	85	90	82	187	208	206	215	202	63	
97	237	187	252	259	162	196	181	49	53	44	0	85	71	130	130	226	200	232	232	69	142	113	107	98	116	121	121	145	128	48	109	127	130	125	229	244	247	247	234	79	
19	153	114	167	177	133	193	134	126	134	41	85	0	15	95	91	142	130	147	158	138	120	55	70	68	82	70	77	67	61	128	31	45	53	42	147	174	167	184	172	67	
30	167	125	181	191	135	192	140	112	120	27	71	15	0	96	93	156	142	161	169	124	121	61	71	68	83	75	81	79	71	114	43	59	65	56	161	186	181	194	182	62	
111	166	87	187	165	227	287	224	179	180	102	130	95	96	0	6	175	206	167	123	137	214	148	164	162	176	163	172	142	149	148	118	120	135	117	195	246	219	262	252	157	
107	161	82	182	160	223	284	220	179	181	101	130	91	93	6	0	170	202	162	119	139	211	144	161	159	173	159	168	137	145	150	114	116	130	113	190	241	214	257	247	154	
131	36	102	31	82	177	248	147	262	273	183	226	142	156	175	170	0	91	23	110	276	182	132	154	163	159	137	147	89	115	270	120	100	103	103	31	103	53	129	126	178	
112	125	164	120	171	94	161	59	221	235	164	200	130	142	206	202	91	0	113	189	264	105	88	99	109	97	82	86	66	73	248	100	89	78	92	66	45	66	56	46	129	
139	13	88	21	59	197	268	168	271	280	188	232	147	161	167	162	23	113	0	89	277	200	145	169	176	174	152	162	103	129	273	129	109	115	111	54	126	74	152	149	190	
160	79	45	100	50	255	327	235	278	284	191	232	158	169	123	119	110	189	89	0	256	252	185	209	214	219	197	208	150	174	262	157	143	156	142	140	211	163	236	231	220	
154	280	215	298	292	231	261	249	88	78	100	69	138	124	137	139	276	264	277	256	0	210	177	175	166	184	187	188	203	191	30	167	183	189	180	284	308	304	313	300	148	
105	211	214	213	252	21	76	53	142	157	127	142	120	121	214	211	182	105	200	252	210	0	70	50	53	38	56	46	103	79	186	101	111	97	112	165	138	170	128	115	65	
38	155	145	162	191	80	146	79	137	149	79	113	55	61	148	144	132	88	145	185	177	70	0	25	31	34	16	25	43	18	160	31	43	31	43	126	132	139	136	124	46	
56	178	169	185	215	64	124	74	123	136	82	107	70	71	164	161	154	99	169	209	175	50	25	0	11	12	18	14	66	40	154	53	67	56	67	145	141	157	141	128	30	
56	186	172	193	221	69	125	83	112	126	75	98	68	68	162	159	163	109	176	214	166	53	31	11	0	18	28	24	74	49	145	57	72	62	72	155	151	167	151	138	20	
68	185	179	190	223	52	113	65	127	141	93	116	82	83	176	173	159	97	174	219	184	38	34	12	18	0	23	13	73	47	162	64	76	64	77	148	137	157	135	122	37	
53	162	158	168	200	65	131	65	140	153	91	121	70	75	163	159	137	82	152	197	187	56	16	18	28	23	0	11	51	24	168	46	55	42	56	127	125	139	126	114	47	
61	172	169	177	211	56	121	61	136	150	94	121	77	81	172	168	147	86	162	208	188	46	25	14	24	13	11	0	61	35	168	56	66	53	67	135	128	145	127	114	44	
50	112	115	119	150	105	177	89	176	187	104	145	67	79	142	137	89	66	103	150	203	103	43	66	74	73	51	61	0	27	191	37	23	15	26	86	109	102	121	110	89	
43	139	136	145	176	84	154	75	154	167	92	128	61	71	149	145	115	73	129	174	191	79	18	40	49	47	24	35	27	0	176	32	33	19	35	108	117	122	124	112	64	
142	277	219	294	294	207	232	227	58	49	88	48	128	114	148	150	270	248	273	262	30	186	160	154	145	162	168	168	191	176	0	155	173	176	170	275	292	293	294	282	126	
13	137	116	148	168	111	177	106	143	153	68	109	31	43	118	114	120	100	129	157	167	101	31	53	57	64	46	56	37	32	155	0	20	23	18	121	144	139	153	141	64	
31	117	103	128	150	117	186	107	162	173	85	127	45	59	120	116	100	89	109	143	183	111	43	67	72	76	55	66	23	33	173	20	0	16	4	102	132	122	144	133	82	
36	124	118	132	160	103	172	91	161	172	90	130	53	65	135	130	103	78	115	156	189	97	31	56	62	64	42	53	15	19	176	23	16	0	18	101	121	117	132	120	75	
29	119	102	130	151	119	187	109	160	171	82	125	42	56	117	113	103	92	111	142	180	112	43	67	72	77	56	67	26	35	170	18	4	18	0	105	135	125	147	136	81	
133	66	129	55	112	158	227	125	261	273	187	229	147	161	195	190	31	66	54	140	284	165	126	145	155	148	127	135	86	108	275	121	102	101	105	0	72	25	99	97	172	
156	138	194	125	184	122	180	85	263	277	208	244	174	186	246	241	103	45	126	211	308	138	132	141	151	137	125	128	109	117	292	144	132	121	135	72	0	56	27	30	171	
152	86	153	70	130	159	225	124	276	288	206	247	167	181	219	214	53	66	74	163	304	170	139	157	167	157	139	145	102	122	293	139	122	117	125	25	56	0	83	84	185	
165	164	216	152	210	110	160	75	262	276	215	247	184	194	262	257	129	56	152	236	313	128	136	141	151	135	126	127	121	124	294	153	144	132	147	99	27	83	0	13	170	
154	161	209	151	207	98	151	62	249	263	202	234	172	182	252	247	126	46	149	231	300	115	124	128	138	122	114	114	110	112	282	141	133	120	136	97	30	84	13	0	157	
60	199	177	207	232	84	131	102	93	106	63	79	67	62	157	154	178	129	190	220	148	65	46	30	20	37	47	44	89	64	126	64	82	75	81	172	171	185	170	157	0	
TIME_WINDOW_SECTION
1	0	720
2	105	123
3	206	302
4	408	523
5	0	720
6	102	162
7	234	500
8	0	720
9	95	377
10	0	720
11	258	345
12	389	453
13	538	627
14	0	720
15	467	498
16	0	720
17	47	74
18	165	431
19	0	720
20	0	720
21	0	720
22	175	231
23	301	388
24	413	489
25	500	550
26	0	720
27	57	235
28	246	287
29	348	607
30	0	720
31	318	347
32	0	720
33	87	260
34	276	384
35	0	720
36	0	720
37	134	218
38	274	399
39	482	636
40	0	720
41	0	720
CLUSTER_SECTION
1	1	
2	2	3	4	5	
3	6	7	8	
4	9	10	
5	11	12	13	14	
6	15	16	
7	17	18	19	
8	20	
9	21	
10	22	23	24	25	26	
11	27	28	29	30	
12	31	32	
13	33	34	35	
14	36	
15	37	38	39	40	
16	41	
DEMAND_SECTION
1	0
2	25
3	23
4	20
5	34
6	36
7	19
8	17
9	16
10	29
11	32
12	33
13	32
14	37
15	34
16	40
DEPOT_SECTION
1
EOF