NAME:	instance_1-triangle
TYPE:	VRPRDL
DIMENSION:	46
CAPACITY:	750
TIME_HORIZON:	720
NUM_CUSTOMERS:	16
NODE_COORD_SECTION
1	0.0	0.0
2	-116.63481825	81.7666408531
3	-82.8993372691	42.3893789357
4	-143.080531394	21.5932501398
5	-110.573181557	-5.96036964092
6	-121.476772654	16.3014450924
7	84.1481279355	-84.9789864338
8	57.487890345	-79.3368474932
9	62.7731115086	-137.409064968
10	57.8357042854	-124.844888621
11	73.3929477013	-126.640909883
12	51.9505932718	18.466733714
13	36.1656505656	18.6060801893
14	41.755072989	13.8358884033
15	51.9549306204	34.2114316909
16	77.4981066236	110.01880797
17	-11.7900370008	63.0569155587
18	77.6697863925	110.175622249
19	-19.25562726	-131.91654639
20	30.3197770188	-177.082149697
21	4.88527086859	-84.3351034694
22	-116.351904494	92.2313840209
23	-2.75367970818	66.3171708687
24	-81.8154165172	29.8956512287
25	-35.9345546849	47.9935077235
26	9.45614382656	8.39579974859
27	-75.6804131429	21.0608154034
28	-8.76216311322	-27.772170834
29	-52.6494064861	63.0193585611
30	-28.8025941218	43.77865596
31	-28.7739819526	0.57316447013
32	-17.1639048467	-21.8789703464
33	-88.8432706674	11.233647926
34	-103.384843654	19.7992439039
35	-111.882667987	23.6943563759
36	-39.4933615625	-10.3696735936
37	-99.1275792664	-39.0379855793
38	-93.0033058152	-54.7767279955
39	-159.469377284	-24.134406641
40	-106.805261493	-60.276733154
41	-100.562522174	-60.6343777893
42	-7.669648741	-7.31658840629
43	1.81059032813	-9.04895239279
44	-65.3287134487	10.8757896857
45	-60.368312656	24.3013687217
46	-67.3239516564	9.2164448532
EDGE_WEIGHT_SECTION
0	142	93	144	111	122	120	98	151	138	146	55	41	44	62	135	64	135	133	179	84	148	66	87	60	13	79	29	82	52	29	28	90	105	114	41	107	108	161	123	117	11	9	66	65	68	
142	0	52	66	88	66	261	237	283	270	281	180	165	172	175	196	107	196	235	297	205	10	115	62	87	146	73	153	67	95	120	143	76	63	58	120	122	138	114	142	143	141	149	87	80	87	
93	52	0	64	56	46	210	186	231	218	230	137	121	128	135	174	74	174	186	247	154	60	84	13	47	98	23	102	37	54	68	92	32	30	34	68	83	98	101	105	105	90	99	36	29	37	
144	66	64	0	43	22	251	225	260	249	262	195	179	185	195	237	138	237	197	264	182	76	147	62	110	153	67	143	99	116	116	133	55	40	31	108	75	91	49	90	93	138	148	78	83	77	
111	88	56	43	0	25	210	183	218	206	220	164	149	154	167	221	120	221	156	222	140	98	130	46	92	121	44	104	90	96	82	95	28	27	30	71	35	52	52	54	56	103	112	48	59	46	
122	66	46	22	25	0	229	203	240	228	242	173	158	163	174	220	119	220	180	246	162	76	129	42	91	131	46	121	83	96	94	111	33	18	12	86	60	77	55	78	80	116	126	56	61	55	
120	261	210	251	210	229	0	27	57	48	43	108	114	108	123	195	176	195	114	107	79	267	174	202	179	120	192	109	201	171	142	119	198	215	224	144	189	179	251	192	186	120	112	177	181	178	
98	237	186	225	183	203	27	0	58	46	50	98	100	94	114	190	158	190	93	101	53	244	158	177	158	100	167	84	180	150	118	94	172	189	198	119	162	152	224	165	159	97	90	152	157	153	
151	283	231	260	218	240	57	58	0	13	15	156	158	152	172	248	213	248	82	51	79	291	214	221	210	155	210	131	231	203	165	140	212	229	238	163	189	176	249	186	180	148	142	196	203	196	
138	270	218	249	206	228	48	46	13	0	16	143	145	140	159	236	200	236	77	59	67	278	201	208	197	142	197	118	218	190	152	127	200	217	226	150	179	166	239	177	171	135	129	183	190	183	
146	281	230	262	220	242	43	50	15	16	0	147	150	144	162	237	208	237	93	66	81	289	207	220	206	149	210	129	227	198	163	138	213	230	239	162	193	181	254	192	186	144	138	195	201	196	
55	180	137	195	164	173	108	98	156	143	147	0	16	11	16	95	78	95	166	197	113	184	73	134	93	44	128	76	114	85	83	80	141	155	164	96	161	162	216	177	172	65	57	118	112	120	
41	165	121	179	149	158	114	100	158	145	150	16	0	7	22	100	65	100	160	196	108	169	62	119	78	29	112	65	99	70	67	67	125	140	148	81	147	149	200	163	158	51	44	102	97	104	
44	172	128	185	154	163	108	94	152	140	144	11	7	0	23	103	72	103	158	191	105	176	69	125	85	33	118	65	106	77	72	69	131	145	154	85	150	151	205	166	161	54	46	107	103	109	
62	175	135	195	167	174	123	114	172	159	162	16	22	23	0	80	70	80	181	212	128	178	63	134	89	50	128	87	108	81	87	89	143	156	164	102	168	170	219	185	179	73	66	120	113	122	
135	196	174	237	221	220	195	190	248	236	237	95	100	103	80	0	101	0	260	291	207	195	91	178	129	122	177	162	138	125	153	162	193	202	208	168	231	237	272	251	247	145	141	174	162	176	
64	107	74	138	120	119	176	158	213	200	208	78	65	72	70	101	0	101	195	243	148	109	10	77	28	59	76	90	41	26	65	85	92	101	108	78	134	143	171	156	152	70	73	75	62	77	
135	196	174	237	221	220	195	190	248	236	237	95	100	103	80	0	101	0	260	291	207	195	91	178	129	122	177	162	138	125	153	162	193	202	208	168	231	237	272	251	247	145	141	174	162	176	
133	235	186	197	156	180	114	93	82	77	93	166	160	158	181	260	195	260	0	67	53	244	199	173	181	143	163	105	198	176	133	110	159	173	181	123	122	107	177	113	108	125	125	150	162	149	
179	297	247	264	222	246	107	101	51	59	66	197	196	191	212	291	243	291	67	0	96	306	245	235	234	187	224	154	254	228	187	162	223	238	246	181	189	174	244	180	175	174	170	211	221	210	
84	205	154	182	140	162	79	53	79	67	81	113	108	105	128	207	148	207	53	96	0	214	150	143	138	93	132	58	158	132	91	66	134	150	159	86	113	102	175	114	108	78	75	118	126	118	
148	10	60	76	98	76	267	244	291	278	289	184	169	176	178	195	109	195	244	306	214	0	117	71	92	151	82	161	70	100	127	151	86	73	68	128	132	148	124	152	153	147	156	96	88	96	
66	115	84	147	130	129	174	158	214	201	207	73	62	69	63	91	10	91	199	245	150	117	0	87	38	59	86	94	50	34	71	89	102	111	117	85	143	151	181	164	160	74	75	83	71	86	
87	62	13	62	46	42	202	177	221	208	220	134	119	125	134	178	77	178	173	235	143	71	87	0	49	94	11	93	44	55	61	83	20	24	31	58	71	85	95	94	92	83	92	25	22	25	
60	87	47	110	92	91	179	158	210	197	206	93	78	85	89	129	28	129	181	234	138	92	38	49	0	60	48	80	22	8	48	72	64	73	80	58	107	118	143	129	126	62	68	47	34	50	
13	146	98	153	121	131	120	100	155	142	149	44	29	33	50	122	59	122	143	187	93	151	59	94	60	0	86	40	82	52	39	40	98	113	122	52	118	120	172	135	130	23	19	75	72	77	
79	73	23	67	44	46	192	167	210	197	210	128	112	118	128	177	76	177	163	224	132	82	86	11	48	86	0	83	48	52	51	73	16	28	36	48	65	78	95	87	85	74	83	15	16	14	
29	153	102	143	104	121	109	84	131	118	129	76	65	65	87	162	90	162	105	154	58	161	94	93	80	40	83	0	101	74	35	10	89	106	115	35	91	88	151	103	98	20	22	68	73	69	
82	67	37	99	90	83	201	180	231	218	227	114	99	106	108	138	41	138	198	254	158	70	50	44	22	82	48	101	0	30	67	92	63	67	71	75	112	124	138	135	133	83	90	53	39	56	
52	95	54	116	96	96	171	150	203	190	198	85	70	77	81	125	26	125	176	228	132	100	34	55	8	52	52	74	30	0	43	67	68	78	85	55	109	118	147	130	127	55	61	49	37	52	
29	120	68	116	82	94	142	118	165	152	163	83	67	72	87	153	65	153	133	187	91	127	71	61	48	39	51	35	67	43	0	25	61	77	86	15	81	85	133	99	94	23	32	38	40	40	
28	143	92	133	95	111	119	94	140	127	138	80	67	69	89	162	85	162	110	162	66	151	89	83	72	40	73	10	92	67	25	0	79	96	105	25	84	83	142	98	92	17	23	58	63	59	
90	76	32	55	28	33	198	172	212	200	213	141	125	131	143	193	92	193	159	223	134	86	102	20	64	98	16	89	63	68	61	79	0	17	26	54	51	66	79	74	73	83	93	24	31	22	
105	63	30	40	27	18	215	189	229	217	230	155	140	145	156	202	101	202	173	238	150	73	111	24	73	113	28	106	67	78	77	96	17	0	9	71	59	75	71	80	80	99	109	39	43	38	
114	58	34	31	30	12	224	198	238	226	239	164	148	154	164	208	108	208	181	246	159	68	117	31	80	122	36	115	71	85	86	105	26	9	0	80	64	81	67	84	85	108	118	48	52	47	
41	120	68	108	71	86	144	119	163	150	162	96	81	85	102	168	78	168	123	181	86	128	85	58	58	52	48	35	75	55	15	25	54	71	80	0	66	70	121	84	79	32	41	33	40	34	
107	122	83	75	35	60	189	162	189	179	193	161	147	150	168	231	134	231	122	189	113	132	143	71	107	118	65	91	112	109	81	84	51	59	64	66	0	17	62	23	22	97	105	60	74	58	
108	138	98	91	52	77	179	152	176	166	181	162	149	151	170	237	143	237	107	174	102	148	151	85	118	120	78	88	124	118	85	83	66	75	81	70	17	0	73	15	10	98	105	71	85	69	
161	114	101	49	52	55	251	224	249	239	254	216	200	205	219	272	171	272	177	244	175	124	181	95	143	172	95	151	138	147	133	142	79	71	67	121	62	73	0	64	69	153	162	100	110	98	
123	142	105	90	54	78	192	165	186	177	192	177	163	166	185	251	156	251	113	180	114	152	164	94	129	135	87	103	135	130	99	98	74	80	84	84	23	15	64	0	6	112	120	82	96	80	
117	143	105	93	56	80	186	159	180	171	186	172	158	161	179	247	152	247	108	175	108	153	160	92	126	130	85	98	133	127	94	92	73	80	85	79	22	10	69	6	0	107	115	80	94	77	
11	141	90	138	103	116	120	97	148	135	144	65	51	54	73	145	70	145	125	174	78	147	74	83	62	23	74	20	83	55	23	17	83	99	108	32	97	98	153	112	107	0	10	60	61	62	
9	149	99	148	112	126	112	90	142	129	138	57	44	46	66	141	73	141	125	170	75	156	75	92	68	19	83	22	90	61	32	23	93	109	118	41	105	105	162	120	115	10	0	70	71	72	
66	87	36	78	48	56	177	152	196	183	195	118	102	107	120	174	75	174	150	211	118	96	83	25	47	75	15	68	53	49	38	58	24	39	48	33	60	71	100	82	80	60	70	0	14	3	
65	80	29	83	59	61	181	157	203	190	201	112	97	103	113	162	62	162	162	221	126	88	71	22	34	72	16	73	39	37	40	63	31	43	52	40	74	85	110	96	94	61	71	14	0	17	
68	87	37	77	46	55	178	153	196	183	196	120	104	109	122	176	77	176	149	210	118	96	86	25	50	77	14	69	56	52	40	59	22	38	47	34	58	69	98	80	77	62	72	3	17	0	
EDGE_TRAVEL_TIME_SECTION
0	143	93	145	111	123	120	98	151	138	147	55	41	44	62	135	64	135	134	180	85	149	67	87	60	13	79	29	82	53	29	28	90	105	115	41	107	108	162	123	118	11	9	66	65	68	
143	0	52	66	88	66	261	237	283	271	282	180	165	172	175	196	107	196	235	298	206	11	115	63	88	146	73	154	67	96	120	144	76	64	59	120	122	139	114	143	144	141	150	88	81	88	
93	52	0	64	56	47	210	186	232	219	230	137	122	128	135	174	74	174	186	247	154	60	84	13	48	99	23	102	37	54	69	92	32	31	35	69	83	98	102	105	105	90	99	36	29	37	
145	66	64	0	43	22	251	225	260	249	263	195	179	185	196	238	138	238	197	264	182	76	147	62	111	153	67	143	100	117	116	133	55	40	32	108	75	92	49	90	93	138	148	79	83	77	
111	88	56	43	0	25	210	184	218	206	220	165	149	154	168	221	121	221	156	222	140	98	130	46	92	121	44	104	90	96	82	95	28	27	30	71	35	52	52	55	56	103	113	49	59	46	
123	66	47	22	25	0	229	203	240	228	242	174	158	164	175	220	119	220	180	246	162	76	129	42	91	131	46	121	83	97	94	111	33	19	12	86	60	77	56	78	80	116	126	57	62	55	
120	261	210	251	210	229	0	28	57	48	43	109	114	108	124	195	177	195	114	107	80	268	175	202	179	120	192	109	202	172	142	120	198	215	224	145	189	180	251	193	187	121	112	178	181	179	
98	237	186	225	184	203	28	0	59	46	50	98	100	95	114	191	159	191	93	102	53	244	158	177	158	100	167	84	180	151	118	94	172	189	198	119	162	153	224	166	159	97	90	152	157	153	
151	283	232	260	218	240	57	59	0	14	15	157	159	153	172	248	214	248	82	52	79	291	214	221	210	155	211	131	232	203	166	141	213	229	238	163	190	177	250	187	181	148	142	196	204	196	
138	271	219	249	206	228	48	46	14	0	16	144	145	140	159	236	201	236	78	59	67	279	201	209	197	142	198	118	218	190	152	128	200	217	226	151	179	167	240	177	171	135	129	184	191	184	
147	282	230	263	220	242	43	50	15	16	0	147	150	144	162	237	208	237	93	67	81	290	208	221	206	150	210	129	228	199	163	139	213	230	239	162	194	182	255	192	186	145	138	196	202	196	
55	180	137	195	165	174	109	98	157	144	147	0	16	11	16	95	78	95	167	197	113	184	73	135	93	44	128	77	114	85	83	80	141	155	164	96	162	162	216	177	172	65	57	118	113	120	
41	165	122	179	149	158	114	100	159	145	150	16	0	8	22	101	66	101	161	196	108	170	62	119	78	29	112	65	100	70	68	67	125	140	148	81	147	149	200	163	158	51	44	102	97	104	
44	172	128	185	154	164	108	95	153	140	144	11	8	0	23	103	73	103	158	192	105	177	69	125	85	33	118	66	107	77	72	69	131	145	154	85	151	151	205	166	161	54	46	107	103	109	
62	175	135	196	168	175	124	114	172	159	162	16	22	23	0	80	70	80	181	212	128	178	64	134	89	50	129	87	109	82	88	89	143	156	164	102	168	170	220	185	180	73	66	120	113	122	
135	196	174	238	221	220	195	191	248	236	237	95	101	103	80	0	101	0	261	291	208	195	92	179	130	123	177	163	139	126	153	163	194	202	208	168	231	237	272	251	247	145	141	174	163	177	
64	107	74	138	121	119	177	159	214	201	208	78	66	73	70	101	0	101	195	244	149	109	10	78	29	59	77	91	41	26	65	85	93	102	108	79	134	143	172	156	152	71	73	75	62	77	
135	196	174	238	221	220	195	191	248	236	237	95	101	103	80	0	101	0	261	291	208	195	92	179	130	123	177	163	139	126	153	163	194	202	208	168	231	237	272	251	247	145	141	174	163	177	
134	235	186	197	156	180	114	93	82	78	93	167	161	158	181	261	195	261	0	67	54	245	199	174	181	143	163	105	198	176	133	110	159	174	181	123	123	107	177	113	108	125	125	150	162	149	
180	298	247	264	222	246	107	102	52	59	67	197	196	192	212	291	244	291	67	0	96	307	246	236	235	187	225	154	254	229	187	162	223	238	246	181	189	174	244	180	175	174	171	211	221	211	
85	206	154	182	140	162	80	53	79	67	81	113	108	105	128	208	149	208	54	96	0	214	151	144	139	93	133	58	158	133	92	66	134	150	159	87	114	103	175	115	108	78	76	119	127	118	
149	11	60	76	98	76	268	244	291	279	290	184	170	177	178	195	109	195	245	307	214	0	117	72	92	151	82	161	70	100	127	151	86	74	69	128	133	149	124	153	154	148	156	96	88	97	
67	115	84	147	130	129	175	158	214	201	208	73	62	69	64	92	10	92	199	246	151	117	0	87	38	59	86	95	50	35	71	90	102	111	117	85	143	151	181	164	161	74	76	84	72	86	
87	63	13	62	46	42	202	177	221	209	221	135	119	125	134	179	78	179	174	236	144	72	87	0	50	94	11	93	44	55	61	83	20	24	31	59	71	86	95	94	93	83	92	25	22	26	
60	88	48	111	92	91	179	158	210	197	206	93	78	85	89	130	29	130	181	235	139	92	38	50	0	60	48	81	23	9	48	73	65	73	80	59	108	118	143	130	127	62	69	48	34	50	
13	146	99	153	121	131	120	100	155	142	150	44	29	33	50	123	59	123	143	187	93	151	59	94	60	0	86	41	83	52	39	41	99	114	123	53	119	121	172	135	130	23	19	75	72	77	
79	73	23	67	44	46	192	167	211	198	210	128	112	118	129	177	77	177	163	225	133	82	86	11	48	86	0	83	48	52	51	73	17	28	37	48	65	78	95	87	86	74	83	15	16	15	
29	154	102	143	104	121	109	84	131	118	129	77	65	66	87	163	91	163	105	154	58	161	95	93	81	41	83	0	101	75	35	11	89	106	115	36	91	89	151	104	98	21	22	69	74	70	
82	67	37	100	90	83	202	180	232	218	228	114	100	107	109	139	41	139	198	254	158	70	50	44	23	83	48	101	0	31	67	92	63	67	71	75	112	125	138	135	133	84	91	54	40	56	
53	96	54	117	96	97	172	151	203	190	199	85	70	77	82	126	26	126	176	229	133	100	35	55	9	52	52	75	31	0	43	67	69	79	86	55	109	118	147	130	127	56	61	49	37	52	
29	120	69	116	82	94	142	118	166	152	163	83	68	72	88	153	65	153	133	187	92	127	71	61	48	39	51	35	67	43	0	26	61	77	87	16	81	85	133	99	95	23	32	38	40	40	
28	144	92	133	95	111	120	94	141	128	139	80	67	69	89	163	85	163	110	162	66	151	90	83	73	41	73	11	92	67	26	0	79	96	105	25	84	83	143	98	92	18	23	58	63	59	
90	76	32	55	28	33	198	172	213	200	213	141	125	131	143	194	93	194	159	223	134	86	102	20	65	99	17	89	63	69	61	79	0	17	26	54	52	66	79	74	73	84	93	24	32	22	
105	64	31	40	27	19	215	189	229	217	230	155	140	145	156	202	102	202	174	238	150	74	111	24	73	114	28	106	67	79	77	96	17	0	10	71	59	76	71	80	81	100	109	39	43	38	
115	59	35	32	30	12	224	198	238	226	239	164	148	154	164	208	108	208	181	246	159	69	117	31	80	123	37	115	71	86	87	105	26	10	0	80	64	81	68	84	85	109	118	49	52	47	
41	120	69	108	71	86	145	119	163	151	162	96	81	85	102	168	79	168	123	181	87	128	85	59	59	53	48	36	75	55	16	25	54	71	80	0	66	70	121	84	79	32	42	34	41	34	
107	122	83	75	35	60	189	162	190	179	194	162	147	151	168	231	134	231	123	189	114	133	143	71	108	119	65	91	112	109	81	84	52	59	64	66	0	17	62	23	22	97	106	61	75	58	
108	139	98	92	52	77	180	153	177	167	182	162	149	151	170	237	143	237	107	174	103	149	151	86	118	121	78	89	125	118	85	83	66	76	81	70	17	0	73	15	10	98	106	71	86	69	
162	114	102	49	52	56	251	224	250	240	255	216	200	205	220	272	172	272	177	244	175	124	181	95	143	172	95	151	138	147	133	143	79	71	68	121	62	73	0	64	70	153	162	101	111	98	
123	143	105	90	55	78	193	166	187	177	192	177	163	166	185	251	156	251	113	180	115	153	164	94	130	135	87	104	135	130	99	98	74	80	84	84	23	15	64	0	7	113	120	83	97	80	
118	144	105	93	56	80	187	159	181	171	186	172	158	161	180	247	152	247	108	175	108	154	161	93	127	130	86	98	133	127	95	92	73	81	85	79	22	10	70	7	0	107	115	80	94	78	
11	141	90	138	103	116	121	97	148	135	145	65	51	54	73	145	71	145	125	174	78	148	74	83	62	23	74	21	84	56	23	18	84	100	109	32	97	98	153	113	107	0	10	61	62	62	
9	150	99	148	113	126	112	90	142	129	138	57	44	46	66	141	73	141	125	171	76	156	76	92	69	19	83	22	91	61	32	23	93	109	118	42	106	106	162	120	115	10	0	70	71	72	
66	88	36	79	49	57	178	152	196	184	196	118	102	107	120	174	75	174	150	211	119	96	84	25	48	75	15	69	54	49	38	58	24	39	49	34	61	71	101	83	80	61	70	0	15	3	
65	81	29	83	59	62	181	157	204	191	202	113	97	103	113	163	62	163	162	221	127	88	72	22	34	72	16	74	40	37	40	63	32	43	52	41	75	86	111	97	94	62	71	15	0	17	
68	88	37	77	46	55	179	153	196	184	196	120	104	109	122	177	77	177	149	211	118	97	86	26	50	77	15	70	56	52	40	59	22	38	47	34	58	69	98	80	78	62	72	3	17	0	
TIME_WINDOW_SECTION
1	0	720
2	132	245
3	297	356
4	420	514
5	557	632
6	0	720
7	95	97
8	125	161
9	220	316
10	330	436
11	0	720
12	288	464
13	480	533
14	0	720
15	0	720
16	81	175
17	276	443
18	0	720
19	190	303
20	370	437
21	0	720
22	0	720
23	146	194
24	281	377
25	0	720
26	94	157
27	243	408
28	0	720
29	0	720
30	148	160
31	203	435
32	0	720
33	0	720
34	286	304
35	314	393
36	0	720
37	82	148
38	165	278
39	351	427
40	491	665
41	0	720
42	133	203
43	213	259
44	329	420
45	435	523
46	0	720
CLUSTER_SECTION
1	1	
2	2	3	4	5	6	
3	7	8	9	10	11	
4	12	13	14	
5	15	
6	16	17	18	
7	19	20	21	
8	22	
9	23	24	25	
10	26	27	28	
11	29	
12	30	31	32	
13	33	
14	34	35	36	
15	37	38	39	40	41	
16	42	43	44	45	46	
DEMAND_SECTION
1	0
2	35
3	9
4	19
5	19
6	36
7	32
8	15
9	25
10	24
11	24
12	10
13	21
14	38
15	6
16	31
DEPOT_SECTION
1
EOF