NAME:	instance_28-triangle
TYPE:	VRPRDL
DIMENSION:	180
CAPACITY:	750
TIME_HORIZON:	720
NUM_CUSTOMERS:	61
NODE_COORD_SECTION
1	0.0	0.0
2	-95.5670261212	42.5639974751
3	-58.2266621898	-31.2797313189
4	-66.4463628586	-3.83998138502
5	-87.4186812348	49.0262342627
6	-32.5783777853	-35.1720982131
7	9.20083164133	1.78407216719
8	-26.4428660928	-100.217733697
9	-39.6821842914	-31.5436831381
10	-61.2084636945	-114.248836209
11	-6.33620227426	-123.093194039
12	-9.45666200815	-82.5440347542
13	-132.578773964	41.9260623148
14	-167.046491473	27.2943343202
15	-135.959797766	42.0185861118
16	-138.574751428	23.6707049047
17	-81.6458234876	1.36185627469
18	1.48548705944	35.3673254242
19	-33.2623136041	-21.0136499444
20	-94.1785225809	-133.838175101
21	-47.0539682353	-93.4445985908
22	180.915921038	77.2621340808
23	144.118680558	-38.3524191636
24	73.5422244106	29.4324534456
25	144.941079386	26.3366368759
26	-15.1999101717	104.383816645
27	34.7489592785	60.1971108283
28	14.5065096706	127.762970749
29	19.4680389016	47.6771476439
30	38.7941084463	60.7317178311
31	142.776868406	-6.13733804842
32	98.7255892816	26.3610807177
33	95.5807684137	-30.8903449034
34	80.6273466743	-37.7133492211
35	65.1475270915	-27.0960909962
36	42.8585227788	5.87782026509
37	74.5373306141	-21.6917836112
38	-87.9207339916	-88.3629748318
39	-42.0274370137	40.9049511521
40	-80.4824622298	77.7682335215
41	-48.8499775778	54.9036131806
42	-44.3935328609	-29.4350397503
43	-37.8675724878	31.9173974965
44	159.063099647	81.499940724
45	134.0428699	20.8371456077
46	230.936475396	58.2903594784
47	150.175373586	58.9745064377
48	-63.4024095302	-123.099607939
49	-72.1625674857	63.0819286459
50	-49.4668578161	-47.9478158216
51	2.74435179316	4.82758269068
52	-42.8045587365	18.8238084665
53	-47.7708281637	-32.306671201
54	-13.9017095902	7.47789490233
55	11.0013651579	20.191942332
56	-60.0319857096	60.7014249245
57	-98.1074748628	41.7666658995
58	-83.0911312458	65.6488144308
59	-38.8808411388	70.5349677556
60	-61.0848737456	51.2494182749
61	3.25854540254	9.79403349313
62	-76.3583394952	-44.8302292181
63	-91.4089989421	-38.8732654328
64	90.7120764191	21.9820586094
65	87.9962457342	31.7618519259
66	47.2857960887	68.053140732
67	76.292514932	19.5852772862
68	33.3502735337	-29.7866853614
69	-25.9506898135	73.9497732933
70	-25.2268100667	9.65722025635
71	37.8423794856	26.7817249186
72	57.7533611811	66.169552016
73	34.3273144388	40.2460428569
74	21.1591765163	-12.018176305
75	-28.4547780848	110.20910297
76	-30.9697270126	92.1048039699
77	-17.8071054425	-85.1952085971
78	146.927327878	-43.302486372
79	156.666585183	-80.7645899949
80	-38.1495793169	69.5496569467
81	-20.6155667243	99.1315603452
82	-22.4371060859	-5.09495487908
83	-59.1460309667	37.3114749343
84	-32.2502418734	31.8803996073
85	-27.6013942572	172.374689953
86	-21.029367992	164.139778599
87	111.047266567	125.607477417
88	122.943686808	29.9704955181
89	-7.88085478134	105.627675679
90	6.61012850847	-144.887628191
91	-59.237788359	48.4289411129
92	-32.1397957807	72.9928115491
93	-41.396332391	-54.2677114768
94	55.6096878382	-70.9989655256
95	35.9872593909	-56.0919051531
96	-18.6442862412	-62.7310190957
97	-51.3024244548	-84.297482447
98	-4.195877173	-113.111850188
99	-64.0275869371	-81.5402959033
100	-9.02325688841	-36.394141426
101	-61.7096772881	-81.1672159911
102	-94.185808344	-27.1731911981
103	33.0123982865	-8.0845877739
104	1.94257299873	-11.7295684436
105	-47.7685321008	-60.8226453061
106	6.07775369729	-13.7736874582
107	3.95263286094	-6.03695914264
108	-81.7795203193	67.7112734863
109	-159.288682363	72.5264627042
110	46.6387752165	-103.465185042
111	36.8275397385	-138.330763606
112	1.70490907164	-46.755246709
113	-25.4987904039	-13.8890181645
114	48.8138778453	-29.2484103634
115	-11.9274433406	-38.4085737756
116	2.24661530346	-0.978152016026
117	-58.8775716452	55.0431761297
118	-152.03964649	-86.4770973479
119	-195.623703194	-75.8893051099
120	-131.016909276	-71.7071988929
121	-167.878215634	-113.082121158
122	-159.910364594	-62.5371102635
123	-65.3410518366	83.4225652494
124	-43.418701264	58.5366924117
125	-110.478021617	36.7251955731
126	-84.98069706	69.67577357
127	-84.62782307	72.8100931759
128	123.69262064	47.1522535808
129	3.21464708101	102.110234358
130	-152.59745412	87.9917569527
131	-176.535411619	45.0957422394
132	-103.918046148	25.3835525492
133	-96.9374230141	19.981139485
134	-175.080169349	71.2601534035
135	-145.887298078	51.3659175269
136	-82.2712804069	168.586099533
137	-43.6496048927	134.991403824
138	-50.3091498567	172.256552803
139	-79.8484799441	150.072283073
140	-25.9480624234	173.207351735
141	-54.6384049784	55.4259991233
142	-34.5252124595	-93.2974905754
143	78.3810151679	71.9555047743
144	88.5273495156	28.6297904662
145	-10.1226371932	-23.5360321242
146	37.9495874484	73.2827047872
147	9.96833623626	129.780024886
148	-34.3439735533	122.256209572
149	-2.80955874185	138.730324252
150	10.6916654138	-123.008072898
151	-3.45850135753	-88.1326641157
152	31.978874494	-94.3719730553
153	-3.99812127236	-64.2575318134
154	38.6109919884	35.5687263026
155	18.0925216036	73.5373205143
156	20.2132938916	46.6812433137
157	-44.24009412	9.50572890677
158	-82.9074724952	-7.47255555437
159	-44.7830038844	5.75115721857
160	-41.2072704811	15.0054639273
161	-42.8368175809	7.09508581182
162	33.0802450716	12.0443887896
163	-28.4007937732	32.1370122601
164	69.2472106634	15.4742154315
165	28.0632267126	15.3688395836
166	132.048748066	202.375880125
167	69.5304655433	127.115567247
168	80.048408532	160.294835705
169	67.8393224575	106.052192683
170	11.7855315619	123.382103604
171	89.4142913138	153.11951357
172	79.2178513333	110.294964971
173	73.8440942863	113.688903863
174	-66.1810015507	-59.1197676092
175	-123.436386579	-115.554164185
176	-55.8451914697	-27.8464892322
177	-6.84956596273	-60.0063213088
178	17.8700824604	-24.3520912436
179	-5.76777058694	-56.4741828869
180	-7.63511744708	-49.4869829484
EDGE_WEIGHT_SECTION
0	105	66	67	100	48	9	103	51	130	123	83	139	169	142	140	82	35	39	163	105	196	149	79	147	105	69	128	51	72	143	101	100	89	70	43	77	125	58	111	73	53	50	179	135	237	161	138	95	69	6	47	57	16	23	85	107	106	80	80	10	88	99	93	93	83	78	44	78	27	46	88	53	24	114	97	87	153	176	79	101	23	70	45	174	165	168	125	106	145	77	80	68	90	66	65	99	113	103	37	102	98	34	12	77	15	7	106	175	113	143	47	29	56	40	2	80	174	209	149	202	171	106	73	116	109	111	132	102	176	182	107	99	189	154	187	142	179	169	175	77	99	106	93	26	82	130	127	138	123	88	100	64	52	75	51	45	83	45	44	43	35	43	71	32	241	144	179	126	124	177	136	135	89	169	62	60	30	57	50	
105	0	83	55	10	100	112	159	93	160	188	152	37	73	40	47	43	97	89	176	144	279	253	169	240	101	132	139	115	136	243	194	204	194	175	143	181	131	54	38	48	88	59	257	230	327	246	168	31	102	105	58	89	89	109	40	3	26	63	36	104	89	82	187	184	145	173	148	76	78	134	155	130	129	95	81	150	257	281	63	94	87	37	64	146	142	222	218	108	213	37	70	111	189	164	130	134	181	128	117	127	70	138	112	114	116	111	28	70	204	224	132	90	161	116	107	39	141	155	120	172	123	51	55	16	29	32	219	115	73	81	19	23	85	51	127	105	137	109	147	43	149	176	184	108	137	137	100	133	197	160	187	141	134	117	116	61	52	63	61	64	132	68	167	127	278	185	211	175	134	215	187	183	105	161	81	136	132	134	127	
66	83	0	29	85	26	75	76	19	83	105	71	104	124	107	97	40	89	27	109	63	262	202	145	211	142	130	174	111	133	202	167	154	139	123	108	133	64	74	111	87	14	66	245	199	302	227	92	95	19	71	52	11	59	86	92	83	100	104	83	74	23	34	158	159	144	144	92	110	52	112	151	117	82	144	126	67	205	220	103	135	44	69	68	206	198	230	191	145	130	80	107	28	121	97	51	53	98	51	49	50	36	94	63	31	67	67	102	145	127	143	62	37	107	47	68	86	109	144	83	137	106	115	91	86	104	107	198	147	152	141	73	64	155	120	201	167	204	182	207	87	66	171	158	49	142	175	155	178	114	79	110	63	117	129	110	43	34	39	49	41	101	70	136	98	301	203	236	186	169	236	197	196	29	107	4	59	76	58	54	
67	55	29	0	57	46	76	104	39	110	133	97	80	105	83	77	16	78	37	133	92	260	213	144	213	120	119	154	100	123	209	167	164	151	134	110	142	87	51	83	61	34	46	241	202	303	225	119	67	47	70	33	34	54	81	65	56	71	79	55	71	42	43	159	158	134	144	103	88	43	108	142	110	88	120	102	95	217	236	78	112	44	42	49	180	174	219	191	124	158	53	84	56	139	115	76	82	126	78	66	77	36	99	69	60	73	70	73	120	150	169	80	42	118	65	69	59	119	148	94	149	110	87	66	60	75	78	196	127	126	120	48	39	131	96	173	140	176	154	181	60	95	163	158	60	129	154	130	155	142	105	133	87	112	114	100	26	17	24	31	26	101	52	137	96	286	188	220	173	149	221	184	183	55	125	26	82	87	80	74	
100	10	85	57	0	100	107	161	94	165	190	153	46	83	49	57	48	90	89	183	148	269	247	162	233	91	122	129	107	126	236	187	199	189	170	137	176	137	46	29	39	89	52	248	223	318	237	173	21	104	100	54	90	84	102	30	13	17	53	26	99	94	88	180	176	136	166	144	66	74	127	146	122	124	85	71	151	252	276	53	84	85	31	58	137	133	212	211	98	215	28	60	113	187	162	131	138	182	133	116	132	76	133	108	116	112	106	19	76	203	224	131	88	156	116	102	29	150	165	128	181	133	41	45	26	21	24	210	105	76	89	29	31	90	59	120	96	128	101	138	33	151	167	177	106	127	127	90	123	198	160	186	141	127	108	107	59	57	61	57	61	126	61	160	120	268	175	201	165	124	205	177	173	110	168	83	136	128	133	127	
48	100	26	46	100	0	56	65	8	84	92	53	126	148	129	121	61	78	14	116	60	240	176	124	187	140	116	169	98	119	177	144	128	113	97	86	108	77	77	123	91	13	67	224	175	279	205	93	106	21	53	55	15	46	70	99	101	113	106	90	57	45	59	135	138	130	121	66	109	45	94	135	100	58	145	127	52	180	195	105	134	31	77	67	207	199	215	168	143	116	87	108	21	95	72	31	53	83	56	24	54	62	70	42	30	44	47	114	166	104	124	36	22	81	21	49	94	130	168	105	156	130	122	94	106	117	120	176	141	172	164	94	85	177	142	209	170	208	190	208	93	58	154	136	25	129	169	157	176	98	60	87	41	100	119	97	46	57	43	51	43	81	67	113	79	288	191	225	173	164	224	183	182	41	121	24	36	52	34	29	
9	112	75	76	107	56	0	108	59	135	126	86	147	177	150	149	91	34	48	170	110	187	141	70	138	105	64	126	47	66	134	92	92	82	63	34	69	132	64	117	79	62	56	170	126	228	152	144	101	77	7	55	66	24	18	91	114	112	84	86	10	97	108	84	84	76	69	40	80	35	38	81	46	18	115	99	91	145	169	83	101	32	77	51	174	165	160	116	105	147	83	82	75	86	64	70	104	116	110	42	108	107	26	15	84	16	9	112	182	112	143	49	38	50	45	7	86	183	218	158	211	180	110	77	124	115	117	123	100	183	190	115	107	196	162	190	143	180	173	175	83	104	99	84	31	77	128	128	137	125	91	99	67	45	72	46	54	92	54	52	52	26	48	62	23	235	139	174	119	121	171	129	129	97	177	71	64	28	60	54	
103	159	76	104	161	65	108	0	70	37	30	25	177	189	180	166	116	138	79	75	22	273	181	164	213	205	171	231	154	173	193	178	140	124	117	126	128	63	142	186	156	73	132	259	201	302	237	43	169	57	109	120	71	108	126	164	159	175	171	155	113	75	89	169	174	183	157	92	174	110	141	185	152	100	210	192	17	182	184	170	199	95	141	132	272	264	264	198	206	55	152	173	48	87	76	38	30	26	42	66	40	99	109	93	45	92	99	176	218	73	74	60	86	103	63	103	159	126	171	108	142	138	187	159	161	179	182	210	204	227	209	148	139	226	193	274	235	273	255	273	158	11	201	172	78	184	232	222	239	44	26	59	42	150	178	154	111	109	108	116	108	126	132	150	127	340	246	280	226	227	277	234	235	57	98	78	44	87	48	54	
51	93	19	39	94	8	59	70	0	85	97	59	118	140	121	113	53	78	12	116	62	245	183	129	193	138	118	168	98	121	184	150	135	120	104	91	115	74	72	117	87	5	63	229	181	285	210	94	100	19	56	50	8	46	72	94	94	106	102	85	60	39	52	141	142	132	127	73	106	44	97	138	103	64	141	123	58	187	202	101	132	31	72	64	203	195	217	174	141	122	82	104	23	103	80	38	54	89	56	31	54	55	76	46	30	49	51	108	158	112	131	44	23	88	29	52	89	125	162	100	152	124	117	90	98	110	113	181	140	164	156	86	77	169	134	204	166	204	185	204	88	62	157	142	31	130	168	153	174	104	67	95	48	103	119	98	41	49	38	47	39	85	65	119	82	289	192	225	174	163	225	185	184	38	118	17	43	58	42	37	
130	160	83	110	165	84	135	37	85	0	56	61	172	177	173	158	117	162	97	38	25	309	218	197	249	223	199	253	181	201	230	213	177	161	153	159	164	37	156	193	170	86	147	294	237	339	273	9	177	67	135	134	83	130	152	175	160	181	186	165	140	71	81	204	209	211	192	127	191	129	172	216	181	131	225	207	52	219	220	185	216	115	152	149	287	279	295	234	226	74	163	188	63	124	113	67	32	57	33	94	33	93	142	120	55	121	126	183	211	108	101	92	106	139	90	130	169	95	140	82	107	111	197	173	159	185	188	245	225	222	197	146	139	218	186	283	249	286	264	288	170	34	232	207	104	212	253	237	259	72	63	95	76	180	203	180	125	109	121	130	122	157	150	184	157	370	274	308	254	248	306	264	264	55	62	87	77	120	80	84	
123	188	105	133	190	92	126	30	97	56	0	41	207	219	210	196	145	158	106	88	50	274	173	172	213	228	187	251	173	189	190	183	137	122	120	138	130	89	168	214	183	101	158	263	201	299	240	57	197	87	128	146	100	131	144	191	188	203	196	182	133	105	119	174	181	197	165	101	198	134	155	199	168	114	234	217	40	173	168	195	223	119	169	157	296	288	275	200	229	25	179	198	77	81	79	62	59	10	71	87	69	129	121	112	75	110	117	205	248	56	46	77	111	109	85	122	185	150	195	135	162	165	214	185	191	207	210	214	225	257	239	178	169	256	223	300	261	298	282	297	184	41	212	179	100	200	253	247	261	17	35	48	59	164	198	172	138	139	134	142	135	140	157	158	142	353	260	295	240	247	291	248	249	87	117	107	63	101	67	74	
83	152	71	97	153	53	86	25	59	61	41	0	175	192	178	167	111	118	66	99	39	249	160	139	189	187	149	211	133	151	170	154	117	101	93	103	104	79	128	175	143	64	118	235	177	279	213	67	158	53	88	107	63	90	104	152	153	165	156	143	93	77	93	145	150	160	133	68	157	94	118	162	130	77	193	176	9	161	166	155	182	79	130	117	255	247	241	174	188	64	140	157	43	66	53	22	42	31	54	46	52	101	86	71	44	70	77	167	216	60	72	37	71	79	44	82	146	142	186	122	161	152	175	145	156	169	172	186	185	222	210	143	135	226	191	261	220	258	243	256	145	27	178	148	59	162	213	206	221	45	8	43	19	127	158	132	98	105	95	103	96	103	116	126	104	317	223	258	203	206	254	211	212	61	119	72	23	64	26	33	
139	37	104	80	46	126	147	177	118	172	207	175	0	37	3	19	65	134	117	180	160	315	287	206	277	133	168	170	152	172	279	231	239	227	209	179	216	138	90	63	85	113	95	293	266	363	283	179	64	122	140	93	113	123	145	75	34	55	98	72	140	103	91	223	220	181	209	180	111	112	170	191	166	163	124	113	171	291	313	98	126	120	73	100	167	165	257	255	140	232	73	105	132	219	195	155	150	201	141	146	142	79	172	145	133	149	145	57	41	230	247	160	121	194	145	141	75	130	134	114	159	108	79	91	23	55	57	255	149	50	44	33	42	51	16	136	129	154	120	169	79	167	212	221	139	173	167	127	162	218	183	213	166	171	154	152	94	70	95	95	96	168	104	203	163	309	219	243	210	166	248	222	218	121	158	104	161	164	160	154	
169	73	124	105	83	148	177	189	140	177	219	192	37	0	34	29	89	168	142	177	170	351	318	240	311	170	204	207	187	208	310	265	269	256	238	210	246	140	125	100	121	135	129	329	300	398	318	183	101	140	170	124	133	154	178	112	70	92	135	108	170	116	100	257	254	217	243	208	148	142	204	227	201	192	161	150	187	321	341	135	163	148	108	135	201	200	294	289	177	244	109	142	150	243	219	174	161	214	150	170	151	91	203	173	148	178	174	94	46	250	262	184	147	223	168	171	111	115	107	105	140	90	116	127	57	92	94	291	186	62	20	63	70	45	32	165	164	186	151	203	115	179	248	255	165	209	204	163	198	232	200	233	187	205	190	188	124	91	124	126	126	200	138	236	195	346	256	280	247	203	285	259	255	132	149	124	182	192	181	177	
142	40	107	83	49	129	150	180	121	173	210	178	3	34	0	19	68	137	120	181	162	318	290	209	280	136	171	173	155	175	282	234	242	230	212	182	219	139	93	66	88	116	98	296	269	366	286	180	67	125	143	96	115	126	148	78	37	58	101	75	143	105	92	226	223	184	212	183	114	115	173	194	169	166	127	116	174	294	316	101	129	123	76	103	170	168	260	258	143	235	76	108	135	222	198	157	152	203	143	149	144	81	175	148	135	152	148	60	38	233	250	163	124	197	148	144	78	129	132	114	158	107	82	94	26	58	60	258	152	49	41	36	45	49	14	137	131	156	122	171	82	169	215	224	142	176	170	129	165	220	186	216	169	174	157	155	97	73	98	98	99	171	107	206	166	312	222	246	213	169	251	225	221	123	158	106	164	167	163	157	
140	47	97	77	57	121	149	166	113	158	196	167	19	29	19	0	61	140	114	164	148	324	289	212	283	147	177	185	160	181	282	237	240	227	210	182	217	123	98	79	95	108	101	303	272	370	290	165	77	114	142	96	106	125	150	87	44	70	110	82	142	92	78	229	226	191	215	180	123	114	176	201	173	163	140	127	163	293	313	110	140	120	81	107	186	183	269	261	154	221	83	117	124	216	192	148	138	191	129	143	130	67	174	145	124	149	145	72	53	224	239	157	119	194	141	142	85	111	115	96	140	89	95	101	31	71	73	263	162	66	44	35	42	60	29	155	146	173	139	187	89	156	222	227	137	183	183	143	178	209	175	207	160	177	164	160	95	64	95	98	97	172	110	208	167	324	232	257	222	180	262	234	230	109	140	97	155	164	154	150	
82	43	40	16	48	61	91	116	53	117	145	111	65	89	68	61	0	90	53	136	101	273	229	157	227	122	130	158	111	134	224	181	180	167	150	124	158	90	56	76	62	48	53	253	216	317	238	125	62	59	84	43	48	68	94	63	44	64	81	54	85	46	41	173	172	145	158	119	91	57	122	153	122	104	121	103	107	233	252	80	114	60	42	58	179	173	229	205	127	170	52	86	68	155	131	90	91	138	85	82	84	31	115	85	71	89	86	66	105	165	183	96	58	134	80	84	58	113	138	88	143	101	83	68	46	68	71	210	132	112	104	33	24	116	81	167	139	173	148	181	60	106	174	172	76	139	157	130	157	154	119	148	101	125	123	111	38	9	37	43	39	115	61	151	110	293	197	227	182	153	229	194	191	62	124	39	96	103	95	90	
35	97	89	78	90	78	34	138	78	162	158	118	134	168	137	140	90	0	66	194	138	184	161	72	143	71	42	93	22	45	147	97	115	108	89	51	92	152	44	92	54	79	39	164	133	230	150	171	79	97	31	47	83	32	18	67	100	89	53	65	26	112	119	90	87	56	76	73	47	37	37	64	33	51	81	65	122	165	193	52	67	47	61	34	140	131	142	121	71	180	62	50	99	119	98	100	131	148	134	72	132	114	54	47	108	49	41	89	165	146	177	82	56	80	75	36	63	196	226	170	225	188	82	51	112	93	94	123	67	162	178	105	99	180	148	157	109	146	140	141	60	134	85	87	60	53	95	94	103	158	123	133	99	37	42	22	53	94	55	47	53	39	30	70	33	212	114	148	97	89	147	108	107	116	195	85	95	62	92	85	
39	89	27	37	89	14	48	79	12	97	106	66	117	142	120	114	53	66	0	128	74	235	178	118	184	126	106	156	86	109	177	140	129	115	98	81	108	86	63	109	78	14	53	218	172	275	200	106	92	31	44	41	18	34	60	86	90	100	92	77	48	49	61	131	132	120	117	67	95	32	85	126	91	55	131	113	66	181	199	91	120	19	64	53	193	185	205	164	129	130	74	94	34	102	78	44	66	96	68	29	66	61	67	36	42	40	40	101	157	115	137	43	11	82	28	41	80	135	171	110	163	133	109	80	96	104	107	171	128	161	157	85	76	168	133	195	156	194	177	194	79	72	145	131	23	118	156	143	162	111	73	98	52	91	107	86	32	51	29	37	30	74	53	109	71	277	180	213	162	151	213	173	172	50	130	24	47	51	45	38	
163	176	109	133	183	116	170	75	116	38	88	99	180	177	181	164	136	194	128	0	62	346	256	234	287	251	232	283	214	235	268	250	215	199	191	196	202	46	182	212	194	116	175	331	275	377	311	33	198	97	169	161	112	162	186	198	176	200	212	188	173	91	95	241	246	246	229	164	219	159	208	251	216	168	252	234	90	257	256	211	244	147	175	177	313	306	330	272	254	101	186	216	95	162	151	104	66	92	60	129	62	107	179	155	86	156	161	202	216	144	131	129	138	177	126	164	192	75	117	72	77	97	219	199	171	204	207	282	255	229	197	160	154	220	192	303	273	309	284	314	193	72	268	244	139	245	283	263	287	105	101	132	114	215	235	213	152	127	148	158	150	193	179	221	193	404	307	341	289	278	340	299	298	80	35	113	114	157	117	121	
105	144	63	92	148	60	110	22	62	25	50	39	160	170	162	148	101	138	74	62	0	284	199	172	226	200	174	229	156	176	208	188	155	139	130	134	141	41	134	174	148	64	125	269	214	316	249	34	158	46	110	112	61	106	127	154	144	163	164	145	115	57	70	179	184	186	167	102	168	105	147	191	156	106	203	185	30	200	204	163	194	91	131	126	265	257	270	210	203	74	142	166	40	105	91	42	10	47	21	69	19	81	117	95	33	96	101	165	200	94	95	67	82	115	65	105	149	105	149	87	122	117	177	152	145	167	170	220	201	210	190	132	124	208	175	264	228	265	245	266	149	13	207	182	79	187	229	215	236	65	44	79	52	155	179	155	103	93	99	109	101	132	127	159	132	345	249	283	229	224	281	239	239	39	80	66	52	95	55	59	
196	279	262	260	269	240	187	273	245	309	274	249	315	351	318	324	273	184	235	346	284	0	121	118	62	198	147	174	164	143	92	97	137	152	156	155	145	315	226	261	231	249	223	22	73	53	36	316	253	261	192	231	253	207	179	242	281	264	220	243	190	284	295	106	103	134	119	182	207	217	152	124	151	182	212	212	257	125	160	219	203	219	243	218	229	220	85	75	191	282	242	213	257	194	197	243	282	265	292	221	290	294	170	199	266	197	195	263	340	225	259	218	225	170	224	194	241	370	405	345	396	367	246	225	294	266	265	65	179	333	358	289	283	355	328	278	231	250	270	228	237	275	103	104	215	143	179	219	194	262	247	227	233	148	163	164	235	276	236	230	234	161	214	127	165	134	122	131	116	175	119	107	113	281	359	258	232	192	229	227	
149	253	202	213	247	176	141	181	183	218	173	160	287	318	290	289	229	161	178	256	199	121	0	98	65	213	147	211	151	145	32	79	49	63	80	110	72	237	202	253	214	188	195	121	60	130	98	224	238	193	148	195	191	164	145	227	255	249	213	223	149	220	235	81	90	144	89	111	203	176	125	136	135	126	227	218	169	6	44	212	214	170	216	189	272	261	167	72	209	174	221	208	186	94	110	165	201	166	212	153	210	238	115	145	193	140	144	249	322	117	147	142	171	96	156	147	223	300	341	277	321	304	242	211	265	252	254	88	199	322	331	256	248	337	303	306	255	287	292	271	219	187	128	87	155	154	215	239	230	158	156	125	150	129	168	150	194	229	194	192	192	122	186	92	128	241	181	209	163	209	199	162	167	211	278	200	153	127	151	152	
79	169	145	144	162	124	70	164	129	197	172	139	206	240	209	212	157	72	118	234	172	118	98	0	71	116	50	115	57	47	78	25	64	67	57	39	51	200	116	161	125	132	111	100	61	160	82	204	149	145	75	117	136	90	63	137	172	160	120	136	73	167	178	19	15	47	10	72	109	101	36	40	41	67	130	122	147	103	138	119	117	102	133	106	175	164	103	49	112	187	134	114	142	102	93	130	169	162	177	106	175	177	55	83	151	80	78	159	236	136	172	105	108	64	109	77	134	253	288	228	280	250	149	120	184	163	164	53	101	233	250	177	171	251	220	209	158	189	195	174	130	163	43	15	99	56	119	142	133	165	141	131	122	35	71	56	119	160	120	115	118	44	102	15	48	183	98	131	77	112	125	81	84	165	244	141	120	77	117	113	
147	240	211	213	233	187	138	213	193	249	213	189	277	311	280	283	227	143	184	287	226	62	65	71	0	178	115	165	127	112	33	46	76	91	96	104	85	259	187	231	195	197	182	57	12	92	33	256	219	208	143	188	201	159	134	207	243	230	189	207	142	232	245	54	57	106	69	125	177	170	107	96	111	129	192	187	197	70	108	188	181	170	204	177	226	216	105	22	172	220	205	183	203	132	137	186	225	204	235	166	233	245	117	148	211	144	145	230	307	163	197	161	175	111	170	145	205	317	355	292	342	317	218	191	255	233	234	30	161	303	321	248	242	322	291	268	218	243	256	225	201	215	81	56	162	117	170	203	185	201	187	165	174	106	135	126	189	230	190	186	188	112	173	76	117	177	126	149	111	165	138	107	113	228	303	208	174	137	172	170	
105	101	142	120	91	140	105	205	138	223	228	187	133	170	136	147	122	71	126	251	200	198	213	116	178	0	66	38	66	69	192	138	175	171	153	114	154	206	69	70	60	137	76	176	171	250	171	232	70	156	101	90	140	97	88	63	104	78	41	70	96	161	162	134	126	72	124	143	32	95	94	82	81	122	14	20	189	219	252	42	8	110	80	74	69	60	128	157	7	250	71	36	160	189	168	167	192	218	192	141	191	153	122	117	168	120	112	76	148	217	248	152	119	148	143	107	66	235	255	210	265	221	54	54	117	78	76	150	19	138	171	119	117	163	141	93	42	76	79	70	63	198	99	128	128	62	36	26	37	228	193	204	169	87	45	67	99	131	103	93	101	104	73	122	99	177	87	110	83	33	115	94	89	171	245	138	165	133	161	154	
69	132	130	119	122	116	64	171	118	199	187	149	168	204	171	177	130	42	106	232	174	147	147	50	115	66	0	71	20	4	126	72	109	108	92	55	91	192	79	116	84	119	78	126	107	196	115	207	107	137	64	88	123	72	47	95	134	118	74	96	59	153	160	68	60	15	58	90	62	78	34	24	20	73	80	73	154	153	186	73	67	87	96	73	128	118	100	93	62	206	95	68	137	133	116	134	168	177	172	106	170	155	68	79	146	79	73	117	194	164	198	112	95	91	109	69	94	237	267	211	266	229	103	78	147	120	120	90	52	189	211	142	138	210	181	159	108	140	145	128	90	168	45	62	95	13	74	92	87	184	153	154	130	25	21	20	94	135	96	88	94	48	69	56	45	172	75	110	57	67	108	67	66	156	235	126	127	86	123	117	
128	139	174	154	129	169	126	231	168	253	251	211	170	207	173	185	158	93	156	283	229	174	211	115	165	38	71	0	80	71	185	132	178	178	163	125	161	238	103	107	96	168	109	152	160	227	152	262	108	187	123	123	172	124	108	100	141	115	78	107	119	195	197	130	121	68	124	158	67	125	104	75	90	140	46	58	215	216	252	78	45	138	116	107	61	51	97	146	31	273	108	72	190	203	184	193	222	241	223	165	222	189	137	140	198	142	134	113	182	233	266	175	147	161	168	129	103	271	292	246	301	258	91	90	154	115	113	136	28	172	208	156	155	198	177	105	59	78	97	61	100	226	85	124	153	59	5	49	20	251	216	222	192	95	54	81	132	166	135	126	133	117	105	125	113	139	55	73	58	5	79	67	61	203	279	170	188	152	185	178	
51	115	111	100	107	98	47	154	98	181	173	133	152	187	155	160	111	22	86	214	156	164	151	57	127	66	20	80	0	23	134	82	109	105	87	48	88	172	62	104	69	100	59	144	117	212	131	189	93	117	46	69	104	52	29	81	118	104	63	81	41	133	141	76	70	34	63	78	52	59	28	43	17	60	79	67	138	156	188	62	65	67	79	54	133	123	120	105	64	193	79	57	119	124	104	116	150	163	154	88	152	135	57	62	128	63	56	103	180	153	186	96	76	82	91	52	79	217	248	192	247	210	92	64	130	107	107	104	57	177	196	125	119	196	165	158	108	142	143	133	75	150	64	72	77	32	83	92	94	171	138	142	114	22	26	1	74	116	76	69	74	38	50	59	33	191	94	128	76	76	127	87	86	136	216	107	111	72	107	101	
72	136	133	123	126	119	66	173	121	201	189	151	172	208	175	181	134	45	109	235	176	143	145	47	112	69	4	71	23	0	123	69	108	107	92	55	90	195	83	120	88	122	82	122	103	192	111	210	111	140	66	92	126	75	49	99	138	122	78	100	62	156	164	65	57	11	56	91	66	82	34	20	21	75	83	76	156	150	184	77	70	90	100	77	130	119	97	90	65	208	99	72	140	133	117	136	170	179	175	108	173	158	69	81	149	81	75	121	198	164	199	114	98	91	111	72	98	240	271	215	270	233	107	82	151	124	124	86	55	193	215	146	142	214	185	162	111	143	148	129	94	170	41	59	97	13	75	95	88	186	155	155	132	25	24	23	97	139	99	92	97	49	73	55	47	170	73	108	54	68	105	64	64	159	238	129	129	88	125	119	
143	243	202	209	236	177	134	193	184	230	190	170	279	310	282	282	224	147	177	268	208	92	32	78	33	192	126	185	134	123	0	55	53	69	80	101	70	245	191	238	201	188	184	89	28	109	66	236	225	196	140	187	192	157	134	213	245	236	197	212	140	222	236	59	67	121	71	111	186	168	110	112	118	122	206	199	178	37	76	196	193	165	206	179	246	236	135	41	187	194	209	191	190	109	117	171	209	182	220	154	218	238	110	141	197	137	139	236	312	137	169	146	168	96	157	141	210	304	344	281	328	307	226	197	257	239	240	56	176	309	323	248	240	326	294	284	233	263	271	246	207	197	101	64	154	131	190	218	205	176	167	142	158	112	147	133	187	226	188	185	186	111	175	77	117	209	151	177	135	184	167	132	138	215	287	200	159	126	157	156	
101	194	167	167	187	144	92	178	150	213	183	154	231	265	234	237	181	97	140	250	188	97	79	25	46	138	72	132	82	69	55	0	57	67	63	59	54	218	141	186	149	153	136	81	36	136	61	220	174	165	98	142	157	113	88	162	197	185	144	161	96	188	200	9	12	66	23	86	133	124	61	57	65	86	152	145	161	85	122	143	139	124	158	131	193	182	100	24	133	194	159	139	161	106	104	147	186	173	195	124	193	199	74	104	170	101	100	184	261	140	176	121	130	75	128	99	159	274	310	249	300	272	173	145	209	188	188	32	122	258	275	202	196	276	245	230	179	208	217	192	155	179	50	10	119	77	136	164	151	173	153	138	137	60	93	81	143	184	144	140	142	67	127	31	71	179	105	135	85	130	127	86	91	185	263	163	136	95	133	131	
100	204	154	164	199	128	92	140	135	177	137	117	239	269	242	240	180	115	129	215	155	137	49	64	76	175	109	178	109	108	53	57	0	16	31	64	23	192	155	207	168	140	147	129	64	162	105	183	192	146	99	147	143	116	99	181	206	203	168	177	101	173	187	53	63	110	54	62	161	127	82	104	94	77	188	176	125	53	79	167	174	121	169	142	237	227	157	67	171	145	174	165	139	57	64	118	156	129	167	105	165	189	67	96	146	91	95	203	274	88	122	95	122	47	108	98	177	253	294	230	275	257	197	165	216	206	208	83	161	275	282	207	199	288	254	267	217	249	252	237	173	144	104	60	106	119	182	201	196	125	114	90	105	88	130	108	145	180	145	144	143	76	139	53	82	236	160	192	140	175	184	142	146	164	234	151	106	78	104	105	
89	194	139	151	189	113	82	124	120	161	122	101	227	256	230	227	167	108	115	199	139	152	63	67	91	171	108	178	105	107	69	67	16	0	19	58	17	176	145	198	159	125	137	143	79	178	119	167	182	130	89	136	128	105	91	172	196	193	161	167	91	157	172	61	70	111	57	48	154	116	77	106	90	65	184	171	109	67	87	160	170	108	159	133	236	226	166	80	168	130	164	158	123	42	48	102	140	113	151	90	149	175	56	83	130	78	83	193	264	74	110	79	109	33	93	87	167	237	278	214	259	241	190	157	205	196	198	95	159	265	269	194	186	278	243	263	212	247	247	236	164	128	109	67	92	119	182	197	195	110	98	75	89	84	127	104	133	166	132	133	131	69	129	54	75	246	165	197	144	175	191	147	151	148	218	137	90	64	88	89	
70	175	123	134	170	97	63	117	104	153	120	93	209	238	212	210	150	89	98	191	130	156	80	57	96	153	92	163	87	92	80	63	31	19	0	40	11	165	126	179	140	109	118	144	84	186	121	160	163	116	70	117	112	86	72	153	177	174	142	148	72	142	156	55	63	97	48	31	136	97	60	94	74	47	166	153	101	83	106	141	152	90	140	114	220	209	159	81	151	132	145	139	110	45	41	91	129	110	140	74	138	158	37	65	117	61	65	174	245	79	115	66	92	16	77	68	148	224	264	201	248	227	171	138	186	177	179	95	143	246	252	177	169	259	224	245	195	229	229	219	145	120	100	60	75	104	166	179	179	110	92	75	78	68	111	86	115	149	115	114	113	51	110	43	56	239	154	188	133	159	182	138	141	135	208	120	79	47	77	76	
43	143	108	110	137	86	34	126	91	159	138	103	179	210	182	182	124	51	81	196	134	155	110	39	104	114	55	125	48	55	101	59	64	58	40	0	42	161	92	143	104	94	85	139	92	195	120	166	128	107	40	87	98	57	35	117	145	139	104	113	40	129	141	50	52	62	36	37	97	68	21	62	35	28	126	114	109	115	143	103	113	66	106	79	181	170	138	83	112	155	111	101	103	78	62	92	130	128	138	67	136	141	17	45	112	42	41	139	212	109	144	67	71	36	70	41	113	215	251	190	242	213	133	101	156	142	144	91	104	212	223	148	140	227	194	205	155	190	189	180	109	125	75	51	61	68	128	139	140	133	105	100	84	30	72	47	87	126	88	85	86	12	76	28	18	216	124	159	103	121	154	111	112	127	205	104	82	39	79	75	
77	181	133	142	176	108	69	128	115	164	130	104	216	246	219	217	158	92	108	202	141	145	72	51	85	154	91	161	88	90	70	54	23	17	11	42	0	176	132	184	145	119	125	133	73	176	111	171	169	127	76	124	123	93	76	158	183	180	145	154	78	153	167	47	55	94	41	42	139	104	61	89	74	54	167	155	112	76	101	144	153	98	146	119	219	209	152	71	152	141	151	142	120	53	52	102	140	121	151	85	149	169	44	73	128	69	72	180	251	86	122	77	100	27	88	75	154	235	275	211	259	238	174	143	193	183	185	85	143	252	259	184	176	265	231	246	196	230	231	219	150	130	93	52	85	102	165	180	178	120	102	84	89	68	111	87	122	158	122	121	120	53	116	38	59	231	149	181	128	158	175	131	135	145	219	131	90	57	88	87	
125	131	64	87	137	77	132	63	74	37	89	79	138	140	139	123	90	152	86	46	41	315	237	200	259	206	192	238	172	195	245	218	192	176	165	161	176	0	137	166	148	73	130	299	247	350	279	43	152	56	130	116	69	120	146	152	131	154	166	142	134	45	50	209	213	206	196	134	174	116	170	212	177	133	207	189	70	239	244	165	199	105	129	132	267	261	291	241	209	110	140	171	58	145	128	74	37	87	25	94	27	62	145	118	49	120	123	156	176	135	134	99	97	149	91	126	146	64	108	46	84	76	173	153	127	158	161	250	211	188	160	115	109	182	151	257	227	263	238	268	147	54	231	211	101	204	239	217	242	105	84	120	87	177	193	172	107	81	103	113	105	157	134	188	155	363	266	299	248	233	299	259	258	36	45	68	86	123	88	89	
58	54	74	51	46	77	64	142	72	156	168	128	90	125	93	98	56	44	63	182	134	226	202	116	187	69	79	103	62	83	191	141	155	145	126	92	132	137	0	53	16	70	10	205	177	273	193	165	37	89	57	22	73	44	57	27	56	48	30	22	55	92	94	134	130	93	120	102	37	35	81	103	76	82	70	52	128	207	232	29	62	50	17	13	132	124	174	165	73	192	19	34	95	148	124	106	125	158	124	84	123	86	89	68	101	73	65	48	121	169	195	97	57	114	85	60	22	168	193	143	198	157	48	18	68	51	53	166	76	120	134	63	59	136	104	134	94	132	116	133	19	134	124	131	71	86	103	82	105	172	134	153	112	81	68	63	31	63	35	26	34	80	16	114	75	237	141	171	127	98	173	139	137	103	176	70	107	88	104	97	
111	38	111	83	29	123	117	186	117	193	214	175	63	100	66	79	76	92	109	212	174	261	253	161	231	70	116	107	104	120	238	186	207	198	179	143	184	166	53	0	39	113	62	240	221	312	231	201	17	129	110	70	115	96	108	27	40	12	42	33	108	122	117	180	174	128	167	155	55	88	129	139	121	135	61	51	175	257	285	43	63	101	46	66	108	105	197	209	77	239	36	49	138	201	177	153	164	205	160	135	160	105	142	121	142	125	118	10	79	221	245	149	107	167	135	113	31	179	191	157	210	161	16	42	50	9	6	206	87	73	101	57	60	95	71	91	68	99	72	110	34	177	159	176	123	119	104	64	99	220	182	205	161	126	99	105	77	85	80	74	80	131	69	162	125	246	157	180	151	103	185	163	158	138	197	108	156	141	153	146	
73	48	87	61	39	91	79	156	87	170	183	143	85	121	88	95	62	54	78	194	148	231	214	125	195	60	84	96	69	88	201	149	168	159	140	104	145	148	16	39	0	84	25	209	185	280	199	179	25	103	72	37	87	59	69	13	51	36	19	13	69	103	103	143	138	97	130	117	30	51	91	107	84	97	59	41	143	219	246	18	52	65	20	28	119	113	174	173	65	207	12	25	109	163	139	121	139	173	137	99	137	93	103	83	116	88	80	35	112	185	211	113	72	129	100	75	10	175	197	150	205	162	33	7	64	39	40	173	70	109	128	62	59	127	97	118	80	117	100	121	6	149	128	139	87	89	95	69	95	187	149	169	127	90	69	70	46	71	49	41	48	92	31	124	86	233	139	166	127	91	170	139	136	115	186	83	122	103	119	112	
53	88	14	34	89	13	62	73	5	86	101	64	113	135	116	108	48	79	14	116	64	249	188	132	197	137	119	168	100	122	188	153	140	125	109	94	119	73	70	113	84	0	62	232	185	289	214	95	97	19	58	48	4	48	74	91	89	103	100	82	61	35	48	144	146	133	130	78	105	44	99	139	105	68	140	122	62	192	207	99	131	33	68	63	202	194	219	177	140	126	79	103	25	108	85	42	55	93	56	36	54	50	80	50	32	53	54	104	153	117	136	49	24	93	34	55	86	121	158	96	149	120	114	88	94	107	110	185	140	160	151	81	72	164	129	201	164	201	182	203	85	65	159	145	35	132	168	152	173	109	72	100	53	105	120	100	39	44	35	45	37	88	64	122	85	291	193	227	176	163	226	186	185	37	116	12	48	62	47	42	
50	59	66	46	52	67	56	132	63	147	158	118	95	129	98	101	53	39	53	175	125	223	195	111	182	76	78	109	59	82	184	136	147	137	118	85	125	130	10	62	25	62	0	203	171	269	189	156	46	80	49	14	65	34	50	36	61	56	39	30	47	86	89	128	125	93	114	94	44	26	75	102	72	74	78	60	118	200	224	38	69	40	22	6	140	132	176	160	80	182	27	41	86	139	115	96	116	148	116	74	115	82	81	59	93	63	56	56	128	160	186	88	47	106	75	52	31	164	191	139	194	154	58	27	73	60	62	162	81	128	139	66	60	142	110	143	103	141	125	141	29	125	123	126	62	86	109	90	112	162	124	144	102	76	70	60	23	60	27	17	25	74	9	108	68	241	144	174	129	104	176	141	138	95	170	62	97	79	94	87	
179	257	245	241	248	224	170	259	229	294	263	235	293	329	296	303	253	164	218	331	269	22	121	100	57	176	126	152	144	122	89	81	129	143	144	139	133	299	205	240	209	232	203	0	65	75	24	301	232	245	174	211	236	188	160	220	259	242	198	222	172	267	278	90	87	112	103	167	185	198	133	102	131	166	190	190	242	125	162	197	181	201	222	198	207	198	65	63	169	273	220	191	241	184	184	228	267	254	276	205	274	275	154	183	250	180	178	241	318	216	251	202	208	156	208	177	219	353	388	328	380	350	224	203	272	244	243	49	157	311	337	268	263	333	306	256	209	228	248	206	215	260	81	88	199	121	157	197	172	253	234	217	218	129	141	143	215	257	217	211	215	144	194	111	147	124	100	112	94	153	100	85	91	265	343	241	217	176	214	212	
135	230	199	202	223	175	126	201	181	237	201	177	266	300	269	272	216	133	172	275	214	73	60	61	12	171	107	160	117	103	28	36	64	79	84	92	73	247	177	221	185	185	171	65	0	104	41	244	209	196	132	177	189	148	123	197	232	220	180	197	131	220	233	43	47	99	58	113	169	159	96	89	101	117	185	179	185	65	104	179	173	158	193	166	221	211	107	14	165	209	195	174	191	121	125	174	213	192	223	154	221	233	105	136	199	132	133	220	297	152	186	149	163	99	158	133	195	305	343	280	330	305	209	181	244	223	224	28	154	293	310	237	231	312	281	262	211	238	249	220	191	203	75	46	150	109	165	196	180	189	175	154	162	96	127	116	178	218	179	175	177	101	162	65	106	182	124	149	108	159	139	105	111	216	291	196	162	125	160	158	
237	327	302	303	318	279	228	302	285	339	299	279	363	398	366	370	317	230	275	377	316	53	130	160	92	250	196	227	212	192	109	136	162	178	186	195	176	350	273	312	280	289	269	75	104	0	81	345	303	300	234	276	293	249	223	291	329	314	270	292	232	324	336	145	145	184	159	216	257	260	195	173	197	221	264	264	287	132	158	269	255	260	290	264	282	273	137	112	243	303	290	263	294	218	226	277	315	291	326	258	324	335	209	239	303	236	236	313	390	245	276	252	266	202	261	235	290	409	446	384	433	408	297	274	341	316	315	108	232	384	407	335	329	405	377	331	284	303	323	281	286	306	153	145	254	193	232	272	247	285	276	251	264	194	213	211	279	320	280	275	278	203	260	167	207	175	175	182	169	228	170	160	166	319	394	299	265	229	263	261	
161	246	227	225	237	205	152	237	210	273	240	213	283	318	286	290	238	150	200	311	249	36	98	82	33	171	115	152	131	111	66	61	105	119	121	120	111	279	193	231	199	214	189	24	41	81	0	280	222	226	157	197	218	172	144	210	249	233	189	211	155	249	260	70	68	103	84	147	176	182	117	93	117	147	185	184	221	102	140	188	175	184	210	184	211	201	77	40	165	249	210	182	222	161	162	208	247	231	256	185	254	259	135	164	231	161	160	232	309	193	227	182	190	134	189	159	209	335	370	310	361	332	217	193	261	235	234	29	153	303	326	255	249	324	296	257	208	230	247	210	205	239	73	69	180	113	157	195	172	229	213	194	197	114	133	131	200	241	201	196	199	126	180	92	130	145	106	123	95	153	112	88	94	246	324	223	197	156	194	191	
138	168	92	119	173	93	144	43	94	9	57	67	179	183	180	165	125	171	106	33	34	316	224	204	256	232	207	262	189	210	236	220	183	167	160	166	171	43	165	201	179	95	156	301	244	345	280	0	186	76	144	143	92	139	161	183	168	189	195	174	148	79	89	211	216	220	199	134	200	138	181	224	190	139	234	216	59	225	224	194	225	124	160	158	296	288	303	241	235	73	171	197	72	130	119	75	41	60	42	102	42	101	149	129	64	129	135	191	218	112	101	100	115	146	99	139	178	96	140	85	105	114	206	182	167	193	196	252	234	229	203	154	147	224	193	292	258	295	273	297	179	41	241	214	113	220	262	246	268	74	69	100	83	188	212	189	134	117	130	139	131	166	159	191	166	379	282	317	263	257	315	273	273	64	61	96	84	127	88	92	
95	31	95	67	21	106	101	169	100	177	197	158	64	101	67	77	62	79	92	198	158	253	238	149	219	70	107	108	93	111	225	174	192	182	163	128	169	152	37	17	25	97	46	232	209	303	222	186	0	113	94	53	98	80	93	12	34	11	34	16	92	108	103	168	162	120	154	139	47	71	116	130	109	119	64	50	158	243	269	35	63	84	29	50	118	113	193	197	77	222	19	41	121	185	160	136	148	188	145	118	144	93	126	105	126	109	102	11	88	204	228	132	90	151	118	97	16	170	186	147	200	153	21	29	47	14	16	196	85	84	106	49	50	103	75	106	77	111	87	119	19	160	151	164	106	111	106	70	102	203	165	188	144	114	91	93	60	71	64	57	63	117	53	149	111	247	155	180	146	103	185	158	154	122	186	92	139	125	136	129	
69	102	19	47	104	21	77	57	19	67	87	53	122	140	125	114	59	97	31	97	46	261	193	145	208	156	137	187	117	140	196	165	146	130	116	107	127	56	89	129	103	19	80	245	196	300	226	76	113	0	74	67	16	65	91	109	102	118	119	100	78	27	43	156	159	151	142	85	124	62	115	156	121	79	158	140	49	196	209	118	149	50	86	82	220	212	236	189	159	112	97	121	10	107	86	34	36	79	37	42	35	49	91	63	13	65	68	120	163	111	125	51	42	100	39	70	103	110	149	85	135	111	132	106	104	122	125	197	159	170	157	91	83	173	138	219	182	220	200	221	104	48	175	157	46	149	187	170	192	96	61	94	48	121	138	117	58	53	54	63	55	102	83	134	100	308	211	244	193	182	244	204	203	20	100	21	44	71	45	42	
6	105	71	70	100	53	7	109	56	135	128	88	140	170	143	142	84	31	44	169	110	192	148	75	143	101	64	123	46	66	140	98	99	89	70	40	76	130	57	110	72	58	49	174	132	234	157	144	94	74	0	48	62	17	17	84	107	105	78	79	5	93	104	89	89	77	75	46	75	28	41	82	47	25	110	94	92	152	176	77	97	27	70	44	170	161	162	122	101	150	76	77	74	92	69	71	104	118	109	43	107	102	33	17	83	19	11	105	175	117	147	52	34	57	46	6	79	179	214	154	207	176	104	71	117	108	110	128	97	176	183	108	100	189	155	185	138	175	167	171	76	105	101	89	31	77	125	123	134	128	93	103	69	47	70	45	47	87	48	45	46	31	41	67	27	236	139	173	120	119	171	130	130	94	174	67	66	33	62	55	
