NAME:	instance_2-triangle
TYPE:	VRPRDL
DIMENSION:	41
CAPACITY:	750
TIME_HORIZON:	720
NUM_CUSTOMERS:	16
NODE_COORD_SECTION
1	0.0	0.0
2	49.1907042807	6.02631914094
3	50.3479688917	3.8936089518
4	146.171243102	80.7565016266
5	-71.1319036368	32.9788222854
6	-61.4386724467	18.4426103066
7	32.3432739294	-7.0858088614
8	-3.90581717265	71.3312474002
9	-74.6351274424	-54.4332054255
10	-33.7221276293	23.4050473606
11	-107.812938525	-41.1226356653
12	76.0331536369	-36.470294385
13	55.8696291267	-4.68517143185
14	44.4420400595	-23.9194130582
15	89.5494849345	-70.3228553283
16	49.5340635375	-29.2289985944
17	-147.3913464	64.7044217767
18	68.1355289672	-38.7569338928
19	-1.11727930028	87.2877914232
20	40.2814817522	60.0465146415
21	70.6121692188	41.4320246233
22	-15.6864136517	46.3970120824
23	1.48052544091	8.38372870037
24	23.3118637551	52.2723188674
25	41.5761855069	11.6630987498
26	-1.7141381606	25.4110652516
27	-3.08803582396	24.57835021
28	-1.63338583005	25.4076055974
29	-15.3469960573	160.054428458
30	-17.1347423752	127.964629009
31	61.1918737885	108.341949825
32	-25.3857036581	68.128735144
33	20.8612139873	117.625873768
34	45.1009707922	-44.7990921759
35	-18.2818728974	16.6569900387
36	-0.864286554694	-7.33400346099
37	-35.5516061834	-121.62390326
38	27.5614431555	-38.5412002608
39	-57.3733086943	23.0774727147
40	-63.4599256702	34.1079992004
41	-62.6032522394	34.1697416384
EDGE_WEIGHT_SECTION
0	50	50	167	78	64	33	71	92	41	115	84	56	50	114	57	161	78	87	72	82	49	9	57	43	25	25	25	160	129	124	73	119	64	25	7	126	47	62	72	71	
50	0	2	122	123	111	21	84	138	85	164	50	12	30	86	35	205	48	96	55	41	76	48	53	9	54	55	54	167	139	103	97	115	51	68	52	153	50	108	116	115	
50	2	0	123	125	113	21	86	138	86	164	48	10	28	84	33	207	46	98	57	43	78	49	55	11	56	57	56	169	141	105	99	117	49	70	52	152	48	109	118	117	
167	122	123	0	222	217	143	150	259	189	282	137	124	146	161	146	294	143	147	108	85	165	162	126	125	158	159	158	180	169	89	172	130	161	176	171	272	168	212	214	213	
78	123	125	222	0	17	111	77	87	39	83	162	132	128	191	135	83	156	89	115	142	57	76	96	115	70	69	70	139	109	152	58	125	140	55	81	159	122	17	8	9	
64	111	113	217	17	0	97	78	74	28	75	148	120	114	175	121	98	142	91	110	134	54	64	91	103	60	59	60	149	118	152	61	128	124	43	66	142	106	6	16	16	
33	21	21	143	111	97	0	86	117	73	144	53	24	21	85	28	193	48	100	68	62	72	35	60	21	47	48	47	174	144	119	95	125	40	56	33	133	32	95	104	104	
71	84	86	150	77	78	86	0	144	56	153	134	96	107	170	114	144	132	16	46	80	28	63	33	75	46	47	46	89	58	75	22	53	126	57	78	196	114	72	70	69	
92	138	138	259	87	74	117	144	0	88	36	152	140	123	165	127	140	144	160	162	174	117	99	145	134	108	107	108	222	191	212	132	197	120	91	88	78	103	79	89	89	
41	85	86	189	39	28	73	56	88	0	98	125	94	91	155	98	121	119	72	83	106	29	38	64	76	32	31	32	137	105	127	45	109	104	17	45	145	87	24	32	31	
115	164	164	282	83	75	144	153	36	98	0	184	168	153	200	158	113	176	166	179	197	127	120	161	158	125	124	125	221	192	225	136	203	153	107	112	108	135	81	87	88	
84	50	48	137	162	148	53	134	152	125	184	0	38	34	36	27	245	8	146	103	78	124	87	103	59	99	100	99	217	189	146	146	164	32	108	82	140	49	146	156	155	
56	12	10	124	132	120	24	96	140	94	168	38	0	22	74	25	214	36	108	67	48	88	56	65	21	65	66	65	179	151	113	109	127	41	77	57	148	44	117	125	125	
50	30	28	146	128	114	21	107	123	91	153	34	22	0	64	7	211	28	120	84	70	92	54	79	36	67	68	67	193	164	133	116	143	21	75	48	126	22	112	122	121	
114	86	84	161	191	175	85	170	165	155	200	36	74	64	0	57	272	38	182	139	113	156	118	139	95	131	132	131	253	225	181	180	200	51	139	110	135	70	174	185	184	
57	35	33	146	135	121	28	114	127	98	158	27	25	7	57	0	218	21	127	90	73	99	61	86	42	74	75	74	200	171	138	123	150	16	82	55	126	24	119	129	128	
161	205	207	294	83	98	193	144	140	121	113	245	214	211	272	218	0	239	148	188	219	133	158	171	196	151	150	151	163	145	213	122	176	221	137	163	217	203	99	89	90	
78	48	46	143	156	142	48	132	144	119	176	8	36	28	38	21	239	0	144	103	80	119	82	101	57	95	95	95	215	187	147	142	163	24	103	76	133	41	140	150	149	
87	96	98	147	89	91	100	16	160	72	166	146	108	120	182	127	148	144	0	50	85	43	79	43	87	62	63	62	74	44	66	31	37	140	73	94	212	129	85	82	81	
72	55	57	108	115	110	68	46	162	83	179	103	67	84	139	90	188	103	50	0	36	58	65	19	48	54	56	54	114	89	53	66	61	105	73	79	197	99	104	107	106	
82	41	43	85	142	134	62	80	174	106	197	78	48	70	113	73	219	80	85	36	0	86	77	49	42	74	76	74	146	123	68	100	91	89	92	87	194	91	129	134	133	
49	76	78	165	57	54	72	28	117	29	127	124	88	92	156	99	133	119	43	58	86	0	42	39	67	25	25	25	114	82	99	24	80	109	30	56	169	95	48	49	48	
9	48	49	162	76	64	35	63	99	38	120	87	56	54	118	61	158	82	79	65	77	42	0	49	40	17	17	17	152	121	116	66	111	69	21	16	135	54	61	69	69	
57	53	55	126	96	91	60	33	145	64	161	103	65	79	139	86	171	101	43	19	49	39	49	0	45	37	38	37	115	86	68	51	65	99	55	64	183	91	86	88	87	
43	9	11	125	115	103	21	75	134	76	158	59	21	36	95	42	196	57	87	48	42	67	40	45	0	45	46	45	159	130	99	88	108	57	60	46	154	52	100	107	106	
25	54	56	158	70	60	47	46	108	32	125	99	65	67	131	74	151	95	62	54	74	25	17	37	45	0	2	0	135	104	104	49	95	84	19	32	151	70	56	62	62	
25	55	57	159	69	59	48	47	107	31	124	100	66	68	132	75	150	95	63	56	76	25	17	38	46	2	0	2	136	104	106	49	96	84	17	32	150	70	54	61	60	
25	54	56	158	70	60	47	46	108	32	125	99	65	67	131	74	151	95	62	54	74	25	17	37	45	0	2	0	135	104	104	49	95	84	19	32	151	70	56	62	62	
160	167	169	180	139	149	174	89	222	137	221	217	179	193	253	200	163	215	74	114	146	114	152	115	159	135	136	135	0	32	92	92	56	214	143	167	282	203	143	135	134	
129	139	141	169	109	118	144	58	191	105	192	189	151	164	225	171	145	187	44	89	123	82	121	86	130	104	104	104	32	0	80	60	39	184	111	136	250	172	112	105	104	
124	103	105	89	152	152	119	75	212	127	225	146	113	133	181	138	213	147	66	53	68	99	116	68	99	104	106	104	92	80	0	95	41	154	121	131	249	151	146	145	144	
73	97	99	172	58	61	95	22	132	45	136	146	109	116	180	123	122	142	31	66	100	24	66	51	88	49	49	49	92	60	95	0	68	133	52	79	190	119	55	51	50	
119	115	117	130	125	128	125	53	197	109	203	164	127	143	200	150	176	163	37	61	91	80	111	65	108	95	96	95	56	39	41	68	0	164	108	126	245	156	122	119	118	
64	51	49	161	140	124	40	126	120	104	153	32	41	21	51	16	221	24	140	105	89	109	69	99	57	84	84	84	214	184	154	133	164	0	88	59	111	19	123	134	133	
25	68	70	176	55	43	56	57	91	17	107	108	77	75	139	82	137	103	73	73	92	30	21	55	60	19	17	19	143	111	121	52	108	88	0	30	139	72	40	48	48	
7	52	52	171	81	66	33	78	88	45	112	82	57	48	110	55	163	76	94	79	87	56	16	64	46	32	32	32	167	136	131	79	126	59	30	0	119	42	64	75	74	
126	153	152	272	159	142	133	196	78	145	108	140	148	126	135	126	217	133	212	197	194	169	135	183	154	151	150	151	282	250	249	190	245	111	139	119	0	104	146	158	158	
47	50	48	168	122	106	32	114	103	87	135	49	44	22	70	24	203	41	129	99	91	95	54	91	52	70	70	70	203	172	151	119	156	19	72	42	104	0	105	116	116	
62	108	109	212	17	6	95	72	79	24	81	146	117	112	174	119	99	140	85	104	129	48	61	86	100	56	54	56	143	112	146	55	122	123	40	64	146	105	0	13	12	
72	116	118	214	8	16	104	70	89	32	87	156	125	122	185	129	89	150	82	107	134	49	69	88	107	62	61	62	135	105	145	51	119	134	48	75	158	116	13	0	1	
71	115	117	213	9	16	104	69	89	31	88	155	125	121	184	128	90	149	81	106	133	48	69	87	106	62	60	62	134	104	144	50	118	133	48	74	158	116	12	1	0	
EDGE_TRAVEL_TIME_SECTION
0	50	51	167	79	64	33	72	93	41	116	85	56	51	114	58	161	79	88	73	82	49	9	57	43	26	25	26	161	129	125	73	120	64	25	8	127	48	62	72	72	
50	0	3	123	123	112	22	84	138	85	164	50	13	31	87	36	205	49	96	55	42	77	48	53	10	55	56	55	167	139	103	97	115	51	69	52	153	50	108	116	116	
51	3	0	123	125	113	21	87	138	87	165	48	10	29	84	33	207	46	98	57	43	79	49	56	12	57	58	57	170	141	105	99	118	49	70	53	152	48	110	118	117	
167	123	123	0	223	217	144	151	259	189	282	137	125	146	162	147	294	143	148	108	85	166	162	126	126	158	160	158	180	170	90	172	131	161	177	172	272	168	212	215	214	
79	123	125	223	0	18	111	78	88	39	83	163	133	129	191	136	83	157	89	115	142	57	77	97	115	70	69	70	139	110	153	58	125	140	56	81	159	122	17	8	9	
64	112	113	217	18	0	97	78	74	28	76	148	120	114	175	121	98	142	92	110	134	54	64	92	103	60	59	60	149	118	152	62	129	124	43	66	143	106	6	16	16	
33	22	21	144	111	97	0	87	117	73	144	53	24	21	85	28	194	48	100	68	62	72	35	60	21	47	48	47	174	144	119	95	125	40	56	33	133	32	95	105	104	
72	84	87	151	78	78	87	0	145	57	153	134	97	107	170	114	144	132	16	46	81	28	63	33	75	46	47	46	90	58	75	22	53	126	57	79	196	115	72	70	70	
93	138	138	259	88	74	117	145	0	88	36	152	140	123	165	127	140	144	160	162	174	117	99	145	134	108	107	108	223	191	212	132	197	120	91	88	78	104	80	89	90	
41	85	87	189	39	28	73	57	88	0	99	125	94	92	155	99	121	120	72	83	106	29	39	64	76	32	31	32	138	106	128	46	109	104	17	45	145	87	24	32	31	
116	164	165	282	83	76	144	153	36	99	0	184	168	153	200	158	113	176	167	180	197	127	120	161	159	125	124	125	222	192	226	137	204	153	107	112	108	136	82	88	88	
85	50	48	137	163	148	53	134	152	125	184	0	38	34	37	28	245	8	146	103	78	124	87	103	59	100	100	100	217	189	146	146	164	32	108	82	141	49	146	157	156	
56	13	10	125	133	120	24	97	140	94	168	38	0	23	74	26	215	36	108	67	49	88	56	66	22	65	66	65	180	151	113	109	127	42	77	57	149	44	117	126	125	
51	31	29	146	129	114	21	107	123	92	153	34	23	0	65	8	211	28	120	84	71	93	54	79	36	68	68	68	194	164	134	116	144	21	75	48	127	23	112	123	122	
114	87	84	162	191	175	85	170	165	155	200	37	74	65	0	58	273	38	182	140	114	157	118	140	95	132	133	132	253	225	181	180	200	52	139	110	135	70	174	185	185	
58	36	33	147	136	121	28	114	127	99	158	28	26	8	58	0	218	21	127	90	74	100	61	86	42	75	76	75	200	171	138	123	150	16	82	55	126	24	119	130	129	
161	205	207	294	83	98	194	144	140	121	113	245	215	211	273	218	0	239	148	188	219	133	159	171	197	151	150	151	163	145	213	122	177	222	138	163	217	203	99	90	90	
79	49	46	143	157	142	48	132	144	120	176	8	36	28	38	21	239	0	144	103	80	120	82	102	57	95	96	95	216	187	148	142	163	24	103	76	133	41	140	151	150	
88	96	98	148	89	92	100	16	160	72	167	146	108	120	182	127	148	144	0	50	85	44	79	43	87	62	63	62	74	44	66	31	38	140	73	95	212	129	86	82	82	
73	55	57	108	115	110	68	46	162	83	180	103	67	84	140	90	188	103	50	0	36	58	65	19	49	55	56	55	115	89	53	66	61	105	73	79	197	100	105	107	106	
82	42	43	85	142	134	62	81	174	106	197	78	49	71	114	74	219	80	85	36	0	87	77	49	42	74	76	74	147	123	68	100	91	90	93	87	195	91	130	135	134	
49	77	79	166	57	54	72	28	117	29	127	124	88	93	157	100	133	120	44	58	87	0	42	40	67	25	25	25	114	82	99	24	80	110	30	56	169	95	48	50	49	
9	48	49	162	77	64	35	63	99	39	120	87	56	54	118	61	159	82	79	65	77	42	0	49	40	18	17	18	153	121	117	66	111	69	22	16	135	54	61	70	69	
57	53	56	126	97	92	60	33	145	64	161	103	66	79	140	86	171	102	43	19	49	40	49	0	45	37	38	37	115	86	68	51	66	100	55	65	184	91	86	89	88	
43	10	12	126	115	103	21	75	134	76	159	59	22	36	95	42	197	57	87	49	42	67	40	45	0	46	47	46	159	131	99	88	108	57	60	47	154	52	100	108	107	
26	55	57	158	70	60	47	46	108	32	125	100	65	68	132	75	151	95	62	55	74	25	18	37	46	0	2	0	136	104	104	49	95	85	19	33	151	71	56	63	62	
25	56	58	160	69	59	48	47	107	31	124	100	66	68	133	76	150	96	63	56	76	25	17	38	47	2	0	2	136	105	106	49	96	85	17	32	150	70	54	61	61	
26	55	57	158	70	60	47	46	108	32	125	100	65	68	132	75	151	95	62	55	74	25	18	37	46	0	2	0	136	104	104	49	95	85	19	33	151	71	56	63	62	
161	167	170	180	139	149	174	90	223	138	222	217	180	194	253	200	163	216	74	115	147	114	153	115	159	136	136	136	0	32	93	93	56	214	144	168	283	203	144	135	135	
129	139	141	170	110	118	144	58	191	106	192	189	151	164	225	171	145	187	44	89	123	82	121	86	131	104	105	104	32	0	81	61	40	184	112	137	251	173	113	105	104	
125	103	105	90	153	152	119	75	212	128	226	146	113	134	181	138	213	148	66	53	68	99	117	68	99	104	106	104	93	81	0	96	42	154	122	132	250	151	146	145	145	
73	97	99	172	58	62	95	22	132	46	137	146	109	116	180	123	122	142	31	66	100	24	66	51	88	49	49	49	93	61	96	0	68	133	52	80	190	119	56	51	51	
120	115	118	131	125	129	125	53	197	109	204	164	127	144	200	150	177	163	38	61	91	80	111	66	108	95	96	95	56	40	42	68	0	164	109	127	246	157	123	119	118	
64	51	49	161	140	124	40	126	120	104	153	32	42	21	52	16	222	24	140	105	90	110	69	100	57	85	85	85	214	184	154	133	164	0	88	60	112	19	123	134	134	
25	69	70	177	56	43	56	57	91	17	107	108	77	75	139	82	138	103	73	73	93	30	22	55	60	19	17	19	144	112	122	52	109	88	0	30	140	72	40	49	48	
8	52	53	172	81	66	33	79	88	45	112	82	57	48	110	55	163	76	95	79	87	56	16	65	47	33	32	33	168	137	132	80	127	60	30	0	120	42	64	75	75	
127	153	152	272	159	143	133	196	78	145	108	141	149	127	135	126	217	133	212	197	195	169	135	184	154	151	150	151	283	251	250	190	246	112	140	120	0	105	147	158	158	
48	50	48	168	122	106	32	115	104	87	136	49	44	23	70	24	203	41	129	100	91	95	54	91	52	71	70	71	203	173	151	119	157	19	72	42	105	0	105	117	116	
62	108	110	212	17	6	95	72	80	24	82	146	117	112	174	119	99	140	86	105	130	48	61	86	100	56	54	56	144	113	146	56	123	123	40	64	147	105	0	13	13	
72	116	118	215	8	16	105	70	89	32	88	157	126	123	185	130	90	151	82	107	135	50	70	89	108	63	61	63	135	105	145	51	119	134	49	75	158	117	13	0	1	
72	116	117	214	9	16	104	70	90	31	88	156	125	122	185	129	90	150	82	106	134	49	69	88	107	62	61	62	135	104	145	51	118	134	48	75	158	116	13	1	0	
TIME_WINDOW_SECTION
1	0	720
2	86	119
3	0	720
4	0	720
5	160	168
6	186	217
7	314	526
8	0	720
9	143	259
10	347	502
11	0	720
12	174	178
13	216	259
14	282	355
15	420	491
16	0	720
17	0	720
18	0	720
19	292	301
20	351	415
21	0	720
22	197	369
23	0	720
24	137	138
25	183	227
26	273	385
27	387	393
28	0	720
29	114	114
30	146	179
31	260	344
32	440	555
33	0	720
34	206	235
35	0	720
36	0	720
37	416	447
38	0	720
39	332	426
40	439	617
41	0	720
CLUSTER_SECTION
1	1	
2	2	3	
3	4	
4	5	6	7	8	
5	9	10	11	
6	12	13	14	15	16	
7	17	
8	18	
9	19	20	21	
10	22	23	
11	24	25	26	27	28	
12	29	30	31	32	33	
13	34	35	
14	36	
15	37	38	
16	39	40	41	
DEMAND_SECTION
1	0
2	31
3	32
4	15
5	26
6	23
7	22
8	16
9	26
10	17
11	19
12	15
13	21
14	30
15	40
16	26
DEPOT_SECTION
1
EOF