NAME:	instance_9-triangle
TYPE:	VRPRDL
DIMENSION:	49
CAPACITY:	750
TIME_HORIZON:	720
NUM_CUSTOMERS:	21
NODE_COORD_SECTION
1	0.0	0.0
2	-34.6658257899	80.7825057446
3	33.7139172837	-153.526856402
4	67.326696782	-139.607196854
5	86.7572692897	-138.311623459
6	62.5391322179	-153.088582481
7	65.6203675324	-156.1283616
8	56.9075056227	-55.2948070544
9	28.4403610212	17.2656861203
10	28.3033946382	19.3413782988
11	61.1983750659	-22.7576989986
12	36.4587363887	-0.762526565666
13	-7.13497090689	-104.851714251
14	-26.8737728283	-158.060056723
15	-25.9183014467	-104.145082725
16	-84.9017722402	-23.5782520378
17	-45.9260383334	-81.6866015847
18	-35.7231389372	-147.892062775
19	-67.9600130761	-143.920746478
20	-46.1330237524	-94.5295742099
21	-45.3065972377	-87.5029037247
22	117.988010317	66.4100023476
23	61.7378434234	-97.4800399119
24	132.638792572	17.5016242949
25	-146.076148831	5.41539349927
26	-40.9858312412	21.7192295212
27	-152.351590883	-3.94712293481
28	-138.044315147	39.0508078405
29	-11.3066895995	62.5007953691
30	21.7410150292	51.9451424343
31	0.18052923001	0.119959516756
32	6.14464159764	49.7151138953
33	-51.5702009717	-28.7470430334
34	-28.3575221844	-9.96100370834
35	2.15828907578	-3.89696685959
36	-73.7195256156	-28.3694818297
37	-72.7327038986	-25.9682626069
38	32.0234229196	-41.4929017543
39	-82.5282768808	-107.324502802
40	-85.4016347373	-48.0992076146
41	59.895229848	49.1867560653
42	43.9802745248	-14.3401111452
43	-34.2736694901	91.9662527328
44	-40.9629218732	18.7615531171
45	16.8145189314	-97.5987455513
46	-39.1905955558	-89.7723348605
47	-14.6635751403	-96.7667246355
48	-25.1428094098	-11.3794044012
49	104.85917998	45.781765943
EDGE_WEIGHT_SECTION
0	88	157	155	163	165	169	79	33	34	65	36	105	160	107	88	94	152	159	105	99	135	115	134	146	46	152	143	63	56	0	50	59	30	4	79	77	52	135	98	77	46	98	45	99	98	98	28	114	
88	0	244	243	250	253	257	164	90	88	141	108	188	239	185	116	163	229	227	175	168	153	202	179	135	59	145	111	30	63	88	51	111	91	92	116	113	139	194	139	100	123	11	62	186	171	179	93	144	
157	244	0	36	55	29	32	101	171	173	134	153	64	61	77	176	107	70	102	99	103	236	63	198	240	190	238	258	220	206	157	205	151	156	153	165	166	112	125	159	204	140	254	187	58	97	75	154	212	
155	243	36	0	19	14	17	84	161	163	117	142	82	96	100	191	127	103	135	122	124	212	42	170	258	194	258	272	217	196	155	199	163	161	151	180	180	104	153	178	189	127	253	192	66	117	93	158	189	
163	250	55	19	0	28	28	88	166	168	118	146	100	115	118	206	144	122	154	140	142	207	48	162	274	205	274	286	223	201	163	205	176	172	159	195	195	111	172	194	189	131	260	202	81	135	110	169	185	
165	253	29	14	28	0	4	98	174	176	130	155	85	90	101	196	130	98	130	123	126	226	56	184	262	203	261	278	228	209	165	210	169	170	161	185	186	116	152	181	202	140	263	201	72	120	96	167	203	
169	257	32	17	28	4	0	101	177	179	133	158	89	93	105	200	134	102	134	127	130	229	59	186	266	207	265	282	232	212	169	214	173	174	165	189	190	119	156	185	205	143	267	205	76	124	100	171	206	
79	164	101	84	88	98	101	0	78	80	33	58	81	133	96	145	106	131	153	110	107	136	42	105	212	125	215	216	136	113	79	117	112	96	75	133	133	28	149	142	105	43	173	123	58	102	83	93	112	
33	90	171	161	166	174	177	78	0	2	52	20	127	184	133	120	124	177	188	134	128	102	119	104	175	70	182	168	60	35	33	39	92	63	34	112	110	59	167	131	45	35	97	69	115	127	122	61	82	
34	88	173	163	168	176	179	80	2	0	53	22	129	186	135	121	125	179	189	136	130	101	121	104	175	69	182	168	59	33	34	38	93	64	35	113	111	61	168	132	43	37	96	69	117	128	124	62	81	
65	141	134	117	118	130	133	33	52	53	0	33	107	161	119	146	122	158	177	129	125	105	75	82	209	111	214	208	112	84	65	91	113	90	62	135	134	35	167	149	72	19	149	110	87	121	106	87	81	
36	108	153	142	146	155	158	58	20	22	33	0	113	170	121	123	115	164	177	125	119	106	100	98	182	81	188	179	79	55	36	59	92	65	34	113	112	41	160	131	55	16	116	80	99	117	109	62	83	
105	188	64	82	100	85	89	81	127	129	107	113	0	57	19	112	45	52	72	40	42	212	69	186	177	131	177	194	167	159	105	155	88	97	101	101	103	74	75	97	168	104	199	128	25	35	11	95	188	
160	239	61	96	115	90	93	133	184	186	161	170	57	0	54	146	79	13	43	66	73	266	107	237	202	180	198	226	221	215	160	210	131	148	156	138	140	131	75	124	225	160	250	177	75	69	62	147	242	
107	185	77	100	118	101	105	96	133	135	119	121	19	54	0	100	30	45	58	22	26	223	88	199	163	127	161	182	167	163	107	157	80	94	104	90	91	85	57	82	176	114	196	124	43	20	13	93	199	
88	116	176	191	206	196	200	145	120	121	146	123	112	146	100	0	70	134	122	81	75	222	164	221	68	63	70	82	113	131	88	117	33	58	89	12	12	118	84	25	162	129	126	61	126	80	101	61	202	
94	163	107	127	144	130	134	106	124	125	122	115	45	79	30	70	0	67	66	13	6	221	109	204	133	104	132	152	148	150	94	141	53	74	91	60	62	88	45	52	168	112	174	101	65	11	35	73	197	
152	229	70	103	122	98	102	131	177	179	158	164	52	13	45	134	67	0	32	54	61	263	110	236	189	170	185	213	212	208	152	202	120	138	149	125	127	126	62	111	219	156	240	167	73	58	55	137	239	
159	227	102	135	154	130	134	153	188	189	177	177	72	43	58	122	66	32	0	54	61	281	138	257	168	168	163	196	214	215	159	207	116	140	156	116	118	143	39	97	232	171	238	165	97	61	71	139	257	
105	175	99	122	140	123	127	110	134	136	129	125	40	66	22	81	13	54	54	0	7	230	108	211	141	116	140	162	160	161	105	153	66	86	103	72	74	94	39	61	179	120	186	113	63	8	32	86	206	
99	168	103	124	142	126	130	107	128	130	125	119	42	73	26	75	6	61	61	7	0	224	108	207	137	109	136	157	153	155	99	147	59	79	96	66	67	90	42	56	172	115	179	106	63	7	32	79	201	
135	153	236	212	207	226	229	136	102	101	105	106	212	266	223	222	221	263	281	230	224	0	173	51	271	165	279	257	129	97	135	113	194	165	135	214	212	138	265	233	61	110	154	166	192	222	210	163	24	
115	202	63	42	48	56	59	42	119	121	75	100	69	107	88	164	109	110	138	108	108	173	0	135	232	157	234	242	176	154	115	157	133	126	111	152	152	63	144	155	147	85	212	155	45	101	76	122	150	
134	179	198	170	162	184	186	105	104	104	82	98	186	237	199	221	204	236	257	211	207	51	135	0	279	173	286	272	151	116	134	131	190	163	132	211	210	117	249	228	79	94	182	173	163	203	186	160	40	
146	135	240	258	274	262	266	212	175	175	209	182	177	202	163	68	133	189	168	141	137	271	232	279	0	106	11	35	146	174	146	159	100	119	149	80	80	184	129	81	211	191	141	106	193	143	166	122	254	
46	59	190	194	205	203	207	125	70	69	111	81	131	180	127	63	104	170	168	116	109	165	157	173	106	0	114	99	50	70	46	55	52	34	50	60	57	97	136	83	105	92	70	3	133	112	121	37	148	
152	145	238	258	274	261	265	215	182	182	214	188	177	198	161	70	132	185	163	140	136	279	234	286	11	114	0	45	156	183	152	167	103	124	155	82	82	188	125	80	219	196	152	114	193	142	166	127	262	
143	111	258	272	286	278	282	216	168	168	208	179	194	226	182	82	152	213	196	162	157	257	242	272	35	99	45	0	129	160	143	145	110	120	147	93	92	188	157	102	198	189	116	99	207	162	183	124	243	
63	30	220	217	223	228	232	136	60	59	112	79	167	221	167	113	148	212	214	160	153	129	176	151	146	50	156	129	0	35	63	22	100	74	67	110	107	113	184	133	72	95	37	53	162	155	159	75	117	
56	63	206	196	201	209	212	113	35	33	84	55	159	215	163	131	150	208	215	161	155	97	154	116	174	70	183	160	35	0	56	16	109	80	59	125	122	94	190	147	38	70	69	71	150	154	153	79	83	
0	88	157	155	163	165	169	79	33	34	65	36	105	160	107	88	94	152	159	105	99	135	115	134	146	46	152	143	63	56	0	50	59	30	4	79	77	52	135	98	77	46	98	45	99	98	98	28	114	
50	51	205	199	205	210	214	117	39	38	91	59	155	210	157	117	141	202	207	153	147	113	157	131	159	55	167	145	22	16	50	0	97	69	54	112	109	95	180	134	54	74	58	56	148	147	148	69	99	
59	111	151	163	176	169	173	112	92	93	113	92	88	131	80	33	53	120	116	66	59	194	133	190	100	52	103	110	100	109	59	97	0	30	59	22	21	85	84	39	136	97	122	49	97	62	77	32	173	
30	91	156	161	172	170	174	96	63	64	90	65	97	148	94	58	74	138	140	86	79	165	126	163	119	34	124	120	74	80	30	69	30	0	31	49	47	68	111	69	106	72	102	31	99	81	88	4	144	
4	92	153	151	159	161	165	75	34	35	62	34	101	156	104	89	91	149	156	103	96	135	111	132	149	50	155	147	67	59	4	54	59	31	0	79	78	48	134	98	78	43	102	49	95	95	94	28	114	
79	116	165	180	195	185	189	133	112	113	135	113	101	138	90	12	60	125	116	72	66	214	152	211	80	60	82	93	110	125	79	112	22	49	79	0	3	107	79	23	154	119	127	57	114	70	90	51	193	
77	113	166	180	195	186	190	133	110	111	134	112	103	140	91	12	62	127	118	74	67	212	152	210	80	57	82	92	107	122	77	109	21	47	78	3	0	106	82	26	152	117	124	55	115	72	92	50	191	
52	139	112	104	111	116	119	28	59	61	35	41	74	131	85	118	88	126	143	94	90	138	63	117	184	97	188	188	113	94	52	95	85	68	48	107	106	0	132	118	95	30	149	95	58	86	72	65	114	
135	194	125	153	172	152	156	149	167	168	167	160	75	75	57	84	45	62	39	39	42	265	144	249	129	136	125	157	184	190	135	180	84	111	134	79	82	132	0	59	211	157	205	133	100	47	69	112	242	
98	139	159	178	194	181	185	142	131	132	149	131	97	124	82	25	52	111	97	61	56	233	155	228	81	83	80	102	133	147	98	134	39	69	98	23	26	118	59	0	175	134	149	80	114	62	86	71	212	
77	100	204	189	189	202	205	105	45	43	72	55	168	225	176	162	168	219	232	179	172	61	147	79	211	105	219	198	72	38	77	54	136	106	78	154	152	95	211	175	0	65	103	105	153	171	164	104	45	
46	123	140	127	131	140	143	43	35	37	19	16	104	160	114	129	112	156	171	120	115	110	85	94	191	92	196	189	95	70	46	74	97	72	43	119	117	30	157	134	65	0	132	91	88	112	101	69	86	
98	11	254	253	260	263	267	173	97	96	149	116	199	250	196	126	174	240	238	186	179	154	212	182	141	70	152	116	37	69	98	58	122	102	102	127	124	149	205	149	103	132	0	73	196	182	190	104	147	
45	62	187	192	202	201	205	123	69	69	110	80	128	177	124	61	101	167	165	113	106	166	155	173	106	3	114	99	53	71	45	56	49	31	49	57	55	95	133	80	105	91	73	0	130	109	118	34	148	
99	186	58	66	81	72	76	58	115	117	87	99	25	75	43	126	65	73	97	63	63	192	45	163	193	133	193	207	162	150	99	148	97	99	95	114	115	58	100	114	153	88	196	130	0	57	31	96	168	
98	171	97	117	135	120	124	102	127	128	121	117	35	69	20	80	11	58	61	8	7	222	101	203	143	112	142	162	155	154	98	147	62	81	95	70	72	86	47	62	171	112	182	109	57	0	26	80	198	
98	179	75	93	110	96	100	83	122	124	106	109	11	62	13	101	35	55	71	32	32	210	76	186	166	121	166	183	159	153	98	148	77	88	94	90	92	72	69	86	164	101	190	118	31	26	0	86	186	
28	93	154	158	169	167	171	93	61	62	87	62	95	147	93	61	73	137	139	86	79	163	122	160	122	37	127	124	75	79	28	69	32	4	28	51	50	65	112	71	104	69	104	34	96	80	86	0	142	
114	144	212	189	185	203	206	112	82	81	81	83	188	242	199	202	197	239	257	206	201	24	150	40	254	148	262	243	117	83	114	99	173	144	114	193	191	114	242	212	45	86	147	148	168	198	186	142	0	
EDGE_TRAVEL_TIME_SECTION
0	88	157	155	164	166	170	80	33	34	65	37	105	161	108	88	94	152	159	105	99	135	116	134	146	47	153	144	64	56	0	50	59	30	5	79	77	53	136	98	78	46	98	45	99	98	98	28	114	
88	0	244	243	251	254	258	164	90	88	141	108	188	239	185	116	163	229	227	176	169	154	203	179	135	60	145	112	30	64	88	51	111	91	93	116	114	140	194	139	100	124	11	63	186	171	179	93	144	
157	244	0	37	55	29	32	101	171	173	134	153	64	61	78	176	108	70	102	100	103	236	63	198	240	191	239	258	221	206	157	205	151	157	153	165	166	112	125	159	205	140	255	188	59	97	75	154	212	
155	243	37	0	20	15	17	85	162	164	117	142	82	96	100	192	127	104	136	122	124	212	43	170	258	195	258	272	217	197	155	199	163	161	151	180	180	105	154	178	189	128	253	192	66	118	93	158	189	
164	251	55	20	0	29	28	88	166	168	119	146	100	116	118	207	144	123	155	140	142	207	48	163	274	205	275	287	224	201	164	205	177	173	159	195	195	111	172	195	190	131	260	203	81	135	110	169	185	
166	254	29	15	29	0	5	98	174	176	130	155	85	90	101	196	130	99	131	124	126	227	56	185	262	203	261	278	228	209	166	211	169	170	161	185	186	116	152	181	202	140	264	201	72	120	96	167	204	
170	258	32	17	28	5	0	101	178	180	134	158	89	93	106	201	134	102	134	128	131	229	59	186	267	208	266	282	232	213	170	215	173	174	165	189	190	120	156	186	206	144	268	205	76	124	100	171	206	
80	164	101	85	88	98	101	0	78	80	33	58	81	133	96	145	106	131	153	111	107	136	43	105	212	125	215	217	136	113	80	117	112	97	75	134	133	29	149	143	105	43	173	123	59	102	83	93	112	
33	90	171	162	166	174	178	78	0	2	52	20	127	184	133	121	124	177	188	135	128	102	120	104	175	70	182	168	60	36	33	40	92	63	34	112	110	59	167	131	45	35	98	70	116	127	122	61	82	
34	88	173	164	168	176	180	80	2	0	54	22	129	186	135	121	126	179	190	136	130	102	122	105	175	70	182	168	59	34	34	38	93	64	35	113	111	61	169	132	44	37	96	70	118	129	124	62	81	
65	141	134	117	119	130	134	33	52	54	0	33	107	162	119	146	122	159	177	129	125	106	75	82	209	112	215	209	112	85	65	91	113	91	62	135	134	35	167	149	72	19	149	110	87	121	106	87	82	
37	108	153	142	146	155	158	58	20	22	33	0	113	170	121	124	116	164	177	125	119	106	100	98	183	81	189	179	80	55	37	59	93	66	35	114	112	41	160	131	55	16	117	80	99	117	109	63	83	
105	188	64	82	100	85	89	81	127	129	107	113	0	57	19	113	45	52	73	41	42	212	70	186	178	131	177	195	168	160	105	155	88	97	102	102	103	75	76	97	168	104	199	128	25	36	11	95	188	
161	239	61	96	116	90	93	133	184	186	162	170	57	0	54	147	79	14	44	67	73	267	108	237	203	181	199	227	221	216	161	211	132	148	157	138	140	131	76	125	225	160	250	178	75	70	63	147	243	
108	185	78	100	118	101	106	96	133	135	119	121	19	54	0	100	30	45	58	23	26	223	88	200	163	127	162	182	168	163	108	157	80	94	104	90	91	86	57	82	176	114	196	124	43	20	14	93	199	
88	116	176	192	207	196	201	145	121	121	146	124	113	147	100	0	70	134	122	81	75	222	164	221	68	63	70	82	114	131	88	117	34	58	89	12	13	118	84	25	162	129	126	61	126	81	102	61	202	
94	163	108	127	144	130	134	106	124	126	122	116	45	79	30	70	0	67	66	13	6	221	109	204	133	104	132	152	149	150	94	142	53	74	92	60	62	88	45	52	169	113	174	101	65	11	35	74	198	
152	229	70	104	123	99	102	131	177	179	159	164	52	14	45	134	67	0	33	55	61	264	110	236	189	170	186	213	212	208	152	202	120	138	149	126	128	126	62	112	219	156	240	167	73	58	56	137	239	
159	227	102	136	155	131	134	153	188	190	177	177	73	44	58	122	66	33	0	54	61	281	138	258	169	168	164	196	214	215	159	208	117	140	157	116	118	143	40	98	232	171	238	165	97	62	71	140	257	
105	176	100	122	140	124	128	111	135	136	129	125	41	67	23	81	13	55	54	0	7	230	108	211	142	117	140	162	161	161	105	154	66	87	103	72	74	95	39	61	179	121	187	114	63	9	32	86	206	
99	169	103	124	142	126	131	107	128	130	125	119	42	73	26	75	6	61	61	7	0	225	108	207	137	110	136	157	154	155	99	147	59	80	96	66	68	90	42	56	173	116	180	107	63	7	32	79	201	
135	154	236	212	207	227	229	136	102	102	106	106	212	267	223	222	221	264	281	230	225	0	174	51	271	165	280	258	130	98	135	113	194	165	136	214	212	138	265	233	61	110	155	166	193	222	211	163	25	
116	203	63	43	48	56	59	43	120	122	75	100	70	108	88	164	109	110	138	108	108	174	0	135	232	158	234	242	176	155	116	158	133	126	111	152	153	64	145	155	147	85	213	155	45	101	77	123	150	
134	179	198	170	163	185	186	105	104	105	82	98	186	237	200	221	204	236	258	211	207	51	135	0	279	174	286	272	151	116	134	131	190	163	132	212	210	117	249	228	80	94	183	174	164	203	187	161	40	
146	135	240	258	274	262	267	212	175	175	209	183	178	203	163	68	133	189	169	142	137	271	232	279	0	107	12	35	147	174	146	159	101	119	149	80	80	184	130	81	211	191	142	106	193	143	167	122	254	
47	60	191	195	205	203	208	125	70	70	112	81	131	181	127	63	104	170	168	117	110	165	158	174	107	0	115	99	51	70	47	55	52	34	50	60	58	97	136	83	105	93	71	3	133	112	122	37	148	
153	145	239	258	275	261	266	215	182	182	215	189	177	199	162	70	132	186	164	140	136	280	234	286	12	115	0	46	156	183	153	168	104	124	155	82	83	188	125	80	219	197	152	114	194	142	166	128	262	
144	112	258	272	287	278	282	217	168	168	209	179	195	227	182	82	152	213	196	162	157	258	242	272	35	99	46	0	129	161	144	145	110	120	147	93	92	188	157	102	198	190	117	99	207	163	184	124	243	
64	30	221	217	224	228	232	136	60	59	112	80	168	221	168	114	149	212	214	161	154	130	176	151	147	51	156	129	0	35	64	22	100	75	68	110	108	113	184	133	73	95	38	53	163	155	160	75	118	
56	64	206	197	201	209	213	113	36	34	85	55	160	216	163	131	150	208	215	161	155	98	155	116	174	70	183	161	35	0	56	16	109	80	59	125	123	94	191	147	39	70	69	71	150	154	153	79	84	
0	88	157	155	164	166	170	80	33	34	65	37	105	161	108	88	94	152	159	105	99	135	116	134	146	47	153	144	64	56	0	50	59	30	5	79	77	53	136	98	78	46	98	45	99	98	98	28	114	
50	51	205	199	205	211	215	117	40	38	91	59	155	211	157	117	142	202	208	154	147	113	158	131	159	55	168	145	22	16	50	0	98	69	54	112	110	95	181	134	54	75	59	57	148	147	148	69	99	
59	111	151	163	177	169	173	112	92	93	113	93	88	132	80	34	53	120	117	66	59	194	133	190	101	52	104	110	100	109	59	98	0	30	59	22	22	85	85	39	136	97	122	49	97	63	78	32	173	
30	91	157	161	173	170	174	97	63	64	91	66	97	148	94	58	74	138	140	87	80	165	126	163	119	34	124	120	75	80	30	69	30	0	31	49	47	68	112	69	106	73	102	32	99	81	88	4	144	
5	93	153	151	159	161	165	75	34	35	62	35	102	157	104	89	92	149	157	103	96	136	111	132	149	50	155	147	68	59	5	54	59	31	0	80	78	48	134	98	79	43	103	49	95	96	95	29	114	
79	116	165	180	195	185	189	134	112	113	135	114	102	138	90	12	60	126	116	72	66	214	152	212	80	60	82	93	110	125	79	112	22	49	80	0	3	107	80	23	155	119	127	58	114	71	91	52	193	
77	114	166	180	195	186	190	133	110	111	134	112	103	140	91	13	62	128	118	74	68	212	153	210	80	58	83	92	108	123	77	110	22	47	78	3	0	106	82	26	153	118	124	55	115	72	92	50	191	
53	140	112	105	111	116	120	29	59	61	35	41	75	131	86	118	88	126	143	95	90	138	64	117	184	97	188	188	113	94	53	95	85	68	48	107	106	0	132	118	95	30	149	95	58	86	73	65	114	
136	194	125	154	172	152	156	149	167	169	167	160	76	76	57	84	45	62	40	39	42	265	145	249	130	136	125	157	184	191	136	181	85	112	134	80	82	132	0	60	212	157	205	133	100	47	69	112	242	
98	139	159	178	195	181	186	143	131	132	149	131	97	125	82	25	52	112	98	61	56	233	155	228	81	83	80	102	133	147	98	134	39	69	98	23	26	118	60	0	175	134	149	81	114	62	86	71	212	
78	100	205	189	190	202	206	105	45	44	72	55	168	225	176	162	169	219	232	179	173	61	147	80	211	105	219	198	73	39	78	54	136	106	79	155	153	95	212	175	0	66	104	106	153	171	164	105	45	
46	124	140	128	131	140	144	43	35	37	19	16	104	160	114	129	113	156	171	121	116	110	85	94	191	93	197	190	95	70	46	75	97	73	43	119	118	30	157	134	66	0	132	91	88	113	101	69	86	
98	11	255	253	260	264	268	173	98	96	149	117	199	250	196	126	174	240	238	187	180	155	213	183	142	71	152	117	38	69	98	59	122	102	103	127	124	149	205	149	104	132	0	74	197	182	190	104	147	
45	63	188	192	203	201	205	123	70	70	110	80	128	178	124	61	101	167	165	114	107	166	155	174	106	3	114	99	53	71	45	57	49	32	49	58	55	95	133	81	106	91	74	0	130	109	119	34	149	
99	186	59	66	81	72	76	59	116	118	87	99	25	75	43	126	65	73	97	63	63	193	45	164	193	133	194	207	163	150	99	148	97	99	95	114	115	58	100	114	153	88	197	130	0	57	32	96	169	
98	171	97	118	135	120	124	102	127	129	121	117	36	70	20	81	11	58	62	9	7	222	101	203	143	112	142	163	155	154	98	147	63	81	96	71	72	86	47	62	171	113	182	109	57	0	26	80	198	
98	179	75	93	110	96	100	83	122	124	106	109	11	63	14	102	35	56	71	32	32	211	77	187	167	122	166	184	160	153	98	148	78	88	95	91	92	73	69	86	164	101	190	119	32	26	0	86	186	
28	93	154	158	169	167	171	93	61	62	87	63	95	147	93	61	74	137	140	86	79	163	123	161	122	37	128	124	75	79	28	69	32	4	29	52	50	65	112	71	105	69	104	34	96	80	86	0	142	
114	144	212	189	185	204	206	112	82	81	82	83	188	243	199	202	198	239	257	206	201	25	150	40	254	148	262	243	118	84	114	99	173	144	114	193	191	114	242	212	45	86	147	149	169	198	186	142	0	
TIME_WINDOW_SECTION
1	0	720
2	0	720
3	204	218
4	255	304
5	324	560
6	589	639
7	0	720
8	133	136
9	214	296
10	298	351
11	405	564
12	0	720
13	66	70
14	127	334
15	0	720
16	0	720
17	199	210
18	277	355
19	388	444
20	498	559
21	0	720
22	0	720
23	335	362
24	0	720
25	110	112
26	219	343
27	0	720
28	289	351
29	0	720
30	135	256
31	0	720
32	146	207
33	305	419
34	0	720
35	0	720
36	125	162
37	0	720
38	283	296
39	428	573
40	0	720
41	256	486
42	0	720
43	209	459
44	0	720
45	241	248
46	305	449
47	0	720
48	0	720
49	0	720
CLUSTER_SECTION
1	1	
2	2	
3	3	4	5	6	7	
4	8	9	10	11	12	
5	13	14	15	
6	16	
7	17	18	19	20	21	
8	22	
9	23	24	
10	25	26	27	
11	28	29	
12	30	31	
13	32	33	34	
14	35	
15	36	37	
16	38	39	40	
17	41	42	
18	43	44	
19	45	46	47	
20	48	
21	49	
DEMAND_SECTION
1	0
2	28
3	18
4	31
5	35
6	28
7	27
8	28
9	29
10	16
11	35
12	17
13	35
14	34
15	21
16	32
17	11
18	29
19	33
20	29
21	24
DEPOT_SECTION
1
EOF