NAME:	instance_13-triangle
TYPE:	VRPRDL
DIMENSION:	85
CAPACITY:	750
TIME_HORIZON:	720
NUM_CUSTOMERS:	31
NODE_COORD_SECTION
1	0.0	0.0
2	-130.562042268	-32.9000497809
3	-57.9004645356	-20.7684522603
4	-123.06160084	-16.1687481742
5	-121.119285758	-66.5795444701
6	-128.041686398	-16.2886845941
7	-42.601116265	25.2507733123
8	-51.7267070454	71.9162291182
9	-78.2997891264	-11.8552389429
10	-49.4492828875	36.9945843574
11	-37.7433407075	28.3880206213
12	-73.7729443116	-75.715071091
13	23.8748151288	-141.511725609
14	-53.5089991338	-154.197225802
15	29.9241391689	1.56043893601
16	-18.7485949629	-38.9995534545
17	3.98239926812	-46.5193955214
18	-29.9103783445	60.0075847952
19	-136.893089844	26.9458448677
20	51.1795743915	-40.4953645935
21	119.747574999	-72.2261192269
22	55.6869669593	-24.9185119122
23	59.1350987619	-39.4918801246
24	34.3255854058	8.97339764664
25	-44.7617842645	26.9491056744
26	13.4967962122	6.76501680674
27	-25.6032567309	3.56888594958
28	-28.0893275708	-25.0781848818
29	18.7750685814	39.2818950319
30	-26.7773468005	-4.05685028541
31	-29.0764620434	78.5468391525
32	1.84019238429	1.8655156735
33	-62.0439442374	72.5785818243
34	20.295142629	56.9329635257
35	17.8562294826	-22.1581471118
36	-5.02448924855	17.6216160429
37	-5.13653555288	17.0249376654
38	-4.74652449374	19.5649718953
39	-122.141189407	-26.6515531932
40	-119.766094845	34.2778279284
41	-144.896448381	-2.2312290456
42	-166.542227425	-5.57390196139
43	-120.322056747	-25.972111085
44	62.3278696971	-49.3839916371
45	44.7764571183	84.6399041164
46	82.2181710091	36.3837425428
47	-58.4207815174	86.071737801
48	-82.2201816344	-39.9080129783
49	-99.390588781	-31.7841288738
50	-55.9304248519	13.9424149781
51	-82.6608158165	-43.6291736972
52	-133.641047264	34.4458528681
53	-124.200830561	5.9819198512
54	13.0926574699	-78.3826245113
55	-51.0724794592	-67.6457361516
56	105.349504367	-85.0300750521
57	33.7712620814	-83.8423513689
58	-59.3085660464	80.5356228408
59	-9.50624646169	-21.1487958847
60	-5.61670205363	109.848989182
61	-16.7173782002	48.2777444732
62	84.3390186615	125.791056919
63	32.5164696541	96.6636709392
64	33.818172758	47.8022822693
65	4.94973793174	-5.43964879771
66	47.6746533909	65.9533275037
67	84.4639246423	48.9450749119
68	36.9568944903	32.9809495672
69	26.1029134579	190.275771545
70	4.88784101917	159.566561627
71	15.1682066311	114.0917684
72	49.0469582275	164.903600845
73	36.9194904372	167.020070493
74	-21.7437650579	21.5587258931
75	-17.2289687341	-110.27209786
76	-12.8761557763	-185.196529852
77	27.9646064707	-68.8422681415
78	20.8217453709	-107.882455312
79	-69.046584677	-26.8008937476
80	54.6179148373	-59.6888359186
81	4.21658848899	-2.25104823998
82	7.18756916809	-2.65681083728
83	-6.32630136804	4.05473954099
84	-73.6819827742	39.6568670885
85	23.6349740764	14.2929329172
EDGE_WEIGHT_SECTION
0	135	62	124	138	129	50	89	79	62	47	106	143	163	30	43	47	67	140	65	140	61	71	35	52	15	26	38	44	27	84	3	95	60	28	18	18	20	125	125	145	167	123	79	96	90	104	91	104	58	93	138	124	79	85	135	90	100	23	110	51	151	102	59	7	81	98	50	192	160	115	172	171	31	112	186	74	109	74	81	5	8	8	84	28	
135	0	74	18	35	17	105	131	56	107	111	71	189	144	164	112	135	137	60	182	253	186	190	170	104	149	111	103	165	108	150	137	126	175	149	135	135	136	10	68	34	45	12	193	210	224	139	49	31	88	49	67	39	151	87	241	172	134	122	189	139	266	208	182	138	203	230	180	272	235	207	266	260	121	137	192	162	169	62	187	138	141	130	92	161	
62	74	0	65	78	70	48	93	22	58	53	57	146	134	91	43	67	85	92	111	185	113	118	97	49	77	40	30	97	35	103	64	93	110	75	65	64	66	65	83	89	110	63	124	147	151	107	31	43	35	34	94	71	91	47	175	111	101	48	140	80	204	148	114	65	136	158	109	226	190	153	214	210	56	98	170	98	117	13	119	65	68	57	62	89	
124	18	65	0	50	5	90	113	45	91	96	77	193	155	154	107	131	120	45	176	249	178	183	159	89	138	99	95	152	97	133	126	108	160	140	123	123	124	11	51	26	45	10	188	195	212	121	47	28	74	48	52	22	150	88	239	171	116	113	172	124	251	192	169	128	189	217	167	254	217	190	249	243	108	141	202	160	170	55	183	128	131	118	75	149	
138	35	78	50	0	51	120	155	69	126	126	48	163	111	166	106	127	156	95	174	241	182	182	173	120	153	118	102	175	113	172	141	151	188	146	143	142	144	40	101	69	76	41	184	224	228	165	47	41	103	45	102	72	135	70	227	156	159	121	211	155	281	224	192	140	214	236	187	296	259	226	287	282	133	113	161	149	148	66	176	141	143	135	116	166	
129	17	70	5	51	0	95	117	50	95	101	80	197	157	159	112	135	124	44	181	253	183	188	164	94	143	104	100	157	102	137	131	111	165	145	128	127	128	12	51	22	40	12	193	200	216	124	52	33	78	53	51	23	154	93	243	175	119	118	176	129	255	196	174	133	194	222	172	257	220	194	253	247	113	145	204	165	175	60	187	133	136	123	78	154	
50	105	48	90	120	95	0	48	51	14	6	105	179	180	76	69	85	37	94	115	189	110	120	78	3	59	28	52	63	33	55	50	51	70	77	38	38	38	95	78	106	128	93	129	106	125	63	76	80	17	80	92	84	117	93	185	133	58	57	92	35	162	104	80	57	99	129	80	178	142	106	167	163	21	138	213	118	147	58	129	54	57	42	34	67	
89	131	93	113	155	117	48	0	88	35	46	149	226	226	108	116	131	25	96	152	224	145	157	106	46	92	73	100	78	80	24	88	10	74	117	72	72	70	121	78	119	139	120	166	97	139	16	116	114	58	120	90	98	164	140	222	178	11	102	60	42	146	88	89	96	100	138	97	141	104	79	137	130	59	185	260	162	194	100	169	93	95	82	39	95	
79	56	22	45	69	50	51	88	0	57	57	64	165	144	109	65	89	87	70	133	207	134	140	114	51	94	55	52	110	52	103	81	86	120	96	79	79	80	46	62	67	88	44	146	156	168	100	28	29	34	32	72	49	113	62	197	133	94	69	142	86	213	155	127	83	148	174	124	228	191	157	218	213	66	116	185	120	138	18	141	83	86	74	52	105	
62	107	58	91	126	95	14	35	57	0	15	115	193	191	86	82	99	30	88	127	201	122	132	88	11	69	41	66	68	47	46	62	38	73	90	48	49	48	97	70	103	125	95	141	106	131	50	84	85	24	87	84	81	131	105	197	146	45	70	85	35	160	101	84	69	101	134	86	171	134	100	161	156	32	151	225	131	161	67	142	66	69	54	24	77	
47	111	53	96	126	101	6	46	57	15	0	110	180	183	72	70	86	33	99	112	187	107	118	74	7	55	28	54	58	34	51	48	50	65	75	34	34	34	101	82	111	133	99	126	100	120	61	82	86	23	85	96	89	118	97	182	133	56	57	88	29	156	98	74	54	93	124	75	174	138	101	162	157	17	140	215	117	148	63	128	52	55	40	38	63	
106	71	57	77	48	80	105	149	64	115	110	0	118	81	129	66	83	142	121	130	194	139	138	137	106	120	93	68	147	86	160	108	149	162	106	116	115	118	69	119	102	116	68	139	199	192	162	37	51	91	33	125	96	87	24	179	108	157	84	197	136	256	203	163	105	186	201	155	283	247	209	270	266	110	66	125	102	100	49	129	107	109	104	115	132	
143	189	146	193	163	197	179	226	165	193	180	118	0	78	143	111	97	208	233	105	118	121	108	151	182	149	153	128	181	146	226	145	230	198	120	161	161	163	186	227	219	234	185	100	227	187	241	147	165	175	145	236	209	64	105	99	59	236	125	253	194	274	238	189	137	209	200	175	331	302	255	307	308	169	52	57	73	34	148	87	140	140	149	206	156	
163	144	134	155	111	157	180	226	144	191	183	81	78	0	177	120	122	216	199	155	192	169	161	185	181	174	160	132	207	153	234	166	227	223	150	178	178	180	145	200	177	187	145	156	258	234	240	118	131	168	114	205	175	101	87	173	112	235	140	268	205	312	265	220	160	242	246	208	353	318	277	335	333	178	57	51	118	88	128	144	163	163	165	195	185	
30	164	91	154	166	159	76	108	109	86	72	129	143	177	0	63	55	84	169	47	116	37	50	9	79	17	55	64	39	57	97	28	116	56	27	38	38	39	155	153	174	196	153	60	84	63	122	120	133	87	121	167	154	82	106	115	85	119	46	114	66	136	95	46	26	67	72	32	189	160	113	164	165	55	121	192	70	110	103	66	26	23	36	110	14	
43	112	43	107	106	112	69	116	65	82	70	66	111	120	63	0	24	100	135	70	142	76	78	72	71	56	43	17	87	36	118	46	120	103	40	58	58	60	104	125	131	152	102	82	139	126	131	63	81	65	64	136	114	51	43	132	69	126	20	149	87	194	145	101	41	124	135	91	233	200	157	215	213	61	71	146	55	79	52	76	43	45	45	96	68	
47	135	67	131	127	135	85	131	89	99	86	83	97	122	55	24	0	112	159	48	118	56	56	63	88	54	58	39	87	52	129	48	136	105	28	65	64	67	127	148	155	175	126	58	137	114	147	86	104	85	87	160	138	33	59	108	48	142	29	156	97	190	146	99	41	121	125	86	238	206	161	216	216	73	67	140	33	63	76	52	44	44	52	116	64	
67	137	85	120	156	124	37	25	87	30	33	142	208	216	84	100	112	0	112	129	199	121	134	82	36	69	57	85	53	64	19	66	35	50	95	49	50	48	127	93	131	151	125	143	79	115	39	113	115	53	116	107	109	145	129	198	157	36	83	55	18	131	72	65	74	78	115	72	141	105	70	131	126	39	171	246	141	175	95	147	71	73	61	48	70	
140	60	92	45	95	44	94	96	70	88	99	121	233	199	169	135	159	112	0	200	275	199	207	172	92	152	114	121	156	114	120	141	88	160	162	132	132	132	56	19	30	44	55	213	191	219	98	86	70	82	89	8	25	183	128	267	203	94	136	155	122	242	183	172	145	188	222	174	231	194	175	231	223	115	182	246	190	207	87	210	144	147	133	64	161	
65	182	111	176	174	181	115	152	133	127	112	130	105	155	47	70	48	129	200	0	76	16	8	52	117	60	89	81	86	86	143	65	160	102	38	81	80	82	174	187	200	221	172	14	125	83	167	133	151	120	134	199	181	54	106	70	47	163	64	160	111	169	138	90	58	107	95	75	232	205	159	205	208	96	98	158	37	74	121	19	61	58	73	148	61	
140	253	185	249	241	253	189	224	207	201	187	194	118	192	116	142	118	199	275	76	0	80	69	118	192	132	164	155	150	162	212	139	232	163	114	153	153	154	245	262	273	293	244	62	174	115	238	204	222	196	204	275	256	107	171	19	87	235	139	221	182	201	190	148	133	156	126	134	279	259	214	247	253	170	142	174	92	105	194	66	135	132	147	223	129	
61	186	113	178	182	183	110	145	134	122	107	139	121	169	37	76	56	121	199	16	80	0	15	40	113	53	86	84	74	85	134	60	153	89	38	74	74	75	178	185	201	222	176	25	110	67	159	139	155	118	140	198	183	68	115	78	63	156	65	148	103	153	124	76	54	91	79	61	217	191	145	190	193	90	112	174	52	90	125	35	56	53	68	144	51	
71	190	118	183	182	188	120	157	140	132	118	138	108	161	50	78	56	134	207	8	69	15	0	54	123	65	95	88	88	93	147	71	165	104	45	86	86	87	182	194	207	228	180	10	125	79	172	141	159	127	142	206	189	60	114	65	51	168	71	162	116	167	139	91	64	106	92	76	232	206	160	205	208	101	104	162	43	78	129	21	66	64	78	154	64	
35	170	97	159	173	164	78	106	114	88	74	137	151	185	9	72	63	82	172	52	118	40	54	0	81	21	60	71	34	62	94	33	115	50	35	40	40	40	160	156	179	201	158	64	76	55	120	126	139	90	128	170	159	90	115	118	93	117	53	108	64	127	88	39	33	59	64	24	181	153	107	156	158	57	130	200	78	118	109	71	32	30	41	112	12	
52	104	49	89	120	94	3	46	51	11	7	106	182	181	79	71	88	36	92	117	192	113	123	81	0	62	30	55	65	36	54	53	49	72	80	41	41	41	94	75	104	126	92	131	106	127	61	77	80	17	80	89	82	120	95	187	135	56	59	91	35	162	104	81	59	100	131	82	177	141	106	167	162	24	140	215	120	150	59	132	57	60	45	32	70	
15	149	77	138	153	143	59	92	94	69	55	120	149	174	17	56	54	69	152	60	132	53	65	21	62	0	39	52	33	42	83	13	100	51	29	21	21	22	140	136	158	180	138	74	84	75	107	106	119	70	108	150	138	85	98	130	93	103	36	105	51	138	92	46	15	68	83	35	184	153	107	162	162	38	121	194	77	115	89	78	13	11	20	93	13	
26	111	40	99	118	104	28	73	55	41	28	93	153	160	55	43	58	57	114	89	164	86	95	60	30	39	0	29	57	8	75	27	78	70	51	25	24	26	101	99	119	141	99	103	107	113	89	71	82	32	74	112	99	91	76	158	105	84	29	108	45	164	110	74	32	96	119	69	193	158	118	178	175	18	114	189	90	121	53	102	30	33	19	60	50	
38	103	30	95	102	100	52	100	52	66	54	68	128	132	64	17	39	85	121	81	155	84	88	71	55	52	29	0	79	21	104	40	103	95	46	49	48	50	94	109	119	140	92	94	131	126	115	56	72	48	58	121	101	67	48	146	85	110	19	137	74	188	136	95	38	118	134	87	222	187	146	205	203	47	86	161	71	96	41	90	40	42	36	79	65	
44	165	97	152	175	157	63	78	110	68	58	147	181	207	39	87	87	53	156	86	150	74	88	34	65	33	57	79	0	63	62	41	87	18	61	32	33	31	155	138	169	191	153	98	52	64	90	128	138	79	131	152	147	117	127	151	124	88	67	75	37	109	59	17	47	39	66	19	151	121	75	129	129	44	154	227	108	147	110	105	44	44	43	92	25	
27	108	35	97	113	102	33	80	52	47	34	86	146	153	57	36	52	64	114	86	162	85	93	62	36	42	8	21	63	0	83	29	84	77	48	31	30	32	98	101	118	140	96	100	114	116	95	66	78	34	68	114	98	84	68	155	100	90	24	116	53	171	117	80	32	102	123	74	201	166	125	185	182	26	107	182	85	114	48	99	31	34	22	64	54	
84	150	103	133	172	137	55	24	103	46	51	160	226	234	97	118	129	19	120	143	212	134	147	94	54	83	75	104	62	83	0	83	34	54	111	66	66	64	140	101	141	161	139	157	74	119	30	130	131	70	133	113	120	162	148	212	173	30	101	39	33	123	64	70	90	78	117	80	125	88	57	116	110	57	189	264	157	192	113	161	87	89	78	59	83	
3	137	64	126	141	131	50	88	81	62	48	108	145	166	28	46	48	66	141	65	139	60	71	33	53	13	27	40	41	29	83	0	95	58	29	17	17	19	127	125	146	168	125	79	93	87	104	94	107	59	96	139	126	81	87	135	91	99	26	108	50	149	100	56	8	79	95	47	190	158	113	170	169	31	114	188	75	111	76	81	5	7	8	84	25	
95	126	93	108	151	111	51	10	86	38	50	149	230	227	116	120	136	35	88	160	232	153	165	115	49	100	78	103	87	84	34	95	0	84	123	79	80	78	116	69	112	130	114	174	107	149	14	114	111	59	118	81	91	168	140	230	183	8	107	68	51	156	98	99	102	110	148	106	147	110	88	144	137	65	188	262	167	198	100	176	100	102	88	35	104	
60	175	110	160	188	165	70	74	120	73	65	162	198	223	56	103	105	50	160	102	163	89	104	50	72	51	70	95	18	77	54	58	84	0	79	47	47	45	165	142	175	197	163	114	37	65	84	141	149	87	144	156	153	135	143	165	141	83	83	59	38	94	42	16	64	29	65	29	133	104	57	112	111	55	171	244	126	165	122	121	61	61	59	96	43	
28	149	75	140	146	145	77	117	96	90	75	106	120	150	27	40	28	95	162	38	114	38	45	35	80	29	51	46	61	48	111	29	123	79	0	46	45	47	140	149	163	184	138	52	110	87	132	102	118	82	103	162	145	56	83	108	64	128	27	134	78	162	120	72	21	93	97	58	212	182	136	190	190	59	95	166	48	86	87	53	24	22	36	110	37	
18	135	65	123	143	128	38	72	79	48	34	116	161	178	38	58	65	49	132	81	153	74	86	40	41	21	25	49	32	31	66	17	79	47	46	0	1	2	125	116	141	163	123	95	83	89	87	96	107	51	99	130	120	97	97	151	108	83	39	92	33	140	88	49	25	71	95	45	175	142	99	157	155	17	128	203	92	127	78	98	22	24	14	72	29	
18	135	64	123	142	127	38	72	79	49	34	115	161	178	38	58	64	50	132	80	153	74	86	40	41	21	24	48	33	30	66	17	80	47	45	1	0	3	125	116	141	163	123	94	84	89	87	95	106	51	98	130	120	97	96	150	107	83	38	93	33	141	88	50	24	72	95	45	176	143	99	157	156	17	127	202	91	127	77	97	21	23	13	72	29	
20	136	66	124	144	128	38	70	80	48	34	118	163	180	39	60	67	48	132	82	154	75	87	40	41	22	26	50	31	32	64	19	78	45	47	2	3	0	126	116	141	163	124	96	82	89	85	97	108	51	100	130	120	99	98	152	110	81	41	90	31	139	86	48	27	70	94	44	173	140	97	155	153	17	130	205	94	129	79	99	24	25	16	72	29	
125	10	65	11	40	12	95	121	46	97	101	69	186	145	155	104	127	127	56	174	245	178	182	160	94	140	101	94	155	98	140	127	116	165	140	125	125	126	0	61	33	49	2	185	200	214	129	42	23	78	43	62	33	145	82	235	166	124	113	179	129	256	198	172	129	193	220	170	262	225	197	256	250	111	134	193	156	164	53	179	129	132	120	82	151	
125	68	83	51	101	51	78	78	62	70	82	119	227	200	153	125	148	93	19	187	262	185	194	156	75	136	99	109	138	101	101	125	69	142	149	116	116	116	61	0	44	61	60	200	172	201	80	83	69	67	86	14	29	174	123	254	194	76	123	137	104	224	165	154	131	170	204	156	214	177	157	213	205	99	177	244	180	200	79	198	129	132	117	46	145	
145	34	89	26	69	22	106	119	67	103	111	102	219	177	174	131	155	131	30	200	273	201	207	179	104	158	119	119	169	118	141	146	112	175	163	141	141	141	33	44	0	22	34	213	208	230	124	73	54	90	74	38	22	175	114	263	196	119	136	179	138	262	203	185	150	204	235	185	257	220	198	256	248	125	167	226	185	196	80	207	149	152	138	83	169	
167	45	110	45	76	40	128	139	88	125	133	116	234	187	196	152	175	151	44	221	293	222	228	201	126	180	141	140	191	140	161	168	130	197	184	163	163	163	49	61	22	0	51	233	230	252	141	91	72	112	92	52	44	194	131	283	215	137	157	198	159	282	223	207	171	226	257	207	275	238	218	274	266	147	182	236	205	213	100	227	171	174	160	103	191	
123	12	63	10	41	12	93	120	44	95	99	68	185	145	153	102	126	125	55	172	244	176	180	158	92	138	99	92	153	96	139	125	114	163	138	123	123	124	2	60	34	51	0	184	198	212	128	41	22	76	42	62	32	143	81	233	164	122	111	178	127	254	196	170	127	191	218	168	261	224	195	255	249	109	133	192	154	163	51	178	127	130	118	81	149	
79	193	124	188	184	193	129	166	146	141	126	139	100	156	60	82	58	143	213	14	62	25	10	64	131	74	103	94	98	100	157	79	174	114	52	95	94	96	185	200	213	233	184	0	135	88	181	144	162	134	145	213	195	57	115	56	45	177	77	172	125	177	149	101	72	116	101	86	242	216	170	215	218	110	100	155	39	72	133	13	75	72	87	162	74	
96	210	147	195	224	200	106	97	156	106	100	199	227	258	84	139	137	79	191	125	174	110	125	76	106	84	107	131	52	114	74	93	107	37	110	83	84	82	200	172	208	230	198	135	0	61	103	178	185	123	181	185	186	166	179	180	169	104	119	56	71	57	17	38	98	19	53	52	107	85	42	80	83	92	204	276	154	194	159	144	96	95	95	127	73	
90	224	151	212	228	216	125	139	168	131	120	192	187	234	63	126	114	115	219	83	115	67	79	55	127	75	113	126	64	116	119	87	149	65	87	89	89	89	214	201	230	252	212	88	61	0	149	181	194	140	183	215	208	134	169	124	130	148	108	114	100	89	78	50	88	45	13	45	164	145	103	133	138	105	177	241	118	157	163	100	87	85	94	155	63	
104	139	107	121	165	124	63	16	100	50	61	162	241	240	122	131	147	39	98	167	238	159	172	120	61	107	89	115	90	95	30	104	14	84	132	87	87	85	129	80	124	141	128	181	103	149	0	128	125	72	132	91	104	179	154	237	193	6	118	58	56	148	92	100	111	108	147	109	134	97	79	133	125	74	201	275	177	209	113	184	108	110	97	49	109	
91	49	31	47	47	52	76	116	28	84	82	37	147	118	120	63	86	113	86	133	204	139	141	126	77	106	71	56	128	66	130	94	114	141	102	96	95	97	42	83	73	91	41	144	178	181	128	0	19	60	4	90	62	103	42	193	124	122	75	168	110	235	178	145	94	167	189	140	254	218	182	243	239	86	96	161	114	123	19	138	94	97	88	80	119	
104	31	43	28	41	33	80	114	29	85	86	51	165	131	133	81	104	115	70	151	222	155	159	139	80	119	82	72	138	78	131	107	111	149	118	107	106	108	23	69	54	72	22	162	185	194	125	19	0	63	20	75	45	122	60	212	143	119	91	170	115	242	184	155	108	176	201	151	255	218	185	246	241	94	113	176	133	142	31	156	108	110	100	76	131	
58	88	35	74	103	78	17	58	34	24	23	91	175	168	87	65	85	53	82	120	196	118	127	90	17	70	32	48	79	34	70	59	59	87	82	51	51	51	78	67	90	112	76	134	123	140	72	60	63	0	63	80	69	115	82	189	133	67	58	108	52	179	121	96	64	116	145	95	194	158	123	184	179	35	130	204	118	144	43	133	62	65	51	31	80	
93	49	34	48	45	53	80	120	32	87	85	33	145	114	121	64	87	116	89	134	204	140	142	128	80	108	74	58	131	68	133	96	118	144	103	99	98	100	43	86	74	92	42	145	181	183	132	4	20	63	0	93	65	102	40	192	123	126	77	171	113	238	182	148	96	170	191	142	257	221	186	247	242	89	93	158	113	122	22	138	96	99	90	84	121	
138	67	94	52	102	51	92	90	72	84	96	125	236	205	167	136	160	107	8	199	275	198	206	170	89	150	112	121	152	114	113	139	81	156	162	130	130	130	62	14	38	52	62	213	185	215	91	90	75	80	93	0	30	185	131	267	205	87	136	148	118	236	177	168	144	184	218	170	223	187	169	224	216	113	185	250	191	210	89	210	142	145	131	60	159	
124	39	71	22	72	23	84	98	49	81	89	96	209	175	154	114	138	109	25	181	256	183	189	159	82	138	99	101	147	98	120	126	91	153	145	120	120	120	33	29	22	44	32	195	186	208	104	62	45	69	65	30	0	161	104	246	182	99	118	158	116	240	181	163	130	182	213	163	238	201	176	235	228	104	158	221	169	184	64	190	129	132	118	61	148	
79	151	91	150	135	154	117	164	113	131	118	87	64	101	82	51	33	145	183	54	107	68	60	90	120	85	91	67	117	84	162	81	168	135	56	97	97	99	145	174	175	194	143	57	166	134	179	103	122	115	102	185	161	0	65	92	21	174	62	189	130	216	176	128	73	148	146	114	268	238	192	246	246	106	44	110	18	30	97	46	76	76	85	146	93	
85	87	47	88	70	93	93	140	62	105	97	24	105	87	106	43	59	129	128	106	171	115	114	115	95	98	76	48	127	68	148	87	140	143	83	97	96	98	82	123	114	131	81	115	179	169	154	42	60	82	40	131	104	65	0	157	86	148	62	183	121	236	184	143	83	166	178	133	269	234	193	253	250	94	54	124	79	82	45	106	85	87	84	109	110	
135	241	175	239	227	243	185	222	197	197	182	179	99	173	115	132	108	198	267	70	19	78	65	118	187	130	158	146	151	155	212	135	230	165	108	151	150	152	235	254	263	283	233	56	180	124	237	193	212	189	192	267	246	92	157	0	72	233	131	224	181	212	196	151	128	162	136	136	286	264	219	256	261	166	125	155	79	88	184	57	131	128	143	218	129	
90	172	111	171	156	175	133	178	133	146	133	108	59	112	85	69	48	157	203	47	87	63	51	93	135	93	105	85	124	100	173	91	183	141	64	108	107	110	166	194	196	215	164	45	169	130	193	124	143	133	123	205	182	21	86	72	0	189	76	198	140	216	180	131	83	150	142	117	274	245	198	249	250	119	57	111	16	27	118	32	86	85	97	164	99	
100	134	101	116	159	119	58	11	94	45	56	157	236	235	119	126	142	36	94	163	235	156	168	117	56	103	84	110	88	90	30	99	8	83	128	83	83	81	124	76	119	137	122	177	104	148	6	122	119	67	126	87	99	174	148	233	189	0	113	61	53	151	93	99	107	108	147	107	139	102	82	137	129	70	195	270	173	204	108	180	104	106	93	43	106	
23	122	48	113	121	118	57	102	69	70	57	84	125	140	46	20	29	83	136	64	139	65	71	53	59	36	29	19	67	24	101	26	107	83	27	39	38	41	113	123	136	157	111	77	119	108	118	75	91	58	77	136	118	62	62	131	76	113	0	131	70	174	125	81	21	104	117	71	214	181	137	195	194	44	89	164	61	92	60	75	23	25	25	88	48	
110	189	140	172	211	176	92	60	142	85	88	197	253	268	114	149	156	55	155	160	221	148	162	108	91	105	108	137	75	116	39	108	68	59	134	92	93	90	179	137	179	198	178	172	56	114	58	168	170	108	171	148	158	189	183	224	198	61	131	0	63	91	40	74	116	69	109	88	86	51	21	78	71	90	220	295	182	219	150	179	113	113	106	98	100	
51	139	80	124	155	129	35	42	86	35	29	136	194	205	66	87	97	18	122	111	182	103	116	64	35	51	45	74	37	53	33	50	51	38	78	33	33	31	129	104	138	159	127	125	71	100	56	110	115	52	113	118	116	130	121	181	140	53	70	63	0	127	69	51	57	67	101	56	148	113	73	134	130	27	158	233	124	160	92	129	54	56	45	58	53	
151	266	204	251	281	255	162	146	213	160	156	256	274	312	136	194	190	131	242	169	201	153	167	127	162	138	164	188	109	171	123	149	156	94	162	140	141	139	256	224	262	282	254	177	57	89	148	235	242	179	238	236	240	216	236	212	216	151	174	91	127	0	59	93	153	70	77	104	87	86	70	53	63	149	257	326	203	242	216	188	151	149	152	179	127	
102	208	148	192	224	196	104	88	155	101	98	203	238	265	95	145	146	72	183	138	190	124	139	88	104	92	110	136	59	117	64	100	98	42	120	88	88	86	198	165	203	223	196	149	17	78	92	178	184	121	182	177	181	176	184	196	180	93	125	40	69	59	0	49	106	34	70	64	94	69	25	70	70	93	212	285	165	205	160	157	103	102	100	120	83	
59	182	114	169	192	174	80	89	127	84	74	163	189	220	46	101	99	65	172	90	148	76	91	39	81	46	74	95	17	80	70	56	99	16	72	49	50	48	172	154	185	207	170	101	38	50	100	145	155	96	148	168	163	128	143	151	131	99	81	74	51	93	49	0	61	23	51	15	143	115	69	118	119	61	166	238	116	156	127	109	58	57	59	108	35	
7	138	65	128	140	133	57	96	83	69	54	105	137	160	26	41	41	74	145	58	133	54	64	33	59	15	32	38	47	32	90	8	102	64	21	25	24	27	129	131	150	171	127	72	98	88	111	94	108	64	96	144	130	73	83	128	83	107	21	116	57	153	106	61	0	83	96	50	197	165	120	176	175	38	107	181	67	103	77	74	3	4	15	91	27	
81	203	136	189	214	194	99	100	148	101	93	186	209	242	67	124	121	78	188	107	156	91	106	59	100	68	96	118	39	102	78	79	110	29	93	71	72	70	193	170	204	226	191	116	19	45	108	167	176	116	170	184	182	148	166	162	150	108	104	69	67	70	34	23	83	0	41	35	126	103	58	99	102	82	188	258	136	176	149	126	81	79	82	124	57	
98	230	158	217	236	222	129	138	174	134	124	201	200	246	72	135	125	115	222	95	126	79	92	64	131	83	119	134	66	123	117	95	148	65	97	95	95	94	220	204	235	257	218	101	53	13	147	189	201	145	191	218	213	146	178	136	142	147	117	109	101	77	70	51	96	41	0	50	153	136	95	121	127	110	189	253	131	169	171	113	95	93	101	158	70	
50	180	109	167	187	172	80	97	124	86	75	155	175	208	32	91	86	72	174	75	134	61	76	24	82	35	69	87	19	74	80	47	106	29	58	45	45	44	170	156	185	207	168	86	52	45	109	140	151	95	142	170	163	114	133	136	117	107	71	88	56	104	64	15	50	35	50	0	158	130	84	132	134	60	153	224	102	142	122	94	48	46	52	110	23	
192	272	226	254	296	257	178	141	228	171	174	283	331	353	189	233	238	141	231	232	279	217	232	181	177	184	193	222	151	201	125	190	147	133	212	175	176	173	262	214	257	275	261	242	107	164	134	254	255	194	257	223	238	268	269	286	274	139	214	86	148	87	94	143	197	126	153	158	0	37	77	34	26	175	303	377	259	298	236	251	194	194	189	180	176	
160	235	190	217	259	220	142	104	191	134	138	247	302	318	160	200	206	105	194	205	259	191	206	153	141	153	158	187	121	166	88	158	110	104	182	142	143	140	225	177	220	238	224	216	85	145	97	218	218	158	221	187	201	238	234	264	245	102	181	51	113	86	69	115	165	103	136	130	37	0	47	44	33	140	270	345	229	268	200	224	162	162	156	143	146	
115	207	153	190	226	194	106	79	157	100	101	209	255	277	113	157	161	70	175	159	214	145	160	107	106	107	118	146	75	125	57	113	88	57	136	99	99	97	197	157	198	218	195	170	42	103	79	182	185	123	186	169	176	192	193	219	198	82	137	21	73	70	25	69	120	58	95	84	77	47	0	61	57	100	226	301	183	222	164	178	117	117	112	116	100	
172	266	214	249	287	253	167	137	218	161	162	270	307	335	164	215	216	131	231	205	247	190	205	156	167	162	178	205	129	185	116	170	144	112	190	157	157	155	256	213	256	274	255	215	80	133	133	243	246	184	247	224	235	246	253	256	249	137	195	78	134	53	70	118	176	99	121	132	34	44	61	0	12	160	282	355	234	274	225	224	173	172	170	175	153	
171	260	210	243	282	247	163	130	213	156	157	266	308	333	165	213	216	126	223	208	253	193	208	158	162	162	175	203	129	182	110	169	137	111	190	155	156	153	250	205	248	266	249	218	83	138	125	239	241	179	242	216	228	246	250	261	250	129	194	71	130	63	70	119	175	102	127	134	26	33	57	12	0	157	282	355	235	275	220	227	172	172	169	169	153	
31	121	56	108	133	113	21	59	66	32	17	110	169	178	55	61	73	39	115	96	170	90	101	57	24	38	18	47	44	26	57	31	65	55	59	17	17	17	111	99	125	147	109	110	92	105	74	86	94	35	89	113	104	106	94	166	119	70	44	90	27	149	93	61	38	82	110	60	175	140	100	160	157	0	132	207	103	136	68	111	35	38	23	55	46	
112	137	98	141	113	145	138	185	116	151	140	66	52	57	121	71	67	171	182	98	142	112	104	130	140	121	114	86	154	107	189	114	188	171	95	128	127	130	134	177	167	182	133	100	204	177	201	96	113	130	93	185	158	44	54	125	57	195	89	220	158	257	212	166	107	188	189	153	303	270	226	282	282	132	0	75	61	38	98	88	110	110	114	160	131	
186	192	170	202	161	204	213	260	185	225	215	125	57	51	192	146	140	246	246	158	174	174	162	200	215	194	189	161	227	182	264	188	262	244	166	203	202	205	193	244	226	236	192	155	276	241	275	161	176	204	158	250	221	110	124	155	111	270	164	295	233	326	285	238	181	258	253	224	377	345	301	355	355	207	75	0	123	84	168	143	184	184	189	232	203	
74	162	98	160	149	165	118	162	120	131	117	102	73	118	70	55	33	141	190	37	92	52	43	78	120	77	90	71	108	85	157	75	167	126	48	92	91	94	156	180	185	205	154	39	154	118	177	114	133	118	113	191	169	18	79	79	16	173	61	182	124	203	165	116	67	136	131	102	259	229	183	234	235	103	61	123	0	40	106	28	70	69	81	149	83	
109	169	117	170	148	175	147	194	138	161	148	100	34	88	110	79	63	175	207	74	105	90	78	118	150	115	121	96	147	114	192	111	198	165	86	127	127	129	164	200	196	213	163	72	194	157	209	123	142	144	122	210	184	30	82	88	27	204	92	219	160	242	205	156	103	176	169	142	298	268	222	274	275	136	38	84	40	0	121	59	106	106	115	175	122	
74	62	13	55	66	60	58	100	18	67	63	49	148	128	103	52	76	95	87	121	194	125	129	109	59	89	53	41	110	48	113	76	100	122	87	78	77	79	53	79	80	100	51	133	159	163	113	19	31	43	22	89	64	97	45	184	118	108	60	150	92	216	160	127	77	149	171	122	236	200	164	225	220	68	98	168	106	121	0	128	77	80	70	67	101	
81	187	119	183	176	187	129	169	141	142	128	129	87	144	66	76	52	147	210	19	66	35	21	71	132	78	102	90	105	99	161	81	176	121	53	98	97	99	179	198	207	227	178	13	144	100	184	138	156	133	138	210	190	46	106	57	32	180	75	179	129	188	157	109	74	126	113	94	251	224	178	224	227	111	88	143	28	59	128	0	76	74	88	162	80	
5	138	65	128	141	133	54	93	83	66	52	107	140	163	26	43	44	71	144	61	135	56	66	32	57	13	30	40	44	31	87	5	100	61	24	22	21	24	129	129	149	171	127	75	96	87	108	94	108	62	96	142	129	76	85	131	86	104	23	113	54	151	103	58	3	81	95	48	194	162	117	173	172	35	110	184	70	106	77	76	0	3	12	88	26	
8	141	68	131	143	136	57	95	86	69	55	109	140	163	23	45	44	73	147	58	132	53	64	30	60	11	33	42	44	34	89	7	102	61	22	24	23	25	132	132	152	174	130	72	95	85	110	97	110	65	99	145	132	76	87	128	85	106	25	113	56	149	102	57	4	79	93	46	194	162	117	172	172	38	110	184	69	106	80	74	3	0	15	91	24	
8	130	57	118	135	123	42	82	74	54	40	104	149	165	36	45	52	61	133	73	147	68	78	41	45	20	19	36	43	22	78	8	88	59	36	14	13	16	120	117	138	160	118	87	95	94	97	88	100	51	90	131	118	85	84	143	97	93	25	106	45	152	100	59	15	82	101	52	189	156	112	170	169	23	114	189	81	115	70	88	12	15	0	76	32	
84	92	62	75	116	78	34	39	52	24	38	115	206	195	110	96	116	48	64	148	223	144	154	112	32	93	60	79	92	64	59	84	35	96	110	72	72	72	82	46	83	103	81	162	127	155	49	80	76	31	84	60	61	146	109	218	164	43	88	98	58	179	120	108	91	124	158	110	180	143	116	175	169	55	160	232	149	175	67	162	88	91	76	0	101	
28	161	89	149	166	154	67	95	105	77	63	132	156	185	14	68	64	70	161	61	129	51	64	12	70	13	50	65	25	54	83	25	104	43	37	29	29	29	151	145	169	191	149	74	73	63	109	119	131	80	121	159	148	93	110	129	99	106	48	100	53	127	83	35	27	57	70	23	176	146	100	153	153	46	131	203	83	122	101	80	26	24	32	101	0	
EDGE_TRAVEL_TIME_SECTION
0	135	62	124	138	129	50	89	79	62	47	106	144	163	30	43	47	67	140	66	140	61	71	36	52	15	26	38	44	27	84	3	96	61	29	19	18	20	125	125	145	167	123	80	96	90	104	92	105	58	94	138	125	80	85	136	91	100	23	110	51	152	102	59	8	82	98	50	192	160	115	172	171	31	112	186	75	110	74	81	5	8	8	84	28	
135	0	74	19	35	17	106	131	57	107	111	71	189	144	164	112	135	137	60	182	254	186	190	170	105	149	111	103	166	108	151	137	126	176	149	136	135	137	11	68	34	45	13	194	211	224	139	49	31	88	49	68	40	151	87	242	172	134	122	190	140	267	209	183	138	204	230	180	273	236	207	267	261	122	137	193	163	169	62	187	138	141	130	92	161	
62	74	0	66	78	71	49	93	23	59	53	57	146	134	91	43	67	86	93	111	185	114	119	97	50	77	41	30	97	36	104	64	94	110	76	66	65	67	65	83	89	110	63	124	147	151	107	31	43	35	34	94	72	92	48	176	112	102	49	141	81	204	148	115	65	137	159	109	227	191	154	215	211	56	99	171	99	118	13	119	65	68	57	63	89	
124	19	66	0	51	5	91	114	45	91	97	78	193	155	154	107	131	121	46	176	249	179	184	160	90	139	100	96	152	97	134	126	108	161	141	123	123	124	11	51	26	45	10	189	196	212	121	47	29	74	49	52	22	150	89	239	171	116	114	173	125	252	192	170	129	190	218	168	255	218	190	250	243	108	142	202	160	171	55	183	128	131	119	75	150	
138	35	78	51	0	51	121	155	70	126	127	48	163	111	166	106	127	156	95	174	241	182	182	173	121	153	119	102	175	113	172	141	151	188	146	144	143	145	40	101	69	76	41	185	225	228	165	47	41	104	45	102	73	135	70	227	156	160	121	211	155	282	224	193	140	215	236	187	296	259	227	288	282	133	113	161	149	148	66	176	141	144	135	117	166	
129	17	71	5	51	0	95	117	50	95	101	81	197	157	159	112	136	125	44	181	254	184	189	165	94	144	105	101	157	102	137	131	111	165	146	128	128	129	12	51	22	40	13	193	200	217	124	52	33	78	53	51	23	154	93	244	176	119	119	176	129	256	197	174	134	194	222	172	258	221	194	254	247	113	146	205	165	175	60	188	133	136	124	78	155	
50	106	49	91	121	95	0	48	52	14	6	106	180	180	76	69	86	37	95	115	190	110	121	79	3	59	28	53	63	34	55	50	51	71	77	38	38	38	95	78	106	128	93	129	106	126	63	77	81	18	80	92	84	118	94	185	133	58	57	93	35	162	104	80	57	99	130	80	179	143	106	167	163	21	138	213	118	148	59	129	55	57	42	34	67	
89	131	93	114	155	117	48	0	88	35	46	149	226	226	108	116	131	25	97	153	224	145	157	107	46	92	73	100	78	80	24	88	11	74	117	72	72	71	121	78	119	139	120	167	98	139	16	116	114	58	120	90	98	164	140	222	178	12	102	60	42	147	88	89	96	100	138	97	142	105	79	137	130	59	186	260	162	194	100	169	93	95	82	39	95	
79	57	23	45	70	50	52	88	0	57	57	64	165	145	109	66	90	87	71	133	207	135	140	115	51	94	55	52	110	52	103	81	86	120	97	79	79	80	47	62	68	89	45	146	157	168	100	29	29	34	32	72	49	113	62	198	133	95	70	142	86	213	155	127	84	148	174	124	228	191	157	218	213	66	116	186	121	138	18	142	83	86	74	52	105	
62	107	59	91	126	95	14	35	57	0	15	116	193	191	87	82	99	30	88	127	202	122	133	89	11	70	41	66	69	47	47	62	38	73	90	49	49	48	97	71	103	125	95	141	106	132	50	84	85	24	87	84	81	131	105	197	147	45	71	85	35	161	102	84	69	102	135	87	171	134	101	162	156	32	151	225	131	161	67	142	67	69	54	25	77	
47	111	53	97	127	101	6	46	57	15	0	110	181	184	73	70	86	33	99	112	187	108	118	75	7	56	28	55	58	34	51	48	51	65	75	35	35	34	101	82	112	133	99	127	100	120	61	82	86	23	85	96	89	118	97	182	133	57	57	88	29	156	98	74	54	94	124	75	174	138	101	162	158	18	140	215	118	148	64	128	52	55	40	38	63	
106	71	57	78	48	81	106	149	64	116	110	0	118	81	130	66	83	143	121	130	194	139	138	138	107	120	93	68	148	86	161	108	149	163	106	116	116	118	69	119	102	116	68	139	200	192	163	37	51	92	34	126	96	87	24	180	108	157	85	198	137	256	203	164	106	187	202	155	284	248	210	270	267	111	67	126	102	100	49	130	107	109	105	116	133	
144	189	146	193	163	197	180	226	165	193	181	118	0	79	143	111	97	209	233	105	119	121	108	151	182	149	154	128	181	147	227	145	231	199	120	162	161	164	186	227	219	234	185	100	227	187	242	147	165	175	145	236	209	64	105	99	59	237	125	253	194	274	238	190	138	209	200	175	332	302	256	308	309	170	52	57	73	34	148	88	141	140	149	206	156	
163	144	134	155	111	157	180	226	145	191	184	81	79	0	177	121	122	216	200	155	192	169	161	185	182	175	160	132	207	153	234	166	227	224	150	179	178	181	145	200	178	187	145	156	258	234	240	118	131	168	115	205	175	101	87	174	112	235	140	268	206	312	265	220	160	243	246	208	354	319	277	335	334	179	57	51	118	88	129	144	163	163	165	195	186	
30	164	91	154	166	159	76	108	109	87	73	130	143	177	0	64	55	84	169	47	116	37	51	9	79	17	56	64	40	57	97	28	116	56	27	39	39	39	155	153	175	197	153	61	84	63	122	120	134	87	122	167	154	82	107	115	86	119	46	114	66	136	95	47	26	67	72	32	189	160	114	165	166	55	122	192	71	110	103	66	26	23	37	110	14	
43	112	43	107	106	112	69	116	66	82	70	66	111	121	64	0	24	100	136	70	143	76	78	72	71	56	43	17	87	36	118	46	120	104	41	58	58	60	104	125	132	152	103	82	139	126	131	64	81	65	64	137	115	51	43	133	69	126	20	150	88	194	145	102	41	124	136	91	234	200	157	215	213	61	72	147	56	80	52	76	44	45	45	96	68	
47	135	67	131	127	136	86	131	90	99	86	83	97	122	55	24	0	112	159	48	119	56	56	63	88	54	58	39	87	53	130	49	136	105	28	65	64	67	128	148	155	176	126	59	138	114	146	87	105	85	87	160	139	33	59	109	48	142	29	157	97	190	146	99	41	121	125	86	238	206	161	216	216	73	67	140	33	64	76	53	45	44	52	116	64	
67	137	86	121	156	125	37	25	87	30	33	143	209	216	84	100	112	0	112	129	200	121	134	82	36	69	57	85	53	64	19	66	35	51	95	49	50	48	127	94	131	152	125	143	79	115	39	113	115	53	116	107	109	145	130	199	157	36	84	56	18	132	73	65	74	78	115	72	142	106	71	132	126	40	171	246	141	176	95	147	71	73	61	49	71	
140	60	93	46	95	44	95	97	71	88	99	121	233	200	169	136	159	112	0	200	275	200	207	172	92	152	114	121	156	115	120	141	88	160	163	132	132	133	56	19	31	44	56	213	191	219	99	87	70	82	89	8	25	184	128	267	204	95	136	155	122	242	183	172	146	189	223	174	231	194	175	232	223	116	182	246	191	208	87	210	144	147	133	65	161	
66	182	111	176	174	181	115	153	133	127	112	130	105	155	47	70	48	129	200	0	76	16	8	53	117	61	89	81	86	86	144	65	160	102	38	81	81	82	174	187	200	221	172	15	126	83	168	134	151	120	134	200	182	54	106	70	47	164	64	161	112	170	139	90	58	107	96	75	232	205	159	206	208	96	98	158	37	74	121	20	61	58	73	149	61	
140	254	185	249	241	254	190	224	207	202	187	194	119	192	116	143	119	200	275	76	0	80	69	118	192	133	164	155	151	162	212	140	232	163	114	154	154	155	246	262	274	294	245	62	174	115	238	205	223	196	205	275	256	107	171	20	87	235	139	221	182	201	190	148	133	156	126	134	279	259	214	247	253	170	142	174	92	105	194	67	135	133	148	224	130	
61	186	114	179	182	184	110	145	135	122	108	139	121	169	37	76	56	121	200	16	80	0	15	40	113	53	86	84	74	85	134	60	153	89	38	74	74	75	178	185	202	223	176	26	110	67	159	139	155	118	140	199	183	69	115	78	63	156	66	148	103	154	124	76	55	91	80	61	217	192	145	190	193	91	113	174	52	90	125	35	56	54	69	144	51	
71	190	119	184	182	189	121	157	140	133	118	138	108	161	51	78	56	134	207	8	69	15	0	55	123	65	95	89	89	93	148	71	165	104	45	86	86	87	182	194	208	228	180	11	125	80	172	142	159	127	142	207	189	61	114	65	51	169	71	163	116	167	139	91	64	106	92	76	232	207	160	205	208	101	104	163	43	79	129	21	67	64	79	155	65	
36	170	97	160	173	165	79	107	115	89	75	138	151	185	9	72	63	82	172	53	118	40	55	0	81	21	60	71	34	63	94	34	116	50	35	41	41	41	161	156	180	201	159	65	76	55	121	126	140	91	128	170	159	90	115	118	93	118	53	109	65	127	88	39	33	59	64	24	182	154	107	157	158	58	130	200	78	118	110	72	32	30	41	112	12	
52	105	50	90	121	94	3	46	51	11	7	107	182	182	79	71	88	36	92	117	192	113	123	81	0	62	30	55	65	36	54	53	49	72	80	41	41	41	94	76	105	126	92	132	107	127	61	77	80	17	80	89	82	120	95	187	136	56	60	92	35	163	104	81	59	101	131	82	178	142	106	167	162	24	140	215	120	150	59	132	57	60	45	32	70	
15	149	77	139	153	144	59	92	94	70	56	120	149	175	17	56	54	69	152	61	133	53	65	21	62	0	39	53	33	42	84	13	100	51	29	22	22	23	140	136	159	180	138	75	84	75	107	107	119	70	109	150	138	85	99	130	93	104	36	105	52	139	92	46	15	69	83	35	184	153	108	162	162	38	121	194	77	115	89	78	13	12	20	93	13	
26	111	41	100	119	105	28	73	55	41	28	93	154	160	56	43	58	57	114	89	164	86	95	60	30	39	0	29	57	8	75	28	78	71	51	25	25	27	101	99	120	141	99	103	108	113	89	72	82	32	74	113	99	91	76	158	106	84	30	108	46	165	110	74	32	96	119	69	194	159	118	178	175	19	114	189	90	121	53	102	31	34	20	60	51	
38	103	30	96	102	101	53	100	52	66	55	68	128	132	64	17	39	85	121	81	155	84	89	71	55	53	29	0	80	21	104	40	103	95	46	49	48	51	94	109	119	140	92	94	132	126	115	56	72	48	58	121	101	68	49	146	86	110	19	137	74	188	136	96	39	119	135	87	222	188	146	205	203	47	86	161	71	96	41	90	40	42	37	79	65	
44	166	97	152	175	157	63	78	110	69	58	148	181	207	40	87	87	53	156	86	151	74	89	34	65	33	57	80	0	63	62	41	88	18	62	32	33	31	156	139	169	191	154	99	53	64	91	128	138	79	131	153	147	118	128	152	124	89	67	75	37	109	59	18	47	40	67	19	151	121	75	129	129	44	154	227	109	147	110	106	44	44	44	93	26	
27	108	36	97	113	102	34	80	52	47	34	86	147	153	57	36	53	64	115	86	162	85	93	63	36	42	8	21	63	0	83	29	85	77	48	31	30	33	98	101	118	140	96	100	114	116	95	66	78	35	69	114	98	85	68	155	100	91	25	116	53	171	117	80	32	102	123	74	201	167	126	185	183	26	107	182	85	114	48	99	31	34	22	64	54	
84	151	104	134	172	137	55	24	103	47	51	161	227	234	97	118	130	19	120	144	212	134	148	94	54	84	75	104	62	83	0	83	34	54	111	66	66	64	141	101	141	161	139	157	74	119	31	130	131	70	134	114	120	163	148	212	174	31	102	39	33	123	64	70	91	78	118	80	125	88	57	117	111	58	189	264	158	193	113	162	87	89	78	59	83	
3	137	64	126	141	131	50	88	81	62	48	108	145	166	28	46	49	66	141	65	140	60	71	34	53	13	28	40	41	29	83	0	96	58	29	17	17	19	127	126	147	169	125	80	93	88	104	94	107	59	96	140	126	81	88	135	92	100	26	108	50	149	100	56	8	79	95	47	190	158	113	170	169	31	114	188	76	112	77	81	5	7	9	84	25	
96	126	94	108	151	111	51	11	86	38	51	149	231	227	116	120	136	35	88	160	232	153	165	116	49	100	78	103	88	85	34	96	0	84	124	79	80	78	116	70	112	131	115	174	108	149	14	115	111	59	118	81	91	169	141	230	184	9	108	68	52	156	98	99	103	110	149	107	147	110	88	145	137	65	189	263	168	199	100	176	100	102	89	35	104	
61	176	110	161	188	165	71	74	120	73	65	163	199	224	56	104	105	51	160	102	163	89	104	50	72	51	71	95	18	77	54	58	84	0	79	47	48	45	165	142	176	197	163	115	37	65	84	141	149	88	144	156	153	136	144	166	142	83	84	59	38	94	42	17	64	29	65	29	134	104	58	112	112	55	171	244	126	165	123	122	62	61	59	96	43	
29	149	76	141	146	146	77	117	97	90	75	106	120	150	27	41	28	95	163	38	114	38	45	35	80	29	51	46	62	48	111	29	124	79	0	46	45	47	140	149	164	185	138	52	110	87	132	102	118	82	103	162	145	57	83	108	64	129	28	134	78	162	120	72	21	93	98	59	213	182	137	190	190	59	95	166	48	86	87	53	24	22	36	111	37	
19	136	66	123	144	128	38	72	79	49	35	116	162	179	39	58	65	49	132	81	154	74	86	41	41	22	25	49	32	31	66	17	79	47	46	0	1	2	125	116	142	163	124	95	84	89	87	97	107	51	99	130	120	98	97	151	109	83	39	92	33	141	88	49	25	72	95	45	176	143	99	157	155	17	129	203	93	128	78	98	22	24	14	72	29	
18	135	65	123	143	128	38	72	79	49	35	116	161	178	39	58	64	50	132	81	154	74	86	41	41	22	25	48	33	30	66	17	80	48	45	1	0	3	125	116	141	163	123	95	84	90	87	96	106	51	99	130	120	97	97	151	108	84	39	93	34	141	88	50	25	72	95	45	176	143	99	158	156	17	128	203	92	128	78	97	22	23	13	72	29	
20	137	67	124	145	129	38	71	80	48	34	118	164	181	39	60	67	48	133	82	155	75	87	41	41	23	27	51	31	33	64	19	78	45	47	2	3	0	126	116	142	164	124	96	82	89	86	98	108	52	100	130	120	100	99	152	110	82	41	91	31	139	86	48	27	70	94	44	174	141	97	155	153	17	131	205	94	130	79	99	24	25	16	72	29	
