NAME:	i-030-08-12
TYPE:	GVRPTW
DIMENSION:	307
VEHICLES:	4
CAPACITY:	100
TIME_HORIZON:	1293
NUM_CUSTOMERS:	31
NODE_COORD_SECTION
1	511	484
2	560	241
3	721	367
4	798	556
5	769	759
6	643	920
7	454	997
8	251	968
9	90	842
10	13	653
11	42	450
12	168	289
13	357	212
14	223	120
15	320	30
16	449	0
17	577	39
18	667	136
19	697	265
20	658	393
21	561	483
22	432	513
23	304	474
24	214	377
25	184	248
26	235	43
27	413	85
28	524	231
29	514	414
30	389	548
31	207	571
32	53	471
33	0	295
34	71	127
35	416	250
36	585	157
37	777	171
38	931	287
39	999	467
40	958	655
41	821	792
42	633	833
43	453	765
44	337	611
45	323	419
46	500	98
47	589	241
48	586	410
49	492	551
50	337	618
51	170	591
52	44	478
53	0	315
54	50	154
55	180	45
56	348	24
57	206	479
58	112	365
59	94	218
60	158	86
61	284	9
62	432	12
63	554	94
64	613	230
65	588	376
66	489	485
67	347	523
68	159	503
69	269	346
70	442	265
71	633	282
72	790	392
73	871	565
74	854	756
75	744	913
76	571	994
77	380	977
78	223	867
79	142	694
80	814	938
81	670	999
82	519	964
83	417	846
84	403	691
85	483	557
86	627	496
87	778	531
88	880	649
89	894	804
90	691	278
91	654	510
92	477	665
93	242	669
94	59	521
95	14	290
96	128	84
97	347	0
98	570	76
99	436	126
100	673	191
101	838	374
102	877	617
103	779	843
104	574	980
105	328	984
106	118	854
107	12	632
108	43	388
109	201	199
110	282	761
111	122	701
112	19	564
113	6	393
114	88	243
115	238	161
116	409	172
117	547	275
118	607	435
119	571	603
120	450	724
121	288	305
122	499	173
123	747	191
124	938	351
125	999	593
126	905	824
127	694	956
128	446	938
129	255	778
130	194	536
131	62	784
132	4	542
133	133	330
134	375	272
135	587	401
136	645	643
137	516	855
138	274	913
139	984	622
140	881	772
141	714	842
142	535	811
143	402	689
144	356	513
145	412	341
146	552	226
147	732	205
148	895	285
149	989	441
150	988	503
151	974	700
152	837	843
153	639	864
154	475	753
155	420	562
156	501	381
157	679	294
158	872	342
159	229	512
160	393	264
161	685	205
162	933	369
163	992	661
164	828	909
165	536	968
166	288	804
167	122	443
168	315	269
169	574	260
170	778	420
171	832	673
172	710	902
173	470	999
174	223	919
175	86	699
176	224	212
177	386	237
178	503	354
179	528	516
180	454	663
181	307	737
182	145	712
183	28	595
184	3	433
185	77	286
186	0	664
187	33	515
188	141	407
189	290	375
190	433	429
191	525	551
192	535	704
193	462	837
194	328	910
195	175	899
196	53	808
197	555	47
198	841	116
199	995	366
200	926	652
201	676	806
202	390	737
203	236	487
204	305	201
205	900	437
206	970	603
207	948	782
208	840	926
209	674	996
210	495	974
211	351	866
212	281	700
213	303	521
214	411	377
215	577	307
216	756	329
217	777	995
218	635	982
219	523	894
220	477	760
221	510	622
222	613	524
223	752	497
224	884	549
225	967	665
226	973	807
227	903	930
228	770	751
229	596	951
230	335	992
231	108	856
232	22	606
233	116	359
234	348	230
235	608	281
236	774	487
237	571	460
238	699	579
239	732	751
240	658	910
241	505	994
242	332	973
243	204	854
244	171	682
245	245	523
246	398	439
247	842	206
248	998	505
249	897	826
250	598	982
251	277	881
252	121	582
253	222	261
254	521	105
255	155	814
256	99	551
257	226	313
258	476	212
259	732	295
260	875	524
261	837	790
262	637	971
263	368	980
264	308	212
265	517	197
266	705	289
267	822	463
268	837	672
269	745	860
270	571	977
271	362	992
272	174	900
273	57	726
274	42	517
275	134	329
276	234	625
277	82	529
278	6	366
279	30	188
280	147	51
281	319	0
282	492	49
283	611	184
284	638	362
285	564	526
286	413	624
287	906	661
288	784	719
289	649	707
290	539	629
291	481	507
292	493	372
293	571	262
294	693	204
295	828	216
296	938	294
297	996	416
298	984	551
299	709	400
300	581	569
301	375	617
302	186	521
303	103	326
304	165	123
305	343	7
306	553	33
307	698	188
EDGE_WEIGHT_SECTION
0	248	240	296	377	456	516	549	553	526	470	395	313	464	493	488	450	381	287	173	50	84	207	316	403	520	411	253	70	138	316	458	545	567	253	335	411	464	488	479	437	370	287	215	199	386	255	105	70	220	357	467	538	567	550	488	305	416	495	532	526	479	392	274	133	22	169	353	279	230	236	294	369	438	488	514	510	479	425	546	539	480	374	233	78	117	271	404	499	274	145	184	326	454	534	554	511	412	366	335	345	389	448	500	532	540	520	478	421	359	445	498	513	487	423	328	212	108	133	248	286	311	376	447	500	520	506	459	390	321	540	510	408	252	113	208	371	490	493	469	412	328	232	158	174	261	356	433	480	477	511	485	401	271	120	103	254	388	283	250	329	437	513	530	485	390	391	291	233	275	373	463	517	522	476	395	277	130	36	188	325	431	496	511	477	542	479	378	246	95	68	221	356	464	534	561	439	494	498	448	362	280	275	350	392	474	529	551	537	490	414	316	211	146	189	290	576	513	410	278	138	110	241	379	491	564	594	372	475	538	548	504	414	302	225	263	65	211	347	451	510	521	481	393	269	122	432	487	516	506	461	402	365	379	485	417	332	274	291	366	447	503	516	339	287	275	312	376	443	497	529	535	514	470	408	311	431	519	565	566	521	435	316	176	68	171	433	360	262	148	38	113	230	334	415	467	490	478	215	110	190	327	438	500	506	453	350	
248	0	204	395	559	684	763	790	763	685	559	395	205	358	320	265	203	150	139	181	242	301	346	372	376	381	214	37	179	351	483	557	563	502	144	88	228	374	494	574	610	596	535	432	296	155	29	171	317	438	524	568	565	517	428	303	427	465	467	431	361	262	147	54	138	254	353	479	309	120	84	275	449	593	697	753	758	711	616	742	766	724	622	477	325	264	363	519	655	136	285	432	533	574	548	460	322	165	169	124	308	492	641	739	778	756	673	537	361	590	635	630	574	472	332	166	36	200	362	495	279	91	194	394	563	677	727	706	618	470	737	632	436	188	162	411	616	730	570	620	620	571	475	340	179	17	176	338	473	502	618	663	628	519	350	152	130	328	428	169	130	394	603	720	727	625	482	247	24	282	510	678	763	757	659	337	174	127	277	435	557	628	639	589	485	702	594	451	301	227	312	464	604	708	762	761	194	308	453	550	577	524	407	258	392	547	666	740	764	736	659	537	380	202	68	215	785	745	654	526	384	288	320	447	588	701	770	552	711	784	763	650	459	212	62	326	219	365	538	676	755	767	709	588	423	256	284	511	675	742	700	556	339	141	702	556	342	89	180	423	615	734	764	254	62	153	343	512	646	736	777	764	699	587	435	504	558	568	533	455	341	204	76	144	285	410	544	528	474	389	277	147	24	138	269	382	470	525	218	329	419	467	465	412	319	208	148	
240	204	0	204	395	558	684	763	790	764	684	558	396	556	524	457	358	237	105	68	198	324	431	507	550	584	418	239	212	378	553	676	725	693	327	250	204	225	295	373	437	474	480	455	401	348	182	142	294	459	595	686	723	704	630	507	527	609	644	629	565	458	320	174	133	260	405	578	452	297	122	73	248	411	546	645	699	706	665	579	634	630	567	454	305	160	174	324	470	94	158	385	566	680	711	657	524	328	373	182	117	295	480	630	732	775	757	678	546	590	686	729	715	645	525	368	197	133	280	448	437	295	178	218	358	493	590	634	621	553	780	738	589	359	138	286	529	706	366	435	475	481	453	393	310	220	162	192	278	300	418	490	504	458	359	220	84	153	513	344	166	212	400	552	629	615	604	418	182	78	326	535	680	743	717	521	359	218	244	399	555	671	730	721	649	780	704	581	431	295	269	385	537	670	762	800	360	278	274	351	441	496	500	448	192	343	473	572	631	648	621	552	445	310	156	52	630	621	563	463	331	191	134	244	386	507	592	387	597	735	784	739	605	397	142	131	176	213	384	547	663	720	710	634	501	331	201	309	492	627	679	637	510	330	721	649	498	290	73	220	439	610	707	441	266	80	139	326	494	628	721	764	755	695	588	551	659	715	714	655	544	392	214	83	223	401	347	358	348	319	278	228	183	165	185	229	279	321	35	246	427	557	619	607	522	374	180	
296	395	204	0	205	396	559	685	764	791	763	684	559	722	711	656	562	440	308	215	248	369	501	611	687	762	608	425	318	409	591	750	840	844	489	452	386	300	220	188	237	322	403	464	494	546	378	257	306	465	629	758	834	849	802	697	597	712	781	794	751	656	522	375	277	317	452	641	569	460	320	164	74	208	361	493	593	654	670	382	461	494	479	417	315	181	32	124	266	298	151	339	567	740	828	820	716	531	562	386	186	100	288	480	636	742	790	773	696	555	691	779	809	776	685	547	377	226	232	386	568	486	369	248	204	289	413	519	587	604	771	794	702	509	262	176	411	634	197	231	298	366	418	444	442	412	357	288	223	197	227	290	347	378	378	345	288	226	571	499	369	231	221	354	488	567	685	562	371	137	122	357	551	680	726	669	521	358	273	360	523	671	771	804	770	805	766	674	539	386	273	302	438	588	711	786	564	442	274	160	278	446	566	608	157	178	271	372	457	516	544	537	496	426	333	231	440	456	436	380	295	188	75	86	201	306	388	197	444	636	752	778	710	556	334	73	246	102	206	381	527	625	665	640	554	417	353	206	288	471	614	677	647	529	693	699	621	471	269	83	237	445	604	599	456	283	96	122	309	478	617	713	760	757	702	568	717	814	852	824	734	592	416	251	236	391	151	164	212	269	321	356	371	367	341	297	242	186	180	217	427	613	732	767	713	578	381	
377	559	395	205	0	204	395	559	684	763	790	763	685	840	856	824	745	631	499	382	346	417	545	674	777	893	762	582	429	435	593	772	898	942	619	629	588	499	372	216	62	155	316	457	561	714	548	394	346	454	622	778	888	940	926	847	629	766	865	909	893	819	699	552	424	392	484	662	649	592	496	368	219	85	156	307	446	557	630	185	260	323	363	372	350	299	228	156	133	487	274	307	535	749	889	931	868	711	715	576	391	178	85	295	495	658	768	815	798	487	650	775	846	854	800	689	532	362	252	321	661	645	568	442	284	151	211	369	514	617	707	795	767	626	402	170	271	518	255	113	100	240	374	481	550	575	555	490	387	337	213	108	167	294	401	463	474	430	594	622	560	423	244	161	313	483	720	668	536	339	107	155	383	569	686	772	647	485	342	329	463	626	759	832	838	775	775	720	614	471	321	240	317	466	610	718	743	647	453	190	104	380	598	726	348	254	180	181	255	348	431	492	523	524	491	430	236	260	281	292	293	282	263	239	219	210	217	8	258	493	668	763	766	676	504	272	359	193	38	187	353	487	573	603	575	490	558	342	144	281	507	672	740	699	616	702	703	621	465	258	75	250	458	715	616	474	301	110	104	294	469	611	713	766	767	552	724	858	934	942	882	762	596	418	310	381	168	43	131	264	383	475	535	560	546	495	411	299	364	267	419	630	794	877	864	757	575	
456	684	558	396	204	0	204	395	558	684	763	790	764	904	947	940	883	784	657	527	445	458	560	692	814	967	866	699	522	450	558	741	897	978	707	765	761	695	576	412	219	88	245	435	594	834	681	513	399	430	576	744	883	969	990	943	621	768	891	965	979	932	831	691	547	461	495	639	685	685	638	548	422	267	101	103	269	423	550	172	83	132	238	332	397	424	412	360	277	644	410	304	473	707	890	982	966	847	821	730	580	383	156	91	321	529	694	802	846	394	565	718	827	875	860	784	652	486	325	275	710	761	736	641	483	279	62	198	413	591	597	742	780	701	522	277	143	369	453	280	105	153	334	498	623	700	721	683	591	541	397	209	56	237	422	557	627	622	581	702	716	623	435	185	117	373	706	729	664	518	311	69	190	420	599	823	730	583	420	319	383	540	696	804	850	692	732	718	649	534	387	241	199	315	468	601	877	828	656	390	119	312	594	794	547	455	335	197	82	158	297	424	524	590	617	602	154	63	123	231	326	397	437	442	412	349	260	211	56	316	539	696	770	750	640	452	466	346	191	18	157	315	444	529	562	540	741	546	271	77	368	622	782	824	499	657	736	727	631	459	234	51	281	783	734	634	491	315	118	92	290	469	617	724	780	504	684	844	955	1001	975	884	737	558	402	375	369	246	213	309	444	568	662	718	728	692	615	502	524	356	405	607	803	929	961	892	734	
516	763	684	559	395	204	0	205	396	559	685	764	791	907	976	997	966	887	771	638	525	484	544	665	796	979	913	769	586	454	492	661	836	951	748	850	887	855	760	609	420	243	232	403	593	900	768	602	448	397	495	661	819	935	991	979	574	719	858	958	1003	985	909	783	635	513	486	575	677	732	737	692	600	467	302	117	77	265	435	365	216	73	155	310	441	530	568	550	480	757	526	333	391	619	833	969	1003	928	871	835	732	569	360	121	127	365	573	735	837	292	445	614	752	838	863	826	728	582	411	273	712	825	858	807	678	483	243	60	296	529	446	640	740	729	611	402	155	199	649	483	303	203	312	494	657	777	839	838	772	727	599	413	228	245	436	618	738	777	535	736	825	790	634	384	87	255	646	741	747	662	498	273	16	244	474	818	763	645	487	334	299	420	586	722	805	563	640	668	643	568	452	304	160	153	296	443	955	962	831	585	293	268	555	810	716	649	539	392	220	47	167	344	499	621	701	733	323	182	124	238	379	499	582	621	611	553	454	400	149	119	374	583	722	774	732	602	550	485	371	222	51	124	288	423	518	561	881	733	475	145	212	532	772	895	351	570	721	785	755	633	435	185	88	798	802	751	649	502	322	119	92	296	481	633	741	432	598	774	913	995	1006	949	828	661	484	375	563	431	349	378	491	626	744	828	866	854	795	693	649	446	388	546	757	921	996	969	845	
549	790	763	685	559	395	205	0	204	395	559	684	763	848	941	988	985	930	833	704	576	490	497	592	723	925	898	786	613	442	399	535	718	860	737	877	955	962	900	773	597	405	286	367	554	905	802	651	482	360	386	532	700	838	926	949	491	619	766	887	960	973	925	822	681	538	455	474	622	728	785	789	739	639	496	321	129	105	295	564	420	268	206	316	472	603	685	705	664	818	610	378	299	486	718	893	973	947	862	884	835	718	543	323	79	175	412	616	771	209	297	466	625	743	807	812	754	641	485	315	664	833	922	923	837	670	443	197	190	436	264	492	649	707	659	511	288	60	811	660	480	325	317	467	647	801	902	939	907	871	771	599	402	310	440	638	798	882	457	718	878	908	802	580	285	168	541	702	778	760	652	464	221	56	316	756	743	664	530	366	238	277	435	590	704	394	503	572	594	569	499	388	248	96	103	255	970	1036	957	745	455	270	481	769	839	806	721	590	424	244	143	270	450	612	737	814	527	384	282	307	432	573	688	759	777	740	653	563	345	87	182	428	624	744	774	711	600	593	528	411	255	81	123	297	445	549	964	879	661	347	91	407	708	904	181	444	655	789	827	766	612	386	118	758	816	817	762	657	506	320	114	103	310	497	650	343	470	650	811	923	970	950	863	719	542	380	723	588	476	445	515	643	775	883	948	962	927	843	730	518	372	452	659	849	965	983	899	
553	763	790	764	684	558	396	204	0	204	395	558	684	734	844	915	939	912	837	724	592	475	426	481	601	812	823	749	602	419	295	373	554	715	676	845	960	1008	983	888	733	543	371	338	483	849	781	658	496	333	263	367	535	689	802	858	381	478	624	759	855	898	880	805	682	535	410	346	527	676	780	832	829	769	658	504	320	135	157	730	601	446	327	348	485	639	755	813	805	824	654	426	230	322	557	759	880	904	795	874	882	819	689	503	277	30	224	456	653	208	145	287	457	599	697	742	728	658	537	379	572	784	925	980	942	815	615	369	177	323	64	312	514	637	664	590	426	197	921	794	624	446	347	423	596	770	904	979	984	960	895	747	549	395	433	618	805	928	358	653	872	967	920	741	463	202	400	616	757	807	761	623	411	154	143	644	674	639	546	406	241	141	255	418	556	199	332	438	508	537	523	466	372	248	102	50	921	1045	1023	857	587	318	384	676	906	912	860	755	604	426	262	238	385	565	723	841	704	563	436	396	474	612	747	846	895	884	818	686	518	287	23	246	484	664	764	771	614	663	648	572	442	275	115	179	355	507	985	969	807	527	191	262	596	854	71	291	546	739	843	847	749	562	310	667	774	827	824	766	655	500	311	102	121	329	515	260	313	483	657	793	873	889	839	728	570	390	836	705	575	497	515	619	753	878	968	1010	1001	940	761	562	363	335	516	723	872	932	893	
526	685	764	791	763	684	559	395	204	0	205	396	559	573	695	785	834	834	786	695	574	442	342	341	440	649	695	663	555	390	211	186	358	529	570	757	903	988	1003	945	820	646	454	327	388	738	708	622	490	326	169	178	338	500	631	713	260	305	442	585	699	766	778	734	638	505	358	209	400	578	723	820	863	847	776	654	490	300	135	850	743	594	448	392	480	634	775	867	894	775	657	464	230	140	363	581	733	802	676	806	871	865	789	649	457	227	21	267	491	290	119	89	260	417	541	623	654	633	560	443	444	683	867	973	988	908	745	518	272	216	140	111	345	526	627	632	542	368	971	876	726	545	391	370	507	688	847	956	999	986	962	846	661	473	417	559	757	914	258	544	808	963	979	854	611	314	237	489	685	800	819	740	573	339	86	489	559	574	533	441	306	145	60	220	373	17	139	277	392	476	522	524	485	407	295	160	813	987	1023	913	680	386	278	538	913	958	944	871	745	579	400	272	319	484	662	811	837	704	564	476	498	614	755	877	954	972	932	763	655	468	224	48	312	540	702	779	590	690	726	694	599	452	277	161	266	440	942	996	901	671	349	129	444	747	215	133	401	639	803	872	835	700	483	531	680	782	831	824	761	645	487	295	85	139	346	223	142	287	465	617	721	771	760	689	565	401	893	774	638	527	490	556	681	815	925	992	1011	976	741	574	364	218	339	551	725	822	828	
470	559	684	763	790	763	685	559	395	205	0	204	395	376	504	607	675	699	681	619	520	395	263	187	247	450	520	529	473	361	205	24	161	324	424	617	786	904	957	939	851	704	518	336	283	578	586	545	461	339	190	28	141	296	428	525	167	110	238	382	503	586	624	612	551	448	314	128	250	441	614	750	837	868	841	759	626	455	264	913	834	701	545	434	454	587	740	861	923	671	615	485	297	73	162	376	544	647	510	682	800	852	835	751	606	411	184	62	297	393	263	116	67	212	349	460	534	565	551	491	286	534	751	901	968	941	825	634	391	175	335	100	151	378	547	633	623	518	958	899	778	611	432	320	386	557	732	869	947	947	965	887	727	528	394	464	656	837	197	397	688	895	973	910	716	431	80	328	565	737	821	807	696	503	253	300	405	471	490	464	391	282	146	43	168	218	66	108	259	392	493	555	571	542	468	358	652	866	957	907	727	451	197	362	858	941	965	929	835	693	518	346	270	376	554	724	915	797	655	534	499	576	712	848	950	997	986	788	747	616	411	157	117	377	591	733	529	670	753	769	714	598	435	265	216	356	836	958	934	770	491	154	261	590	381	116	229	495	707	836	865	791	622	357	538	682	780	825	814	747	629	469	276	67	152	260	89	91	262	413	528	603	628	602	528	410	889	789	659	528	443	458	561	696	820	909	955	947	669	552	373	161	138	349	536	660	706	
395	395	558	684	763	790	764	684	558	396	204	0	204	178	300	403	479	522	530	501	438	346	230	99	44	255	319	361	368	340	285	215	168	189	251	437	620	763	850	871	824	716	555	364	202	383	424	435	417	370	302	226	170	179	244	320	194	94	103	203	303	383	432	449	429	376	295	214	116	275	465	630	755	830	849	812	720	581	406	916	870	761	610	466	414	504	656	798	890	523	534	487	387	256	154	209	340	455	314	514	675	781	825	801	713	567	377	159	96	486	415	313	193	92	146	268	379	463	511	518	121	351	587	772	885	911	849	706	497	248	506	302	54	208	434	594	664	633	881	861	777	638	463	292	249	389	570	727	835	847	905	869	743	556	372	345	511	706	231	226	524	769	904	906	772	529	161	148	407	624	767	818	772	632	418	95	224	341	426	471	469	424	337	219	91	411	263	121	149	300	443	554	622	641	610	532	456	695	831	840	725	500	209	163	747	861	923	926	869	759	605	426	268	258	409	589	932	836	701	563	477	503	620	762	883	957	975	759	788	723	570	349	87	189	440	638	438	605	729	791	781	703	566	393	246	275	679	858	905	816	602	297	61	398	525	271	63	317	564	745	836	828	719	160	361	537	677	771	812	797	729	611	451	260	52	342	255	179	171	239	326	403	455	476	462	415	826	751	637	503	381	335	404	532	664	770	838	857	552	499	388	233	75	166	332	462	540	
313	205	396	559	685	764	791	763	684	559	395	204	0	163	186	231	280	319	344	351	339	310	267	218	177	208	139	168	256	338	389	399	367	298	70	235	422	579	691	747	743	680	561	400	210	183	234	303	365	406	423	411	372	312	243	188	307	289	263	236	216	214	230	257	283	303	311	352	160	100	285	469	624	737	801	811	765	669	528	858	847	769	637	481	367	392	528	682	799	340	421	469	471	429	352	262	212	253	117	317	508	659	759	798	773	685	544	360	157	554	543	488	395	271	129	66	200	335	446	520	116	147	391	597	747	821	817	731	575	363	644	483	253	63	298	518	662	706	749	767	724	625	479	301	140	196	375	543	672	695	787	793	710	554	356	222	332	531	326	63	328	597	778	841	777	596	330	71	222	470	662	775	795	720	557	133	38	204	349	461	527	543	505	417	290	576	444	291	176	230	378	523	634	699	711	669	258	493	656	719	674	526	300	53	588	727	821	862	846	774	654	494	314	174	240	416	889	819	702	561	438	404	487	626	760	856	902	679	777	780	690	517	282	20	260	500	328	502	657	760	796	761	660	505	331	231	485	705	818	807	674	439	144	196	635	426	165	119	384	605	751	809	768	49	161	356	528	665	755	794	780	712	595	438	252	431	420	383	328	265	215	212	256	319	376	416	709	663	575	455	320	210	220	336	471	587	671	713	399	421	405	353	278	212	205	265	342	
464	358	556	722	840	904	907	848	734	573	376	178	163	0	132	256	363	444	496	514	496	445	363	257	134	78	193	321	414	459	451	390	283	152	233	364	556	727	850	909	900	822	685	504	315	278	385	465	508	511	474	400	296	176	86	158	359	269	162	73	127	235	332	405	446	452	422	388	231	263	441	629	786	896	949	941	871	747	580	1009	986	894	751	599	508	552	691	843	958	494	581	601	549	433	269	102	173	350	213	456	665	821	912	929	870	741	554	323	82	644	590	489	349	183	44	193	359	497	595	645	196	281	529	751	909	980	960	848	659	417	683	475	228	215	460	672	791	795	912	926	873	758	596	415	291	346	516	692	831	856	949	949	852	681	484	381	488	686	392	223	470	752	940	994	904	687	338	175	378	631	823	921	913	799	595	92	201	365	500	590	623	597	513	383	221	588	438	298	264	374	526	662	756	797	780	709	340	618	810	882	822	639	367	115	748	890	982	1015	985	896	757	583	409	318	400	573	1036	955	830	689	578	562	650	788	922	1017	1058	835	911	879	745	526	262	167	417	662	487	661	811	902	918	860	734	564	404	364	625	865	976	940	763	473	141	298	697	448	193	269	538	767	909	946	872	125	304	511	690	826	906	925	883	782	628	436	227	505	433	328	205	103	154	278	393	480	530	539	871	821	725	599	465	369	376	477	613	736	828	875	561	574	520	403	238	58	165	341	480	
493	320	524	711	856	947	976	941	844	695	504	300	186	132	0	132	257	363	444	496	513	496	444	363	257	86	108	286	430	523	553	516	415	267	240	294	478	663	807	893	912	862	747	581	389	192	342	464	549	588	581	526	429	297	141	29	463	394	294	171	42	113	243	355	438	485	494	500	320	265	402	593	768	901	980	996	949	843	687	1034	1030	955	822	666	552	558	679	835	964	446	585	654	644	556	402	199	40	254	151	388	622	809	934	983	954	848	676	453	207	732	700	613	480	315	155	168	334	496	626	706	277	229	456	696	882	986	999	917	751	521	797	602	354	248	457	694	848	884	890	930	903	810	664	484	324	304	448	629	785	819	936	963	893	739	541	395	446	634	491	245	405	700	922	1015	963	775	458	239	343	602	822	955	981	894	709	206	217	372	529	647	707	704	636	513	353	710	564	417	346	415	560	707	819	880	881	823	236	528	754	868	854	710	465	172	709	867	980	1036	1029	960	837	671	491	359	378	529	1068	1003	888	747	622	574	636	766	907	1015	1072	850	961	962	853	649	387	202	382	644	498	667	830	943	982	943	832	669	499	416	551	828	983	992	852	587	251	215	801	566	298	240	490	743	919	993	951	182	258	464	663	824	932	980	963	882	744	561	352	601	553	460	330	174	30	173	329	460	553	601	861	831	753	638	503	383	342	412	541	672	778	844	537	599	590	509	367	181	33	233	410	
488	265	457	656	824	940	997	988	915	785	607	403	231	256	132	0	134	257	363	445	496	513	496	444	363	218	92	243	419	551	620	615	537	399	252	208	370	561	722	830	875	853	765	621	438	110	279	432	553	628	654	627	548	428	273	104	537	497	417	303	165	21	141	282	401	487	533	581	390	265	337	520	705	858	959	1001	979	896	759	1007	1023	967	847	693	558	527	625	779	919	369	550	666	700	651	523	332	102	143	127	294	540	751	905	988	991	916	768	562	318	779	774	709	592	435	265	177	292	463	615	724	345	180	354	602	809	942	987	938	802	594	874	701	457	282	424	672	858	930	820	885	883	816	691	521	343	248	349	529	697	737	875	928	885	753	563	385	373	544	557	270	313	609	855	985	972	820	551	301	288	534	774	939	999	946	788	309	245	358	522	663	751	774	729	622	469	802	662	510	407	429	556	709	837	918	940	900	116	409	657	808	837	739	532	247	628	797	928	1005	1021	975	872	720	541	379	333	450	1048	999	897	761	625	549	582	700	843	962	1035	817	962	999	921	741	490	251	323	585	476	631	803	934	996	980	888	736	561	442	444	746	940	993	898	668	346	127	865	653	384	214	409	675	880	989	983	255	208	386	595	776	910	985	996	941	825	658	455	661	644	575	459	306	130	65	245	408	538	625	804	793	735	635	508	375	289	318	436	571	687	768	477	584	621	584	475	309	106	109	312	
450	203	358	562	745	883	966	985	939	834	675	479	280	363	257	134	0	132	256	363	444	496	514	496	445	342	170	199	380	543	648	679	631	514	265	118	240	432	601	724	792	796	737	620	457	97	202	371	519	627	686	691	640	539	397	229	576	568	515	422	295	147	60	194	337	455	536	625	435	263	249	412	603	769	890	955	958	900	786	930	964	927	823	675	526	460	531	681	828	265	477	634	714	708	616	451	233	38	166	180	425	651	829	941	977	935	819	638	409	780	803	766	672	530	360	214	238	397	564	697	393	155	228	477	696	851	924	908	806	627	906	762	531	308	362	608	818	925	711	794	815	773	673	523	344	189	227	402	576	620	771	845	827	721	546	350	275	423	587	291	198	485	748	905	930	818	608	349	221	431	683	873	966	949	823	393	275	324	480	636	748	800	781	696	558	851	723	571	442	416	515	666	806	906	949	931	23	275	531	705	773	723	563	317	513	687	830	925	962	939	857	724	554	377	268	341	977	945	857	728	587	486	490	595	738	864	949	738	912	983	942	793	561	298	244	489	421	554	729	875	958	966	896	760	587	438	313	628	850	943	894	709	419	87	882	700	445	200	299	569	795	934	964	320	169	281	490	684	838	938	977	951	862	717	529	679	697	658	567	430	261	86	149	329	487	608	704	711	672	591	478	343	223	202	307	442	564	654	384	530	612	621	554	420	236	25	192	
381	150	237	440	631	784	887	930	912	834	699	522	319	444	363	257	132	0	132	257	363	444	496	513	496	442	259	172	317	497	633	699	686	596	276	85	115	304	469	595	674	698	664	578	445	171	131	286	450	584	674	711	691	617	495	338	575	600	579	511	404	266	121	108	253	392	502	627	450	259	150	284	475	648	781	863	889	855	766	815	863	841	753	615	459	362	410	555	706	144	374	562	682	720	671	542	348	114	231	55	293	525	716	849	913	904	822	673	470	734	785	777	709	589	430	260	184	305	477	627	415	172	97	346	565	728	820	832	763	619	887	777	568	322	277	507	735	871	580	671	708	688	613	489	327	146	95	272	444	488	642	727	729	646	492	296	158	291	577	302	71	354	617	790	842	768	626	376	155	305	562	767	885	900	809	449	299	273	405	568	701	777	787	727	609	851	739	592	446	375	439	583	730	845	908	910	143	175	401	577	670	662	556	368	381	557	704	809	860	855	795	683	530	352	193	213	866	847	772	652	511	392	371	467	608	737	828	624	818	918	912	798	594	333	157	367	338	444	618	774	873	902	854	738	573	405	188	496	727	849	841	705	462	149	850	703	475	206	172	440	676	836	895	367	162	158	362	562	728	846	909	909	849	732	567	653	705	700	639	527	374	195	74	228	403	550	577	595	571	509	415	293	158	73	180	314	432	522	267	441	563	616	595	502	349	154	61	
287	139	105	308	499	657	771	833	837	786	681	530	344	496	444	363	256	132	0	134	257	363	445	496	513	513	336	176	236	418	578	676	698	641	281	156	123	235	363	469	541	572	556	499	404	258	111	183	352	504	620	687	699	656	562	424	536	593	605	568	486	366	223	91	156	303	435	588	436	255	66	157	347	515	650	740	779	766	701	683	734	721	645	518	362	241	278	425	574	14	249	457	608	687	683	597	439	228	296	78	178	395	584	726	808	826	777	665	500	647	722	741	703	609	471	303	150	192	361	521	411	218	89	256	446	596	691	718	677	571	820	746	568	322	175	382	617	774	458	539	577	570	517	422	295	150	69	199	341	376	516	595	602	536	406	228	34	191	529	304	61	258	494	657	721	677	602	382	123	175	430	637	768	808	749	476	312	213	303	466	612	710	746	714	620	803	710	574	422	311	334	468	618	743	821	842	260	207	315	450	541	563	512	397	266	434	575	676	731	737	693	602	470	307	127	87	734	720	653	542	403	272	238	340	483	608	696	491	693	812	834	756	589	351	90	235	232	314	487	646	754	797	768	671	520	346	157	385	596	724	746	657	475	238	771	663	473	227	46	314	543	709	787	393	192	25	234	430	597	723	800	823	789	702	567	586	669	698	671	590	462	298	118	114	293	458	448	462	445	397	324	230	126	61	140	243	335	405	136	325	477	572	597	551	438	273	77	
173	181	68	215	382	527	638	704	724	695	619	501	351	514	496	445	363	257	134	0	132	256	363	444	496	549	394	210	146	310	485	610	665	644	281	247	252	293	349	398	431	441	425	388	336	335	167	74	229	392	527	620	663	653	591	482	460	547	591	587	536	443	317	169	72	192	337	511	392	251	114	132	274	413	527	607	647	643	597	567	606	588	513	392	240	108	183	339	474	120	117	327	499	613	652	613	501	329	347	203	181	313	466	593	677	710	689	615	496	526	618	661	652	589	480	333	162	66	227	391	380	271	221	283	395	497	564	585	557	486	713	671	529	308	71	250	483	646	398	440	452	436	391	325	251	198	202	260	334	348	441	484	471	404	292	157	101	220	445	295	190	276	428	543	588	553	538	365	157	123	330	512	634	683	649	470	314	160	179	338	491	604	662	656	591	712	637	517	368	228	207	334	485	613	700	734	361	332	338	373	413	436	432	402	246	376	485	563	603	603	564	486	377	248	118	117	614	589	519	409	273	139	140	275	412	520	590	375	561	681	719	671	543	350	123	149	110	190	366	517	620	665	647	566	433	264	262	358	495	592	619	569	456	319	656	581	439	257	123	253	435	578	655	394	241	114	178	331	475	590	668	701	687	628	528	483	592	653	661	615	519	382	214	37	163	337	365	350	314	264	211	166	157	192	245	297	339	362	51	192	361	489	559	562	498	375	209	
50	242	198	248	346	445	525	576	592	574	520	438	339	496	513	496	444	363	257	132	0	132	257	363	444	548	425	255	83	184	365	508	592	606	274	327	379	419	438	433	404	357	302	258	246	390	244	77	97	262	406	517	586	608	581	506	355	464	537	566	549	488	389	258	110	72	218	402	323	248	214	246	321	400	467	511	526	512	469	521	527	483	391	261	108	67	222	360	463	243	97	200	369	503	580	589	528	407	378	313	298	343	421	497	553	578	569	527	459	394	490	548	562	530	456	346	208	66	120	265	326	316	346	399	452	484	491	469	425	371	583	560	455	281	86	181	375	517	445	431	390	329	260	207	206	257	326	388	430	427	467	454	389	283	162	118	223	341	333	276	304	389	466	503	486	421	441	326	223	226	331	445	524	552	522	432	302	141	47	209	359	475	545	560	523	589	529	427	292	139	77	223	368	486	567	603	436	462	449	402	343	306	325	381	342	426	489	524	525	495	437	354	261	184	177	248	556	504	413	289	148	66	192	330	445	524	563	340	469	557	587	553	462	331	207	213	25	168	318	438	514	541	515	438	319	169	395	438	480	500	489	451	405	380	524	467	376	284	254	317	413	494	533	371	289	242	262	335	420	494	547	569	560	520	454	357	481	567	607	598	540	439	303	143	43	204	388	325	241	148	84	130	221	309	378	422	440	428	170	88	229	377	484	535	524	450	325	
84	301	324	369	417	458	484	490	475	442	395	346	310	445	496	513	496	444	363	256	132	0	134	257	363	510	428	297	129	55	232	381	484	529	263	387	486	548	569	545	479	378	253	136	144	421	314	185	71	142	273	390	475	524	532	496	229	353	449	507	525	501	436	336	208	64	86	273	233	248	306	378	442	487	507	501	467	411	342	571	541	459	333	180	67	196	346	468	546	350	222	159	246	373	474	526	520	458	387	402	429	457	479	488	482	464	437	409	390	290	363	416	443	437	402	342	264	192	166	212	253	347	450	531	573	566	515	425	319	239	459	429	351	248	191	250	352	430	563	518	433	315	179	76	173	311	430	516	562	556	573	522	407	244	50	149	330	472	203	252	399	521	579	560	467	325	318	271	290	358	431	478	487	457	393	366	280	174	96	152	257	349	412	436	421	458	399	310	198	84	100	217	325	410	464	480	482	570	582	513	381	228	198	337	474	545	582	581	540	465	362	240	129	138	252	373	593	511	392	251	134	181	320	453	556	616	629	413	468	489	472	420	352	295	291	343	149	275	383	457	487	471	410	311	187	81	512	566	561	498	399	319	328	418	409	335	287	304	371	443	491	502	471	326	327	353	393	435	467	484	484	465	431	390	350	227	350	451	517	543	525	468	375	255	133	113	497	408	291	158	49	154	287	404	495	551	572	553	299	159	119	246	378	473	514	495	420	
207	346	431	501	545	560	544	497	426	342	263	230	267	363	444	496	514	496	445	363	257	134	0	132	256	436	404	328	218	113	137	251	353	418	250	424	562	654	695	679	607	487	327	141	58	424	368	289	203	148	178	260	343	409	447	452	98	221	331	415	465	479	455	394	300	185	65	148	133	250	381	493	574	618	622	585	509	401	273	689	640	535	389	239	197	324	477	602	676	434	352	258	205	249	343	428	476	479	372	465	543	591	601	574	511	423	332	275	294	288	291	299	309	316	320	320	314	305	297	290	170	359	526	646	705	695	620	485	308	126	393	308	224	214	292	381	436	440	696	649	551	409	236	65	171	351	506	620	686	685	707	648	514	327	146	218	416	583	84	228	466	638	713	681	546	330	185	205	345	477	564	590	551	452	313	274	251	232	228	241	263	286	301	304	295	358	274	176	100	137	234	326	396	437	444	418	495	645	699	647	499	277	69	273	597	678	714	701	640	535	395	227	47	144	320	475	704	606	474	334	254	313	449	585	690	747	753	542	559	519	429	311	220	248	360	470	267	409	510	562	557	500	393	247	77	100	601	695	690	587	408	212	228	428	371	219	179	313	464	573	620	598	510	262	349	442	518	569	586	569	521	445	353	266	223	166	229	317	396	451	474	465	422	352	265	185	630	539	416	282	180	215	341	474	584	659	694	684	412	293	160	127	250	378	469	506	487	
316	372	507	611	674	692	665	592	481	341	187	99	218	257	363	444	496	513	496	444	363	257	132	0	132	335	353	343	302	245	194	186	229	288	239	431	600	723	790	794	735	619	456	264	117	400	399	373	328	271	218	198	223	277	334	378	102	103	199	296	375	425	442	425	374	295	197	137	63	254	430	576	683	744	754	713	623	490	325	821	771	662	511	366	324	430	585	719	803	487	460	390	293	212	218	305	400	466	335	495	624	705	732	702	618	487	325	171	178	390	337	270	209	184	217	283	348	397	423	420	103	350	565	724	814	823	752	607	403	160	434	267	94	192	374	506	565	539	808	775	683	540	364	197	201	370	546	687	778	784	826	778	646	458	277	287	472	659	136	212	501	719	828	812	673	433	113	148	379	566	685	722	673	542	347	165	222	290	343	373	372	342	287	218	164	358	228	79	76	225	356	458	523	545	523	460	475	679	781	763	630	401	112	198	689	789	838	833	771	660	508	330	169	197	370	544	836	737	602	465	384	425	551	692	806	872	883	670	689	627	491	299	100	199	406	571	367	525	639	694	682	608	477	308	149	194	651	794	817	717	508	225	116	410	441	209	65	310	524	677	747	729	622	190	352	499	614	689	718	698	633	525	383	222	93	249	201	208	264	333	391	430	441	424	380	317	748	665	546	411	297	279	375	509	635	729	783	789	496	414	289	147	122	259	392	483	520	
403	376	550	687	777	814	796	723	601	440	247	44	177	134	257	363	445	496	513	496	444	363	256	132	0	211	281	340	369	363	324	259	190	166	232	411	598	748	844	874	838	737	583	394	220	350	405	433	432	400	343	269	196	164	203	278	232	137	95	164	259	342	401	429	424	386	320	256	130	259	450	623	757	841	869	840	755	620	448	934	895	790	642	494	430	508	658	803	902	508	538	510	425	300	175	173	297	423	280	492	666	785	841	829	750	610	421	199	52	522	457	356	230	96	102	237	364	462	525	545	119	324	566	761	885	923	873	738	535	288	550	345	97	193	431	607	692	671	883	872	796	663	492	316	246	369	550	712	828	843	910	883	766	583	393	344	497	694	268	210	503	759	907	923	801	566	205	133	390	618	775	839	804	672	462	54	202	336	436	495	504	466	380	259	114	455	307	165	165	308	456	575	651	677	651	575	422	670	820	845	744	531	245	130	741	862	932	943	894	790	640	462	298	261	397	578	954	861	730	590	496	510	620	762	887	967	991	772	815	759	613	393	130	165	425	637	441	612	744	814	812	740	606	434	282	287	659	854	918	843	640	340	40	366	567	315	77	294	550	744	849	853	755	129	337	523	673	779	830	825	765	652	495	304	95	380	299	214	165	200	282	367	432	468	471	440	832	763	653	521	394	333	387	511	645	755	829	855	547	511	416	273	112	126	289	427	517	
520	381	584	762	893	967	979	925	812	649	450	255	208	78	86	218	342	442	513	549	548	510	436	335	211	0	183	345	464	528	529	465	345	184	275	368	557	738	874	947	951	885	754	577	386	271	406	508	569	584	552	475	359	216	55	115	437	345	225	88	60	199	323	422	485	510	493	466	305	304	464	656	823	944	1008	1009	945	824	658	1066	1050	964	823	669	571	599	730	885	1007	513	627	667	626	509	331	115	120	337	217	462	688	861	967	996	946	819	630	395	160	720	668	564	418	248	118	217	389	540	653	714	267	294	533	768	941	1029	1022	920	735	495	761	550	305	268	502	727	859	871	947	974	932	825	667	485	347	366	523	703	853	882	989	1001	915	749	551	430	510	704	469	272	478	770	977	1050	973	763	416	240	403	661	868	982	984	876	673	169	246	411	556	658	698	675	590	454	290	664	513	376	337	434	585	726	826	872	858	786	320	610	826	921	881	711	444	173	773	924	1027	1070	1049	967	831	659	483	378	432	594	1095	1021	898	757	641	612	688	823	961	1062	1110	887	977	954	823	602	338	218	442	698	536	709	865	965	989	935	812	642	480	428	629	892	1025	1007	839	551	218	293	775	526	270	294	557	801	959	1011	946	184	321	530	722	871	963	993	957	859	706	512	303	582	510	396	251	88	94	257	402	514	584	608	912	871	782	660	525	418	401	485	618	746	847	905	593	630	591	481	312	106	114	318	485	
411	214	418	608	762	866	913	898	823	695	520	319	139	193	108	92	170	259	336	394	425	428	404	353	281	183	0	183	344	464	528	528	463	345	165	186	374	556	700	789	816	780	681	531	346	88	235	368	473	538	561	539	473	369	236	89	445	411	346	255	150	75	141	247	340	407	443	489	298	182	295	486	663	803	892	923	893	805	667	943	949	885	761	606	477	463	576	732	865	338	489	584	609	562	449	285	108	157	47	281	514	706	842	909	903	824	678	478	241	689	681	620	510	361	191	87	232	400	542	640	253	123	350	589	776	888	915	854	711	501	782	613	372	191	361	604	777	840	784	831	815	736	604	432	256	198	341	522	677	711	832	869	811	671	477	309	338	526	465	180	297	592	817	923	892	730	461	208	238	495	722	869	916	855	696	228	154	284	446	579	661	682	639	538	392	711	574	422	315	345	479	631	754	829	848	808	147	429	646	765	767	652	439	158	601	761	879	943	948	893	783	629	450	292	276	421	980	924	816	678	546	482	534	661	802	914	977	756	885	910	829	651	404	159	276	540	407	571	738	861	914	892	797	644	469	354	446	720	885	916	808	576	260	110	773	562	295	142	382	637	823	914	896	165	153	356	557	724	843	906	908	849	733	569	371	569	554	495	397	268	127	87	221	357	466	539	758	735	665	558	427	298	237	304	435	565	670	737	432	512	533	492	393	251	105	149	303	
253	37	239	425	582	699	769	786	749	663	529	361	168	321	286	243	199	172	176	210	255	297	328	343	340	345	183	0	183	345	465	529	528	465	110	96	260	411	530	607	635	612	539	424	275	135	66	189	322	430	505	540	531	480	391	272	403	433	430	394	327	238	140	89	158	256	341	455	280	89	120	311	482	620	717	764	760	704	600	764	782	733	624	476	329	284	393	549	682	173	308	437	521	548	513	422	291	162	137	154	345	523	663	751	778	744	650	506	325	583	618	605	543	436	294	129	50	220	375	499	247	63	227	431	597	705	745	711	610	449	721	606	403	155	181	429	624	726	604	648	640	580	474	328	157	28	210	375	510	538	650	687	643	524	347	152	167	365	407	135	163	432	636	743	737	620	454	212	58	317	539	696	770	751	641	301	138	125	285	438	551	612	615	559	450	680	567	422	275	218	320	473	609	707	754	745	187	337	490	582	595	523	385	221	429	581	695	763	780	744	658	528	365	185	93	252	805	759	663	531	391	306	350	480	620	730	795	575	724	784	751	627	428	176	98	358	234	390	560	692	763	766	700	573	404	243	319	547	702	755	695	534	303	126	690	532	309	52	218	457	641	749	765	217	35	190	378	541	667	747	778	755	681	560	402	489	533	535	496	418	309	185	99	174	298	408	575	553	492	398	279	144	56	171	304	419	507	560	251	343	414	445	432	375	288	200	179	
70	179	212	318	429	522	586	613	602	555	473	368	256	414	430	419	380	317	236	146	83	129	218	302	369	464	344	183	0	183	345	465	528	528	191	267	358	436	488	505	487	436	356	265	191	316	189	72	139	270	387	474	523	532	498	424	315	405	463	484	466	410	322	209	83	75	199	366	254	165	178	277	388	482	549	583	579	538	466	604	605	550	443	298	146	140	289	435	545	223	170	254	373	467	515	508	446	343	298	274	326	416	504	569	600	592	547	472	380	417	486	517	508	459	374	264	143	95	197	317	251	241	323	429	517	567	571	528	447	342	584	526	390	199	74	264	441	554	514	513	472	398	297	186	125	192	302	402	476	482	542	537	467	341	175	35	204	365	301	193	270	421	538	586	554	451	393	246	165	264	410	526	587	583	514	353	218	61	103	256	384	474	519	511	455	572	491	373	227	82	137	291	426	530	592	606	369	442	483	476	424	346	287	298	387	494	569	607	604	560	480	369	237	109	124	256	638	581	480	348	208	148	252	394	518	604	646	423	543	605	600	528	402	248	163	270	73	248	401	516	580	588	538	435	290	119	388	492	563	574	524	427	330	309	537	437	305	206	248	377	496	570	585	289	217	228	312	413	502	566	598	593	553	483	389	351	447	510	534	516	458	366	250	134	123	233	463	407	323	216	99	47	162	276	371	441	482	490	196	169	246	345	420	454	441	383	291	
