NAME:	i-030-04-08
TYPE:	GVRPTW
DIMENSION:	188
VEHICLES:	4
CAPACITY:	100
TIME_HORIZON:	1645
NUM_CUSTOMERS:	31
NODE_COORD_SECTION
1	508	970
2	80	752
3	80	365
4	467	365
5	467	752
6	19	368
7	93	106
8	344	0
9	583	130
10	631	399
11	450	603
12	178	589
13	77	365
14	531	163
15	864	532
16	616	963
17	129	860
18	666	535
19	469	409
20	445	177
21	612	14
22	844	42
23	966	241
24	887	461
25	729	945
26	266	929
27	48	519
28	294	126
29	757	142
30	975	552
31	56	376
32	327	205
33	630	310
34	737	613
35	567	885
36	248	922
37	21	696
38	695	253
39	671	696
40	242	811
41	0	439
42	280	93
43	766	896
44	383	911
45	133	622
46	203	246
47	541	66
48	892	218
49	992	587
50	188	323
51	455	380
52	540	639
53	357	842
54	90	785
55	5	526
56	386	590
57	318	298
58	502	63
59	802	61
60	990	293
61	926	586
62	657	717
63	424	996
64	163	896
65	119	619
66	337	443
67	598	543
68	642	820
69	504	844
70	139	504
71	350	53
72	845	113
73	940	603
74	701	46
75	972	376
76	882	793
77	500	983
78	113	803
79	13	388
80	275	51
81	539	858
82	274	988
83	29	823
84	50	529
85	315	399
86	560	564
87	31	752
88	94	394
89	454	344
90	613	670
91	352	922
92	720	43
93	865	263
94	783	514
95	535	606
96	309	470
97	275	209
98	457	19
99	980	592
100	974	819
101	810	975
102	583	969
103	427	805
104	433	578
105	597	422
106	824	428
107	114	855
108	12	550
109	155	263
110	460	161
111	747	304
112	849	609
113	706	896
114	401	998
115	745	844
116	466	781
117	342	524
118	465	267
119	743	203
120	967	380
121	967	666
122	671	283
123	815	726
124	438	1000
125	62	726
126	206	283
127	559	655
128	148	662
129	15	274
130	342	28
131	678	263
132	811	93
133	978	237
134	970	457
135	793	588
136	580	531
137	492	329
138	595	134
139	134	250
140	442	177
141	690	372
142	693	688
143	447	887
144	139	819
145	0	535
146	15	409
147	120	87
148	451	16
149	678	268
150	573	590
151	242	661
152	657	421
153	454	525
154	245	432
155	189	211
156	326	29
157	554	23
158	701	197
159	34	333
160	354	101
161	716	262
162	757	656
163	437	888
164	75	727
165	205	712
166	166	277
167	524	26
168	920	211
169	959	646
170	601	897
171	244	828
172	19	597
173	59	277
174	334	108
175	638	219
176	741	525
177	565	796
178	59	561
179	308	466
180	516	634
181	474	898
182	225	993
183	17	825
184	106	310
185	461	1
186	864	243
187	758	701
188	289	742
EDGE_WEIGHT_SECTION
0	480	741	606	222	776	958	984	843	584	372	504	743	807	564	108	395	463	562	795	962	987	861	635	222	245	644	871	865	627	746	786	671	424	103	264	559	741	319	310	735	906	268	138	512	786	905	844	617	722	592	333	198	457	671	399	698	907	955	831	568	294	88	353	524	554	436	201	126	594	931	921	567	944	754	414	15	429	764	948	116	235	501	636	603	409	524	709	628	318	163	951	792	533	365	538	796	952	605	490	302	75	184	399	555	627	410	650	790	810	708	497	211	111	268	194	476	704	802	748	551	706	392	76	508	750	319	474	853	957	727	928	871	690	477	445	641	841	811	796	625	337	103	399	669	747	964	956	722	386	408	569	448	599	823	958	948	797	794	883	738	401	108	497	398	773	944	864	555	118	300	615	826	879	762	502	183	607	542	336	80	284	512	773	970	809	367	316	
480	0	387	547	387	389	646	797	800	654	399	190	387	742	814	576	119	625	519	681	910	1043	1023	858	677	257	235	662	911	917	377	600	706	672	505	239	81	792	594	172	323	689	701	342	140	521	827	972	927	442	528	474	291	34	238	346	513	808	999	1019	862	578	422	166	139	402	559	566	434	255	749	997	873	940	968	803	479	61	370	728	471	306	87	225	424	516	49	358	553	539	321	955	925	742	478	363	577	824	914	897	763	548	351	394	613	811	108	213	495	703	803	782	642	404	671	387	347	619	861	962	891	754	735	436	32	486	489	113	482	770	772	984	1035	938	732	547	590	804	505	679	719	616	391	89	231	349	666	824	769	519	186	665	437	360	552	764	870	833	422	706	803	684	382	25	131	483	851	999	885	541	181	167	475	692	772	699	487	192	366	452	420	281	96	443	842	935	680	209	
741	387	0	387	547	61	259	450	555	552	440	244	3	494	802	803	497	610	391	411	637	829	895	813	870	594	157	321	713	914	26	294	553	702	712	582	336	625	677	475	109	338	868	624	262	171	549	825	939	116	375	535	552	420	178	380	247	519	783	913	874	676	719	537	257	269	548	723	640	151	413	805	892	698	892	909	747	439	71	370	674	653	461	167	237	520	390	32	375	614	620	716	792	719	515	252	250	512	928	1003	951	786	560	412	520	747	491	197	127	431	670	807	821	710	820	567	306	397	683	887	937	597	819	729	361	150	560	305	112	427	607	780	907	895	747	527	414	564	127	408	610	693	638	458	188	78	281	509	606	542	337	580	407	178	189	416	584	643	56	380	644	737	633	362	369	123	559	854	923	745	491	240	90	361	577	680	649	197	249	512	663	645	464	61	527	793	757	431	
606	547	387	0	387	448	455	385	262	167	239	366	390	212	431	616	599	262	44	189	380	496	514	431	636	599	446	295	366	541	411	213	172	367	530	599	555	254	389	500	473	330	609	552	421	290	308	450	570	282	19	284	490	564	489	239	163	304	452	528	509	400	632	612	431	152	221	487	480	356	333	454	530	396	505	596	619	563	455	368	498	652	634	448	156	220	583	374	25	338	569	410	411	349	250	190	247	346	561	681	700	615	442	216	142	363	604	491	328	204	287	453	582	636	554	416	202	98	320	500	584	220	501	636	543	274	304	436	461	359	234	439	527	511	395	201	44	264	352	190	223	394	522	560	497	454	445	349	232	249	372	198	161	232	318	364	353	288	434	287	269	411	524	534	435	314	344	478	567	549	514	505	417	289	225	317	442	453	188	273	533	673	644	365	364	415	444	417	
222	387	547	387	0	590	746	762	633	389	150	332	549	592	454	258	355	294	343	575	752	804	714	511	325	268	479	649	675	546	557	565	471	304	166	277	450	549	212	233	562	685	332	180	358	571	690	682	550	512	372	135	142	378	514	181	478	690	768	696	488	193	248	336	373	335	247	188	99	411	709	742	496	744	630	417	233	358	582	727	128	305	444	473	384	210	436	517	408	167	205	753	630	396	161	323	576	733	537	511	409	246	66	177	355	482	368	498	580	591	528	408	279	255	293	29	260	485	614	623	507	511	349	250	406	537	134	331	658	735	533	743	725	583	365	248	424	631	602	576	441	235	136	335	515	567	750	736	528	194	243	382	227	389	608	737	734	602	603	661	550	305	139	393	265	562	728	706	503	197	236	474	626	658	560	356	107	450	327	128	146	342	456	571	751	646	295	178	
776	389	61	448	590	0	272	491	612	613	491	272	58	552	861	843	504	668	452	467	691	887	955	873	915	613	154	366	772	974	38	348	614	759	753	599	328	686	730	496	73	379	915	654	278	221	603	886	997	175	436	587	582	423	159	429	307	571	841	974	933	727	747	547	270	327	605	770	680	181	457	864	951	754	953	962	781	445	21	407	714	670	455	164	298	575	384	79	436	666	646	773	852	778	568	307	301	560	987	1056	997	824	598	464	581	807	496	182	172	487	731	864	866	737	868	609	359	457	743	948	994	658	873	758	361	205	612	321	94	469	667	838	968	955	805	584	475	622	165	464	671	746	673	467	168	41	299	557	667	597	368	640	462	235	231	457	637	703	38	428	705	792	667	363	391	173	610	915	980	786	512	229	99	408	637	739	694	197	305	564	699	658	457	105	575	854	811	461	
958	646	259	455	746	272	0	272	491	613	612	490	259	442	881	1004	755	716	483	359	527	754	883	870	1053	841	415	202	665	988	273	254	574	820	912	831	594	620	826	721	346	187	1038	856	518	178	450	807	1020	237	454	696	782	679	429	566	296	411	710	916	961	832	950	793	514	416	668	901	845	401	262	752	982	611	920	1046	967	697	293	190	874	900	720	425	368	654	649	288	432	767	856	630	788	802	667	423	209	374	1011	1133	1127	992	775	582	595	799	749	451	169	371	683	908	1000	944	985	771	487	405	657	916	1038	604	952	958	621	210	720	559	185	261	606	718	895	945	850	646	457	503	150	356	654	836	857	714	439	313	33	369	607	682	575	646	553	360	142	245	468	615	235	261	642	862	854	621	616	186	438	834	1021	940	738	497	174	241	557	772	836	456	419	677	879	897	723	204	383	783	892	666	
984	797	450	385	762	491	272	0	272	491	612	612	452	248	744	1001	886	624	428	204	268	502	667	712	1020	932	597	136	437	838	474	206	422	728	913	927	767	433	769	817	558	113	990	912	657	284	208	590	874	359	396	668	842	825	626	591	299	170	462	709	826	782	999	914	659	443	599	872	859	544	53	514	848	360	732	958	995	836	510	86	880	990	881	605	400	604	815	467	361	722	922	378	584	676	635	471	220	115	869	1033	1081	998	809	585	492	643	885	642	324	198	505	791	966	1000	934	790	524	293	448	730	912	432	865	1004	779	315	689	690	428	28	425	476	677	775	740	581	361	285	326	202	508	771	893	844	636	525	240	108	428	633	669	525	536	443	262	34	211	408	455	101	455	775	893	775	725	329	182	613	892	933	834	680	397	108	367	658	826	629	467	657	907	1000	887	391	117	574	814	744	
843	800	555	262	633	612	491	272	0	273	491	612	558	62	490	834	860	413	301	146	120	275	399	449	828	860	661	289	174	576	582	267	186	507	755	860	798	166	573	762	660	305	788	806	667	397	77	321	613	440	281	511	747	820	701	500	314	105	230	438	571	592	880	874	674	398	413	693	718	581	245	263	593	145	460	727	857	821	626	318	729	912	887	666	380	435	832	556	250	541	825	162	312	433	478	437	318	168	609	792	875	839	693	472	292	383	863	709	448	127	239	548	776	887	732	661	462	181	176	458	659	177	640	882	792	407	526	687	586	262	163	231	409	507	504	401	219	13	465	149	265	569	769	820	710	633	465	174	168	460	631	300	416	453	402	276	111	136	585	231	187	554	772	784	694	442	120	347	638	767	776	732	544	250	105	425	666	678	434	508	776	934	896	510	178	303	597	679	
584	654	552	167	389	613	613	491	273	0	273	491	555	256	268	564	682	140	162	290	385	416	370	263	555	644	595	434	286	376	575	361	89	239	490	648	678	159	300	567	632	466	515	569	546	455	345	318	407	449	177	257	521	665	639	311	329	360	379	374	349	319	632	683	557	297	148	421	463	503	446	357	370	360	342	467	599	657	618	498	468	689	736	595	316	180	696	537	185	272	593	367	271	191	228	330	404	418	399	542	603	572	454	267	41	195	689	637	495	293	150	303	503	642	459	416	315	212	226	337	429	123	375	631	656	441	266	550	629	470	144	355	383	344	249	142	156	267	519	292	65	296	522	647	645	616	599	423	139	200	469	34	217	387	480	480	384	214	601	407	161	286	526	646	529	481	388	345	411	499	578	643	585	416	180	167	402	594	330	262	523	719	747	532	433	280	328	484	
372	399	440	239	150	491	612	612	491	273	0	272	442	447	420	396	411	226	195	426	611	686	630	459	441	374	411	502	554	527	455	417	344	287	305	378	439	427	240	294	479	538	431	315	318	434	545	586	542	383	223	97	256	403	452	65	332	542	646	623	476	236	394	410	331	196	160	290	247	326	559	629	490	611	569	472	383	392	487	579	270	423	475	407	245	117	445	413	259	176	334	622	536	345	85	194	431	584	530	567	518	389	203	30	233	413	420	441	450	442	421	399	389	398	381	179	134	336	496	563	521	389	385	397	407	402	121	308	545	585	409	625	642	540	343	149	277	491	474	426	333	257	284	379	455	476	612	587	405	124	216	276	78	267	471	587	589	477	496	511	432	312	285	395	268	432	582	612	511	331	305	431	509	508	428	301	225	393	197	73	296	450	487	452	602	549	323	213	
504	190	244	366	332	272	490	612	612	491	272	0	246	553	688	576	275	491	342	491	720	862	861	720	656	351	148	477	731	798	245	412	531	560	489	340	190	617	504	231	233	506	663	382	56	344	637	805	814	266	347	365	310	215	184	208	323	618	817	864	748	496	476	307	66	216	423	518	414	94	563	819	762	754	822	733	509	224	260	547	450	410	277	141	234	383	219	212	369	442	376	769	760	610	357	177	392	635	802	829	741	555	330	255	451	666	274	171	327	513	636	671	611	466	622	346	176	431	684	816	793	580	652	486	180	307	387	79	355	584	597	804	874	803	615	406	408	617	342	489	556	524	401	233	186	243	505	635	594	395	96	508	283	171	378	579	680	654	294	519	630	583	396	172	126	312	661	833	783	523	248	159	334	506	590	567	439	122	179	341	428	407	286	288	653	768	591	189	
743	387	3	390	549	58	259	452	558	555	442	246	0	497	805	805	498	613	394	413	640	832	898	816	873	595	157	323	716	917	24	297	556	705	714	583	336	628	680	476	107	339	870	626	263	173	552	828	942	119	378	538	553	420	176	382	250	521	786	916	877	678	720	538	257	271	551	725	642	152	415	808	895	701	895	912	749	439	68	371	676	653	461	166	240	522	390	34	378	617	621	719	795	722	518	255	252	514	931	1005	954	788	562	415	523	750	491	196	128	434	673	810	823	711	822	570	309	400	685	890	940	600	822	730	361	153	563	305	110	429	610	783	910	898	750	530	417	567	128	411	613	696	640	458	187	76	281	512	609	545	339	583	410	181	190	418	587	646	54	383	647	740	635	362	370	125	561	857	926	747	492	239	90	363	580	683	651	197	252	515	665	645	464	62	529	796	759	433	
807	742	494	212	592	552	442	248	62	256	447	553	497	0	497	805	805	396	254	87	170	336	442	464	807	811	600	240	227	590	521	208	177	495	723	810	738	187	551	710	598	261	770	763	608	338	98	365	626	378	230	476	701	762	639	451	252	104	290	477	579	568	840	820	615	341	386	666	682	520	212	318	601	206	490	721	821	764	565	279	695	864	829	604	320	402	773	494	197	514	780	224	349	432	443	379	260	162	621	792	859	808	650	426	267	395	808	647	389	71	258	548	754	845	714	621	407	123	216	487	666	184	631	842	733	346	493	629	528	232	178	289	453	528	499	371	171	70	406	90	263	549	729	764	648	572	418	167	181	429	576	287	370	393	345	245	142	173	525	188	210	542	731	725	638	382	137	392	645	737	724	671	486	205	121	419	634	617	376	471	737	885	838	450	176	342	584	628	
564	814	802	431	454	861	881	744	490	268	420	688	805	497	0	497	805	198	414	549	576	490	308	75	435	718	816	700	404	113	823	629	323	151	461	729	859	326	253	682	869	731	377	612	737	720	567	315	139	708	436	341	594	814	859	482	594	592	475	270	82	278	639	790	750	534	266	364	476	726	703	419	104	513	190	262	580	798	863	760	460	746	884	814	565	306	862	782	451	286	644	510	269	83	337	558	672	655	131	307	446	520	515	433	289	111	817	852	758	549	256	78	397	657	334	469	522	479	351	184	169	315	200	633	825	704	329	728	887	726	327	442	316	130	90	284	424	480	783	551	236	231	548	780	864	858	867	661	323	297	635	235	410	627	747	737	596	373	854	668	308	164	556	813	683	743	610	326	148	450	687	847	844	679	386	123	399	806	560	363	535	788	896	790	667	289	199	612	
108	576	803	616	258	843	1004	1001	834	564	396	576	805	805	497	0	498	431	573	804	949	949	802	570	114	352	721	897	833	546	811	811	653	370	92	370	652	714	273	404	809	933	164	239	591	827	900	794	532	770	605	333	286	555	751	438	729	907	921	767	488	249	195	458	604	590	420	145	163	662	948	880	484	921	687	316	118	528	833	974	130	343	603	713	639	403	622	772	640	293	267	926	743	479	366	581	828	957	520	386	194	34	246	426	541	574	513	732	838	817	672	424	112	218	176	236	517	712	771	681	460	682	309	182	603	794	313	556	914	974	703	892	811	618	415	433	646	829	861	805	596	286	185	498	750	817	1007	961	698	375	481	544	467	648	865	978	942	771	858	901	708	338	194	590	482	820	942	811	467	68	396	700	884	900	744	455	175	687	585	344	156	392	615	829	974	762	298	395	
395	119	497	599	355	504	755	886	860	682	411	275	498	805	805	498	0	628	565	753	974	1086	1041	857	606	153	350	752	954	900	489	684	744	656	439	134	196	830	566	123	440	782	638	259	238	618	895	997	905	540	580	467	229	85	356	373	593	880	1045	1031	843	547	325	50	241	466	566	515	375	356	837	1035	851	995	972	756	391	59	486	822	410	193	107	340	497	523	146	467	610	520	231	1008	948	740	479	430	667	903	892	846	691	467	303	415	641	818	16	331	598	773	831	762	578	305	616	346	398	682	899	966	860	792	699	339	150	582	476	199	597	859	811	1026	1053	933	718	558	643	863	610	751	744	590	319	42	350	465	773	903	807	520	229	687	467	443	652	854	939	876	535	792	838	660	309	144	166	584	923	1023	857	473	119	285	587	779	819	698	441	307	433	448	347	164	117	550	921	960	649	199	
463	625	610	262	294	668	716	624	413	140	226	491	613	396	198	431	628	0	234	421	524	524	420	233	415	561	618	553	403	309	630	473	228	105	364	570	665	283	161	506	673	587	375	471	540	546	485	389	330	523	262	163	436	628	661	285	421	500	493	404	265	182	521	619	553	342	68	286	349	528	576	458	282	490	345	336	478	615	669	622	347	599	699	616	376	110	671	589	285	145	498	495	337	119	149	363	509	557	319	419	463	442	361	237	132	191	638	654	579	427	245	197	363	533	319	317	324	335	341	339	328	252	242	518	633	525	161	533	701	602	272	465	431	314	138	86	270	407	604	422	165	155	415	599	666	663	706	562	267	108	442	114	212	433	577	610	524	340	663	535	278	151	421	621	494	563	528	412	313	368	514	650	660	541	317	76	280	608	365	180	411	636	711	604	572	353	190	430	
562	519	391	44	343	452	483	428	301	162	195	342	394	254	414	573	565	234	0	233	420	525	525	421	596	558	435	333	393	526	414	249	189	337	486	559	532	275	351	462	470	368	570	509	398	312	350	464	552	294	32	241	447	534	479	199	187	348	482	534	490	361	589	575	408	136	186	446	436	343	375	479	509	431	504	564	575	531	456	407	454	611	604	436	154	180	556	375	67	298	526	444	422	331	208	171	279	390	543	650	661	571	398	173	129	356	570	478	346	248	297	429	542	593	515	372	171	142	343	499	560	238	469	592	516	292	262	409	474	402	255	466	537	503	370	165	83	302	371	234	224	358	479	526	486	454	475	393	252	209	339	188	117	225	343	406	395	314	442	329	287	379	480	506	402	331	387	493	544	506	476	488	431	330	254	296	399	437	171	230	489	633	614	376	408	428	411	379	
795	681	411	189	575	467	359	204	146	290	426	491	413	87	549	804	753	421	233	0	233	421	525	525	819	773	524	159	314	649	437	121	228	525	718	771	670	261	566	666	516	185	787	737	543	252	147	449	684	296	203	472	671	704	562	417	175	127	375	557	631	580	819	772	549	287	397	673	670	448	156	405	653	288	563	755	808	709	481	212	687	829	768	529	257	404	709	413	167	521	751	306	429	477	438	323	173	158	677	832	878	804	628	401	288	455	754	572	302	22	328	591	765	822	731	604	362	92	299	560	715	250	662	823	669	261	491	569	441	181	248	376	536	595	539	379	159	156	319	3	313	568	710	711	571	489	337	161	250	432	525	323	348	324	258	190	189	257	440	119	284	572	711	663	586	296	170	476	696	737	681	598	399	131	198	457	631	544	320	462	722	845	777	364	177	424	610	586	
962	910	637	380	752	691	527	268	120	385	611	720	640	170	576	949	974	524	420	233	0	234	421	525	938	978	757	337	193	649	663	343	297	612	872	978	902	253	685	879	745	341	895	926	774	470	88	346	688	525	398	629	866	931	794	619	409	120	196	470	653	704	1000	990	780	510	529	807	837	681	265	253	674	95	511	824	975	934	706	339	847	1031	997	762	486	552	939	642	366	656	944	112	355	528	597	547	389	155	685	883	981	955	812	592	408	465	977	805	520	211	320	640	887	1006	841	781	577	293	230	510	742	275	740	1001	900	487	643	797	651	270	258	214	429	570	602	518	337	121	533	236	366	679	888	934	804	716	497	161	262	577	745	409	535	556	467	286	59	203	660	272	269	658	891	893	808	518	89	366	721	883	893	832	612	293	207	527	783	778	545	627	895	1053	1006	586	152	341	702	796	
987	1043	829	496	804	887	754	502	275	416	686	862	832	336	490	949	1086	524	525	421	234	0	233	421	910	1059	928	556	133	527	856	542	343	581	887	1063	1051	258	676	977	933	566	858	984	918	673	304	182	565	714	515	670	937	1059	969	714	585	343	46	290	550	700	1042	1092	927	646	558	804	871	843	494	71	569	143	358	752	1002	1055	900	569	871	1104	1129	931	638	594	1079	828	493	669	1008	124	222	476	643	685	593	388	567	788	934	963	870	675	453	387	1093	975	724	402	279	567	865	1054	808	830	696	441	190	360	636	297	685	1040	1039	682	676	932	861	502	276	61	237	434	548	556	454	265	740	424	364	663	934	1049	977	907	725	394	280	611	863	423	621	715	676	518	291	211	861	494	255	620	939	1030	926	718	320	185	615	889	989	994	819	514	272	494	804	941	683	677	933	1135	1139	785	385	202	665	893	
861	1023	895	514	714	955	883	667	399	370	630	861	898	442	308	802	1041	420	525	525	421	233	0	234	743	982	959	682	231	311	920	640	343	437	758	990	1049	271	542	921	986	702	685	888	916	763	460	77	347	782	530	583	856	1031	1002	677	651	497	244	57	347	568	929	1036	928	661	476	663	760	868	644	176	363	329	135	558	876	1021	964	717	750	1018	1103	960	670	519	1066	885	522	556	917	316	103	329	565	696	692	555	351	578	750	823	780	631	411	235	1050	1003	811	512	228	386	705	945	642	736	685	502	226	139	425	298	508	925	1026	761	581	920	952	659	289	214	13	216	388	483	482	386	832	528	306	524	829	1009	1010	966	860	562	289	526	837	358	585	746	778	674	466	269	937	628	251	465	836	1015	895	801	492	55	405	751	931	1012	908	646	329	362	685	962	695	597	821	1056	1114	863	559	102	505	842	
635	858	813	431	511	873	870	712	449	263	459	720	816	464	75	570	857	233	421	525	525	421	234	0	509	778	841	681	344	127	835	616	298	214	531	788	897	283	319	734	887	710	452	676	771	717	525	243	164	712	440	390	653	860	884	517	592	554	409	197	131	344	708	845	784	550	300	435	542	749	674	351	152	455	120	332	650	846	877	737	528	808	931	840	575	343	904	796	449	345	706	450	199	117	381	578	662	617	161	368	520	592	574	469	293	71	868	880	758	522	210	153	471	724	408	529	549	464	295	114	220	280	275	702	867	704	381	766	892	696	288	376	242	83	158	315	416	438	782	528	216	299	612	829	890	874	853	623	284	339	675	233	438	643	741	708	550	323	863	643	262	234	620	854	727	744	567	252	199	521	740	879	848	656	347	159	465	834	579	409	601	849	943	795	627	219	272	661	
222	677	870	636	325	915	1053	1020	828	555	441	656	873	807	435	114	606	415	596	819	938	910	743	509	0	463	803	927	803	464	881	842	643	332	173	482	751	693	256	505	887	963	61	348	678	875	899	745	444	824	628	360	386	659	837	494	767	911	887	702	409	239	309	568	692	637	423	152	247	737	969	840	402	899	619	216	232	632	907	1003	209	457	711	796	685	417	724	841	661	298	378	902	695	434	391	634	865	965	433	276	86	148	333	471	539	526	622	819	891	829	641	357	54	332	102	310	572	728	742	613	367	665	235	296	702	844	336	646	980	995	684	856	751	544	363	440	660	822	915	820	574	260	288	603	836	893	1052	970	679	388	564	529	502	705	911	1001	938	749	926	924	683	290	298	689	573	874	942	758	377	137	499	791	946	926	732	420	222	772	638	377	259	506	722	890	981	715	246	485	
245	257	594	599	268	613	841	932	860	644	374	351	595	811	718	352	153	561	558	773	978	1059	982	778	463	0	464	803	928	803	592	727	718	567	304	19	338	801	467	120	558	836	501	118	335	686	906	947	803	611	581	399	126	227	480	360	633	898	1020	964	744	445	172	108	343	491	509	391	253	444	880	1001	749	984	897	631	240	198	597	878	282	60	260	455	532	469	294	562	614	433	86	996	896	663	420	461	720	930	790	716	546	320	203	389	605	750	169	456	675	792	789	665	441	152	486	249	412	691	869	890	749	762	585	186	288	649	401	292	701	904	783	998	993	848	628	507	641	860	692	772	700	490	186	168	475	577	855	932	779	457	269	641	446	497	722	902	951	851	640	833	805	562	176	278	225	660	939	971	749	337	103	414	684	824	802	624	327	422	465	387	210	76	270	639	948	910	542	188	
644	235	157	446	479	154	415	597	661	595	411	148	157	600	816	721	350	618	435	524	757	928	959	841	803	464	0	464	803	928	143	420	618	695	635	450	179	700	648	351	93	485	811	516	134	314	670	896	946	241	430	506	447	269	44	345	349	643	882	969	881	640	607	394	123	299	551	666	560	92	555	894	896	806	935	878	648	291	136	520	597	521	305	10	293	514	234	133	442	585	505	824	856	735	495	266	384	646	935	973	888	699	475	389	558	781	342	48	277	546	731	806	758	595	769	493	294	487	763	929	931	666	794	619	207	284	529	174	247	572	680	874	972	924	748	532	483	669	282	522	659	667	543	313	51	115	438	645	678	530	240	617	406	215	339	563	709	728	187	518	716	722	536	210	249	269	685	925	920	670	366	83	242	501	662	693	587	43	265	482	570	506	308	217	662	861	733	328	
871	662	321	295	649	366	202	136	289	434	502	477	323	240	700	897	752	553	333	159	337	556	682	681	927	803	464	0	463	803	345	86	383	658	807	797	632	421	683	687	429	36	903	790	521	151	254	605	836	224	301	569	719	690	493	473	174	217	512	716	782	694	880	781	523	320	516	776	748	409	92	551	803	415	723	889	881	701	384	77	772	862	746	471	274	512	679	334	270	631	798	434	587	624	537	344	85	195	829	971	994	891	692	473	424	610	751	509	195	170	487	736	873	879	848	677	401	222	456	719	863	408	795	886	643	180	592	556	316	109	408	518	693	753	680	496	284	301	202	157	466	689	776	710	504	397	178	192	409	541	538	468	430	310	135	102	280	413	332	65	443	704	775	640	593	198	251	632	844	830	704	545	279	44	356	599	723	494	340	554	793	870	752	263	209	582	739	616	
865	911	713	366	675	772	665	437	174	286	554	731	716	227	404	833	954	403	393	314	193	133	231	344	803	928	803	463	0	464	739	435	211	471	767	931	921	127	561	844	813	480	754	855	787	564	229	155	503	597	385	542	806	926	844	582	466	267	93	278	475	584	917	960	797	517	431	688	746	716	417	93	496	111	318	663	879	923	784	491	748	974	997	806	511	466	948	709	364	547	879	106	162	373	514	555	487	324	502	711	835	845	741	543	322	294	960	849	614	298	162	476	756	927	702	702	564	318	63	317	565	165	587	915	908	569	550	801	754	430	145	73	241	380	447	427	324	162	632	317	240	550	807	917	853	789	639	331	149	484	731	296	488	588	572	446	235	78	748	405	127	514	812	899	793	606	260	177	543	771	857	867	711	424	142	383	682	814	554	548	807	1004	1007	672	328	147	559	761	
627	917	914	541	546	974	988	838	576	376	527	798	917	590	113	546	900	309	526	649	649	527	311	127	464	803	928	803	464	0	936	735	421	246	527	816	965	410	336	777	982	833	403	692	845	830	652	344	39	820	548	444	683	915	970	590	704	680	521	259	60	358	708	882	859	647	377	427	554	837	800	458	62	575	176	258	641	898	976	861	533	826	984	925	678	415	965	895	561	381	725	569	309	196	443	671	780	743	40	267	454	572	604	543	400	195	913	963	869	647	337	138	437	727	372	558	634	584	419	172	114	406	236	699	929	815	429	834	999	822	414	487	315	95	186	396	532	565	894	652	337	313	625	878	975	971	973	750	411	404	741	344	522	740	857	834	676	448	966	767	389	242	634	917	786	854	693	345	95	509	781	957	956	780	474	236	477	916	673	466	609	870	996	902	754	328	263	712	
746	377	26	411	557	38	273	474	582	575	455	245	24	521	823	811	489	630	414	437	663	856	920	835	881	592	143	345	739	936	0	320	578	721	721	579	322	651	693	473	84	361	880	627	258	196	576	851	959	142	399	551	555	410	158	393	273	545	810	938	895	691	721	531	251	289	567	735	648	153	437	832	913	725	916	925	752	431	45	392	682	650	448	153	260	538	377	42	399	630	621	743	817	740	531	270	275	537	949	1019	963	793	567	428	543	770	482	179	150	458	695	827	832	711	833	576	322	423	708	911	956	622	836	732	350	176	575	300	110	450	632	806	932	918	767	546	439	591	148	434	634	709	643	451	169	53	296	534	631	560	340	603	425	197	212	440	610	669	48	405	670	755	638	352	368	148	584	880	943	754	490	224	99	386	603	701	660	185	268	527	669	640	451	83	552	819	774	434	
786	600	294	213	565	348	254	206	267	361	417	412	297	208	629	811	684	473	249	121	343	542	640	616	842	727	420	86	435	735	320	0	321	578	721	721	579	371	600	612	402	121	819	708	460	131	255	565	767	182	217	483	638	627	455	389	93	225	496	669	710	609	797	710	463	238	433	691	663	353	154	526	731	406	667	809	797	635	363	163	687	785	686	426	194	428	622	300	188	546	717	425	541	551	452	266	52	227	759	892	909	806	608	388	346	545	684	467	182	140	432	660	788	796	764	593	319	151	416	663	789	353	714	803	585	144	506	491	320	178	356	497	652	691	603	413	206	277	198	118	400	606	692	642	465	373	238	226	357	457	464	394	344	241	138	176	291	374	320	107	393	623	692	580	521	176	266	593	771	744	629	499	278	97	311	523	637	446	262	469	708	795	693	245	244	538	657	538	
671	706	553	172	471	614	574	422	186	89	344	531	556	177	323	653	744	228	189	228	297	343	343	298	643	718	618	383	211	421	578	321	0	321	578	721	721	86	388	634	643	412	602	650	587	432	260	278	456	442	188	341	598	719	661	371	312	278	303	360	405	408	716	749	597	322	235	510	549	528	380	292	427	273	348	545	685	714	622	439	556	766	790	620	327	263	744	543	179	360	672	282	240	255	311	359	369	339	449	614	689	661	535	333	117	227	751	663	477	226	117	371	591	725	546	499	359	171	156	344	490	49	455	716	704	425	352	597	616	403	67	283	356	370	322	227	139	179	500	230	86	383	605	707	669	623	557	344	64	286	523	114	278	404	452	414	297	133	596	346	98	369	609	694	585	465	303	306	470	588	646	675	572	358	91	242	490	624	358	343	608	794	801	524	352	243	411	550	
424	672	702	367	304	759	820	728	507	239	287	560	705	495	151	370	656	105	337	525	612	581	437	214	332	567	695	658	471	246	721	578	321	0	321	578	721	362	106	533	757	692	284	463	604	648	581	424	256	621	366	199	444	669	737	352	524	598	556	408	191	131	495	640	618	435	156	228	328	608	681	512	203	568	334	231	439	652	758	728	315	596	738	692	473	184	720	679	390	136	494	570	373	109	202	451	614	657	244	314	369	388	365	306	237	204	668	728	679	530	309	112	285	511	231	319	405	440	410	327	236	337	137	489	684	625	183	591	798	706	355	525	447	280	61	177	375	500	704	526	246	87	399	632	741	750	811	662	350	166	497	208	296	524	680	714	618	418	757	639	352	47	407	672	541	663	624	442	224	315	538	718	757	646	406	88	251	680	453	222	388	638	751	700	671	391	90	466	
103	505	712	530	166	753	912	913	755	490	305	489	714	723	461	92	439	364	486	718	872	887	758	531	173	304	635	807	767	527	721	721	578	321	0	321	578	645	216	333	721	842	199	186	507	735	819	742	519	678	517	247	214	487	667	346	638	825	857	728	467	191	181	404	521	498	343	99	75	573	860	821	468	850	650	328	119	461	744	884	39	311	542	628	547	321	552	682	553	220	218	856	690	429	281	489	736	873	506	412	259	86	161	335	464	524	454	648	746	732	608	395	139	201	183	145	425	626	704	644	456	611	295	173	529	702	230	475	823	886	632	829	767	588	373	354	561	752	769	719	528	234	120	433	666	729	915	877	627	295	395	473	377	556	773	889	862	701	767	812	641	298	130	517	401	728	860	761	459	36	328	619	792	811	670	400	89	603	493	256	94	359	553	737	890	707	265	313	
264	239	582	599	277	599	831	927	860	648	378	340	583	810	729	370	134	570	559	771	978	1063	990	788	482	19	450	797	931	816	579	721	721	578	321	0	320	805	480	111	543	830	519	135	321	677	905	954	816	602	580	407	135	209	465	360	628	896	1024	973	757	457	191	89	329	487	516	407	268	432	875	1005	762	986	907	647	259	180	583	871	298	71	240	440	527	475	276	550	614	444	104	998	903	673	427	456	714	927	803	733	564	338	214	391	610	759	150	441	666	790	794	678	459	171	503	260	409	690	873	900	763	766	600	205	270	640	410	279	689	899	787	1002	1001	859	639	513	641	861	682	770	706	503	202	150	460	563	845	928	783	465	261	647	447	490	713	896	950	855	627	828	809	574	192	261	214	650	938	978	763	354	94	398	672	819	804	633	341	407	460	393	227	75	251	628	945	917	556	185	
559	81	336	555	450	328	594	767	798	678	439	190	336	738	859	652	196	665	532	670	902	1051	1049	897	751	338	179	632	921	965	322	579	721	721	578	320	0	807	650	249	258	656	771	421	134	485	817	994	977	409	537	522	366	113	171	380	497	795	1007	1049	912	636	502	245	125	405	597	633	505	225	722	1009	924	941	1003	866	558	141	308	693	543	386	127	169	418	555	57	311	558	593	401	957	949	783	522	366	549	805	965	961	837	625	420	429	638	847	184	146	453	692	825	833	714	485	739	453	364	617	874	997	946	770	795	516	51	453	540	131	422	741	787	994	1061	979	780	583	597	803	460	668	743	672	467	170	162	287	617	805	784	562	224	693	466	346	513	733	858	843	363	682	819	737	458	62	185	443	838	1021	939	614	259	99	421	666	780	740	553	140	368	499	496	360	129	395	823	957	737	272	
741	792	625	254	549	686	620	433	166	159	427	617	628	187	326	714	830	283	275	261	253	258	271	283	693	801	700	421	127	410	651	371	86	362	645	805	807	0	444	719	719	445	647	728	672	492	242	200	447	512	272	416	679	806	742	457	380	271	220	298	405	466	791	835	682	405	306	569	621	610	399	205	427	207	303	571	756	801	695	466	625	847	877	702	407	339	831	617	258	425	752	211	170	275	388	443	422	334	443	631	731	725	614	417	195	217	837	745	540	252	73	388	643	801	593	576	445	230	69	300	495	38	488	790	790	490	424	683	680	419	20	198	283	342	349	301	217	155	561	264	119	435	681	793	750	698	598	340	23	358	610	172	363	484	508	432	270	56	666	373	23	408	685	780	671	530	284	229	473	651	731	758	636	389	66	276	558	707	442	421	682	877	887	592	344	169	452	636	
319	594	677	389	212	730	826	769	573	300	240	504	680	551	253	273	566	161	351	566	685	676	542	319	256	467	648	683	561	336	693	600	388	106	216	480	650	444	0	444	719	719	221	359	543	649	643	527	339	610	383	143	346	588	687	304	532	655	648	514	278	25	389	546	557	419	170	127	223	566	719	608	285	651	439	232	334	568	727	757	209	493	654	643	464	172	642	651	414	64	391	655	474	214	163	427	628	710	326	327	312	287	267	266	284	309	579	675	674	575	399	198	203	405	165	222	371	476	498	433	298	413	147	383	610	622	119	524	780	745	433	619	552	383	163	188	408	567	698	567	325	23	294	546	690	716	821	715	428	144	430	275	276	501	684	751	683	500	733	674	436	95	303	597	466	656	686	545	292	213	447	659	742	678	478	185	146	627	430	167	282	536	667	684	726	492	87	385	
310	172	475	500	233	496	721	817	762	567	294	231	476	710	682	404	123	506	462	666	879	977	921	734	505	120	351	687	844	777	473	612	634	533	333	111	249	719	444	0	444	719	531	173	218	566	803	880	783	491	481	344	119	154	371	264	519	792	936	910	720	426	260	116	228	380	446	400	264	324	766	922	728	892	850	640	310	129	481	761	301	180	213	341	418	403	219	442	513	397	156	905	830	617	358	348	603	821	770	732	591	376	185	301	527	697	135	348	555	686	716	640	472	245	504	226	304	588	788	843	739	680	579	272	199	529	353	176	583	789	700	916	933	810	594	439	543	764	571	665	627	467	219	103	367	462	734	822	696	398	150	569	356	379	602	786	848	767	521	719	725	538	210	187	106	539	834	905	736	369	17	309	564	709	712	575	323	310	351	326	248	183	225	519	839	842	528	83	
735	323	109	473	562	73	346	558	660	632	479	233	107	598	869	809	440	673	470	516	745	933	986	887	887	558	93	429	813	982	84	402	643	757	721	543	258	719	719	444	0	445	892	608	226	280	657	919	1003	221	459	576	538	358	87	414	348	627	887	1001	938	713	700	485	216	337	607	747	647	153	521	906	954	804	974	950	739	381	53	476	683	614	385	103	318	574	315	104	464	655	598	822	883	787	560	311	359	621	992	1046	971	788	562	455	597	824	431	112	235	537	759	866	841	688	848	578	352	496	780	969	993	689	864	712	294	258	599	268	166	535	700	882	999	970	807	587	504	669	232	514	693	736	633	405	96	34	372	618	699	593	328	657	462	245	296	524	693	742	111	489	738	787	627	298	341	232	667	948	981	756	459	159	172	470	675	746	668	136	309	552	660	598	386	167	636	886	802	419	
906	689	338	330	685	379	187	113	305	466	538	506	339	261	731	933	782	587	368	185	341	566	702	710	963	836	485	36	480	833	361	121	412	692	842	830	656	445	719	719	445	0	939	824	549	171	262	625	867	248	336	605	753	718	513	508	208	224	523	738	813	729	914	811	550	355	551	812	784	435	81	565	834	424	748	923	917	729	398	42	808	895	772	493	308	548	704	354	305	666	832	443	609	656	573	378	116	192	860	1004	1029	927	727	509	457	639	780	530	211	192	512	768	909	913	883	713	435	254	476	745	895	435	829	921	669	204	627	584	321	90	433	531	713	780	713	531	317	318	214	182	496	724	811	740	523	412	160	188	435	577	569	500	466	341	149	79	283	434	344	74	468	738	810	666	624	216	253	651	876	866	736	568	288	56	380	632	759	518	374	590	828	902	778	278	203	603	773	649	
268	701	868	609	332	915	1038	990	788	515	431	663	870	770	377	164	638	375	570	787	895	858	685	452	61	501	811	903	754	403	880	819	602	284	199	519	771	647	221	531	892	939	0	383	690	860	860	690	383	814	602	342	413	685	846	488	747	874	836	643	349	210	356	603	704	624	391	145	267	739	940	787	341	852	559	155	280	660	908	977	230	501	741	805	671	391	749	839	634	273	415	854	641	382	371	625	844	930	372	222	90	197	351	460	503	472	653	830	880	796	592	299	60	379	56	321	564	697	693	554	305	620	177	344	724	830	318	661	975	966	639	804	692	484	309	410	630	781	904	789	529	220	319	632	847	895	1035	935	634	362	574	487	485	698	896	972	898	702	923	895	636	240	329	711	590	862	903	702	316	165	526	805	940	899	689	372	225	782	628	362	292	550	752	883	946	660	195	501	
138	342	624	552	180	654	856	912	806	569	315	382	626	763	612	239	259	471	509	737	926	984	888	676	348	118	516	790	855	692	627	708	650	463	186	135	421	728	359	173	608	824	383	0	382	689	860	860	690	619	536	314	74	319	540	321	616	856	948	866	633	336	94	221	394	470	426	275	138	475	859	922	636	922	796	513	137	291	641	867	165	133	365	507	516	390	386	592	571	333	33	931	808	564	341	447	710	895	677	598	432	208	115	337	534	654	275	518	687	754	708	555	323	89	368	154	389	649	794	789	633	691	470	105	370	652	311	342	736	884	712	923	899	742	522	428	592	805	706	736	620	382	68	261	537	622	865	898	707	373	287	561	392	498	726	884	904	782	675	811	729	453	59	359	267	670	896	882	634	218	162	481	712	804	737	526	215	477	451	307	92	178	376	662	913	823	430	193	
512	140	262	421	358	278	518	657	667	546	318	56	263	608	737	591	238	540	398	543	774	918	916	771	678	335	134	521	787	845	258	460	587	604	507	321	134	672	543	218	226	549	690	382	0	382	690	860	860	304	403	407	314	169	160	255	373	670	873	918	794	533	474	276	14	271	472	546	432	118	609	875	807	809	874	768	515	182	263	588	470	392	226	125	288	431	165	231	425	482	371	825	815	659	402	233	437	685	848	864	764	568	346	303	505	718	234	141	360	565	691	716	635	462	651	369	231	486	740	868	835	636	690	486	126	347	427	43	367	630	653	860	929	853	661	456	463	672	372	542	611	564	411	197	159	244	535	684	650	441	116	561	335	221	415	624	732	709	305	566	685	625	404	120	115	347	713	888	826	543	234	117	353	552	646	616	466	96	234	383	439	382	234	313	702	823	630	197	
786	521	171	290	571	221	178	284	397	455	434	344	173	338	720	827	618	546	312	252	470	673	763	717	875	686	314	151	564	830	196	131	432	648	735	677	485	492	649	566	280	171	860	689	382	0	383	690	860	78	285	518	616	551	343	390	126	351	627	788	799	654	782	651	382	238	494	723	669	266	243	656	819	537	780	872	795	564	237	208	698	745	603	322	190	478	534	184	269	590	692	555	662	639	490	248	81	341	851	961	949	817	602	404	432	647	615	359	51	271	547	741	822	778	807	596	311	263	542	776	872	469	778	790	500	37	542	420	190	259	475	627	775	795	682	473	301	408	69	249	503	660	686	577	353	249	179	338	476	505	417	487	375	191	38	249	416	500	190	209	513	689	683	498	466	48	389	718	855	763	583	396	147	190	436	606	658	346	244	499	706	747	608	116	356	661	718	503	
905	827	549	308	690	603	450	208	77	345	545	637	552	98	567	900	895	485	350	147	88	304	460	525	899	906	670	254	229	652	576	255	260	581	819	905	817	242	643	803	657	262	860	860	690	383	0	382	689	437	326	573	798	849	706	546	322	39	261	503	647	661	937	912	696	429	480	761	779	595	191	308	669	161	531	803	918	852	618	266	792	960	914	675	402	498	855	554	291	608	877	180	379	509	540	466	302	96	685	869	948	904	748	523	360	459	897	717	433	125	315	624	846	942	804	719	499	215	244	529	736	253	715	940	816	399	589	714	566	203	240	271	469	580	580	467	268	87	447	149	340	640	826	854	716	628	422	103	244	525	666	373	467	471	381	218	45	207	573	190	263	628	829	809	728	430	43	406	715	833	818	745	526	211	181	501	730	691	463	569	835	979	922	499	103	368	671	721	
844	972	825	450	682	886	807	590	321	318	586	805	828	365	315	794	997	389	464	449	346	182	77	243	745	947	896	605	155	344	851	565	278	424	742	954	994	200	527	880	919	625	690	860	860	690	382	0	382	712	466	549	822	982	939	628	580	420	181	123	370	552	908	996	871	599	438	652	736	805	567	115	388	257	177	575	860	974	895	639	731	987	1054	898	605	480	1013	817	456	531	887	245	52	315	527	635	617	478	384	607	761	812	749	583	359	221	1006	941	738	436	169	393	703	922	643	706	629	430	150	179	454	230	514	904	973	689	549	866	879	582	219	149	88	251	383	442	415	309	759	452	254	510	803	963	947	898	783	485	220	490	787	311	535	681	703	597	390	192	866	551	181	458	810	963	846	728	415	29	433	739	890	952	835	569	254	342	664	901	634	561	798	1023	1065	791	483	38	501	799	
617	927	939	570	550	997	1020	874	613	407	542	814	942	626	139	532	905	330	552	684	688	565	347	164	444	803	946	836	503	39	959	767	456	256	519	816	977	447	339	783	1003	867	383	690	860	860	689	382	0	846	576	455	684	923	989	606	733	717	559	294	66	359	700	885	874	671	396	420	552	857	835	496	54	614	212	234	632	905	999	895	528	822	991	944	703	433	975	919	590	388	722	608	348	221	457	693	811	780	13	233	429	560	606	559	428	231	918	981	898	682	374	145	421	720	356	561	653	617	458	209	83	442	225	691	940	843	438	847	1026	857	451	526	350	132	199	416	563	602	922	686	371	316	622	884	993	993	1005	787	448	419	754	374	542	763	887	869	714	487	991	802	426	245	631	928	797	882	731	383	68	499	786	973	983	814	511	259	475	933	695	478	604	868	1004	928	791	367	260	720	
722	442	116	282	512	175	237	359	440	449	383	266	119	378	708	770	540	523	294	296	525	714	782	712	824	611	241	224	597	820	142	182	442	621	678	602	409	512	610	491	221	248	814	619	304	78	437	712	846	0	273	473	546	472	273	332	132	408	668	803	783	613	713	574	304	191	465	673	609	188	315	690	802	583	786	838	730	486	187	286	640	671	525	248	148	443	457	118	267	549	621	601	680	625	448	190	143	406	836	929	901	757	538	354	421	645	537	287	68	317	559	720	772	708	763	536	253	283	568	781	851	485	745	722	422	44	498	341	180	333	494	664	795	793	660	444	304	449	91	293	504	623	621	498	283	193	246	404	493	469	342	479	334	123	112	325	473	528	154	277	532	659	617	420	389	51	448	741	836	707	508	322	137	260	462	589	605	271	187	452	642	671	530	83	422	681	684	431	
