NAME:	i-040-04-08
TYPE:	GVRPTW
DIMENSION:	250
VEHICLES:	6
CAPACITY:	100
TIME_HORIZON:	1115
NUM_CUSTOMERS:	41
NODE_COORD_SECTION
1	513	682
2	325	511
3	210	329
4	256	119
5	438	4
6	648	50
7	763	232
8	717	442
9	535	557
10	445	384
11	712	435
12	839	675
13	731	924
14	468	994
15	250	833
16	240	561
17	904	443
18	648	609
19	377	471
20	361	166
21	617	0
22	888	138
23	276	815
24	0	434
25	276	54
26	723	199
27	723	670
28	851	917
29	619	951
30	431	812
31	397	580
32	536	392
33	768	358
34	956	497
35	990	729
36	348	611
37	171	277
38	434	4
39	774	170
40	721	545
41	998	504
42	709	746
43	467	457
44	756	215
45	0	590
46	193	212
47	616	190
48	847	545
49	654	923
50	231	945
51	241	737
52	19	509
53	58	193
54	330	27
55	629	136
56	731	438
57	558	706
58	353	861
59	396	557
60	698	504
61	842	775
62	629	996
63	988	458
64	593	686
65	365	291
66	760	63
67	8	560
68	107	238
69	435	162
70	665	409
71	566	731
72	238	807
73	174	668
74	4	429
75	86	147
76	357	35
77	613	177
78	662	466
79	466	685
80	831	259
81	991	455
82	938	703
83	711	815
84	481	708
85	422	462
86	578	262
87	240	137
88	498	0
89	745	154
90	735	446
91	477	583
92	230	429
93	544	72
94	755	330
95	685	655
96	387	802
97	86	662
98	8	339
99	212	77
100	642	61
101	814	398
102	608	716
103	229	696
104	57	359
105	263	41
106	515	61
107	837	44
108	952	344
109	702	547
110	432	372
111	510	898
112	354	443
113	809	287
114	965	742
115	72	121
116	352	2
117	594	185
118	557	486
119	277	605
120	35	422
121	42	636
122	29	323
123	266	118
124	574	176
125	721	452
126	597	740
127	294	821
128	957	427
129	980	725
130	786	953
131	488	976
132	260	782
133	237	484
134	431	256
135	729	233
136	775	568
137	769	811
138	592	978
139	349	972
140	182	795
141	188	552
142	365	385
143	608	391
144	681	641
145	400	486
146	395	165
147	670	0
148	951	155
149	956	476
150	452	945
151	0	460
152	485	8
153	937	493
154	386	998
155	172	935
156	66	739
157	129	525
158	325	419
159	539	482
160	645	678
161	582	892
162	991	546
163	882	831
164	578	815
165	499	521
166	754	355
167	667	908
168	347	751
169	322	395
170	618	195
171	938	352
172	963	708
173	731	426
174	877	609
175	850	842
176	667	988
177	434	961
178	288	778
179	315	545
180	498	399
181	461	182
182	744	634
183	292	917
184	9	465
185	272	521
186	499	341
187	780	407
188	904	668
189	778	928
190	496	991
191	271	809
192	998	471
193	865	687
194	613	717
195	433	539
196	459	287
197	673	151
198	912	232
199	591	903
200	298	610
201	486	240
202	896	305
203	961	715
204	374	743
205	378	459
206	603	284
207	879	351
208	999	609
209	873	863
210	595	923
211	522	503
212	522	192
213	817	96
214	1000	348
215	817	599
216	418	198
217	721	364
218	780	704
219	551	963
220	206	945
221	5	664
222	100	331
223	639	400
224	782	645
225	680	911
226	408	996
227	172	837
228	150	553
229	357	359
230	347	15
231	557	27
232	697	186
233	685	396
234	526	536
235	316	524
236	176	365
237	188	155
238	534	77
239	618	440
240	299	632
241	18	388
242	163	45
243	970	578
244	779	759
245	517	752
246	336	561
247	343	299
248	534	118
249	796	125
250	977	316
EDGE_WEIGHT_SECTION
0	254	465	619	682	646	515	315	127	306	317	326	326	315	303	299	458	153	251	538	690	661	272	570	671	527	210	412	289	154	154	291	412	480	479	180	530	683	575	249	517	206	230	526	521	569	503	361	279	386	278	523	668	680	558	327	51	240	171	257	342	335	525	80	418	666	520	602	526	312	72	302	339	568	685	666	515	262	47	529	529	426	239	41	238	425	610	682	577	324	105	380	611	427	174	174	427	610	676	634	414	101	284	559	688	621	716	554	232	320	216	287	494	456	714	699	504	201	248	544	473	603	616	510	310	102	259	512	469	385	295	272	340	434	498	286	287	306	333	350	350	332	306	173	226	530	700	685	489	270	559	675	464	341	425	451	415	323	202	132	221	497	398	148	162	406	273	180	345	498	538	451	336	371	373	343	290	245	241	283	503	236	323	549	290	341	383	391	362	309	273	529	352	106	164	399	555	601	234	227	443	537	449	152	261	408	493	491	403	255	179	490	660	591	315	493	380	268	284	404	508	542	309	272	283	331	375	385	359	687	656	529	334	147	253	463	619	605	264	220	576	727	469	277	70	214	419	564	625	591	
254	0	215	398	519	563	519	398	215	175	394	540	579	504	331	99	583	338	66	347	589	675	308	334	460	506	429	664	529	319	100	242	469	631	700	103	280	519	564	397	673	450	152	523	334	327	433	523	527	444	241	306	415	484	483	413	304	351	85	373	581	572	665	320	224	624	321	349	366	355	326	309	218	331	435	477	441	340	224	565	668	642	491	251	109	355	384	539	551	415	168	125	491	467	388	298	283	361	448	550	502	349	208	308	474	488	693	649	379	175	429	74	533	680	465	510	423	233	106	303	309	351	397	417	400	356	312	638	689	639	493	279	92	276	490	454	536	538	462	318	143	132	307	379	79	353	617	720	632	452	329	528	612	491	451	345	196	92	216	361	460	667	642	396	174	456	524	241	116	431	633	668	415	561	621	587	463	270	35	206	356	437	407	319	54	243	467	600	616	510	303	674	568	354	112	261	501	650	474	103	315	607	668	237	74	359	577	681	651	493	197	375	644	694	500	327	422	494	505	450	355	288	333	476	535	492	360	180	155	496	537	494	378	203	16	209	381	482	301	124	331	493	648	517	308	51	213	445	609	681	
465	215	0	215	397	519	561	519	397	241	513	718	791	713	506	234	703	520	219	222	523	704	490	235	283	529	616	870	744	531	313	332	559	765	877	314	65	395	586	555	807	650	287	558	335	118	429	673	742	616	409	262	204	325	461	532	513	551	294	518	774	788	789	524	160	611	307	137	280	462	537	479	341	229	220	329	431	472	438	625	791	818	698	466	250	374	194	437	563	538	369	102	421	545	576	505	355	202	252	508	608	555	367	156	293	406	689	742	538	226	643	184	600	861	250	357	410	381	284	198	350	181	218	395	526	565	499	753	866	849	704	456	157	233	528	613	738	753	658	467	224	165	403	565	246	247	566	761	760	662	248	423	745	692	607	435	212	146	363	558	675	811	839	610	347	545	738	444	130	429	728	843	530	723	820	802	671	456	240	296	291	615	594	243	202	289	575	772	825	721	484	801	746	559	306	253	496	709	689	294	290	686	844	445	212	396	669	837	851	708	357	341	650	790	664	246	512	682	720	616	393	110	435	653	748	696	509	232	150	343	460	508	480	378	222	50	175	410	423	316	201	288	800	713	523	264	136	387	620	767	
619	398	215	0	215	398	519	563	519	325	555	806	935	900	714	442	724	628	372	115	380	632	696	406	68	474	722	995	908	715	482	391	565	796	954	501	179	212	521	631	836	774	398	509	536	112	367	729	897	826	618	456	211	118	373	572	660	748	460	586	880	953	807	660	204	507	506	191	184	501	686	688	555	400	172	131	362	534	604	592	808	898	832	631	381	352	24	270	490	580	514	311	292	542	687	695	569	332	61	390	624	693	578	312	78	265	586	731	618	308	819	338	578	944	184	151	344	475	486	375	560	305	10	323	572	708	703	766	944	988	888	663	365	222	487	686	861	922	858	680	438	287	445	673	394	146	431	696	786	849	426	254	777	889	820	648	425	308	460	681	839	850	948	767	470	551	890	639	284	370	721	920	566	791	936	961	861	660	430	370	214	709	799	425	402	329	598	849	963	904	690	821	833	696	456	264	418	666	853	493	260	666	923	635	361	384	665	890	967	873	467	276	561	778	738	180	526	785	894	828	600	263	475	744	898	890	723	447	260	138	315	446	511	497	409	259	77	281	484	515	359	119	849	827	685	449	200	278	540	747	
682	519	397	215	0	215	397	519	561	380	511	782	966	990	850	591	640	640	471	179	179	470	827	614	170	345	724	1002	964	808	577	400	484	715	911	614	382	4	375	611	751	790	454	382	732	321	257	678	944	963	759	656	424	110	232	524	712	861	555	564	870	1010	713	699	296	327	703	405	158	464	738	828	715	607	380	87	246	513	682	468	714	859	856	705	458	294	239	60	342	533	580	473	126	455	696	800	746	545	237	212	545	732	723	521	179	96	401	616	604	368	897	447	467	907	384	86	239	496	622	581	746	519	206	219	530	753	830	670	902	1011	973	798	520	252	370	657	872	986	972	831	602	388	423	682	483	167	232	535	701	941	632	47	699	995	968	824	606	430	489	705	900	774	939	823	521	472	933	753	408	262	609	878	514	747	934	1010	957	788	555	400	179	700	925	630	543	342	529	811	985	989	822	729	805	734	535	284	277	526	912	622	241	548	883	742	459	325	561	825	963	932	506	206	390	659	705	195	458	779	966	969	789	470	444	727	939	992	874	620	364	92	121	317	463	539	534	446	292	121	472	643	569	278	783	828	752	566	310	149	378	623	
646	563	519	398	215	0	215	398	519	391	390	654	878	961	878	654	469	559	501	310	59	256	851	753	372	167	625	890	901	792	586	360	331	543	760	636	528	219	174	500	573	699	445	197	844	483	144	534	873	987	799	779	607	319	88	397	662	863	566	457	751	946	531	638	372	113	818	573	241	359	686	861	779	747	570	291	132	416	661	278	531	714	768	679	470	223	417	158	142	405	560	564	106	300	606	796	831	702	437	13	386	667	770	667	385	133	189	423	500	388	859	491	287	761	580	300	145	445	668	717	843	677	388	146	409	692	848	487	752	913	940	828	598	299	200	533	771	930	969	879	681	439	343	592	502	278	55	321	526	916	767	168	529	984	1005	902	704	490	446	628	845	603	815	768	494	323	858	763	475	148	419	730	385	604	817	938	936	812	597	380	229	592	937	762	603	327	381	669	888	953	847	547	673	668	534	303	104	321	855	660	250	356	735	745	490	238	379	660	844	875	470	190	175	461	574	274	322	667	918	998	889	616	350	610	862	976	920	708	424	303	94	145	348	501	579	567	472	117	391	679	715	485	618	721	714	599	394	133	166	423	
515	519	561	519	397	215	0	215	397	352	209	449	693	817	790	618	254	394	454	407	274	156	760	789	519	52	440	691	733	668	505	278	126	328	546	562	594	400	63	316	359	517	372	18	843	570	153	324	700	890	726	794	706	479	165	208	516	751	490	280	549	776	319	485	402	169	823	656	335	202	536	779	733	784	682	451	160	255	542	73	319	502	585	553	411	187	532	352	80	216	453	568	271	98	430	683	802	763	572	209	174	508	707	717	535	301	202	220	321	359	712	460	72	549	700	471	175	327	613	752	826	740	510	197	224	534	753	275	539	721	793	745	583	333	34	336	579	765	848	809	658	426	222	417	443	374	250	203	311	778	796	357	314	854	918	862	698	476	336	461	684	388	611	612	391	123	683	665	470	150	212	516	197	394	616	762	800	724	547	313	306	402	831	789	570	286	176	458	696	805	758	335	466	508	451	309	121	149	693	599	277	152	522	642	447	168	166	445	641	711	363	244	146	264	371	347	139	472	761	905	872	670	209	413	684	842	846	692	425	469	291	80	182	385	534	602	580	277	254	613	761	628	403	527	575	539	425	256	112	230	
315	398	519	563	519	398	215	0	215	278	9	263	482	606	609	492	187	181	341	450	453	349	578	717	587	243	228	494	518	468	348	188	98	245	396	406	570	521	278	103	288	304	250	230	732	572	271	166	485	699	560	701	704	567	318	15	308	555	341	65	356	561	271	274	383	381	719	643	397	62	326	602	588	713	697	543	285	60	349	216	274	342	373	356	296	227	566	493	289	18	278	487	408	118	215	488	668	716	623	388	107	295	550	665	606	431	416	255	106	293	501	363	180	389	720	572	285	166	469	682	702	698	555	302	11	321	568	240	386	516	581	570	482	341	209	139	373	550	645	641	540	357	120	202	320	425	444	370	241	569	717	492	226	647	735	716	594	393	182	247	470	293	423	398	232	95	469	482	398	266	239	362	21	231	422	548	591	545	415	223	365	194	637	708	452	240	72	293	490	592	578	282	286	294	300	301	294	287	478	451	307	225	366	456	339	195	186	328	449	496	204	317	360	298	186	386	78	269	547	717	746	627	89	213	470	634	673	578	369	565	445	257	56	213	409	546	602	408	99	459	701	682	287	323	369	399	400	372	327	289	
127	215	397	519	561	519	397	215	0	195	215	326	416	442	397	295	386	124	180	428	563	548	366	549	566	404	219	479	403	275	140	165	306	425	486	195	459	562	455	186	466	257	121	407	536	486	376	312	385	493	345	518	600	568	431	229	151	354	139	171	377	449	464	141	316	543	527	534	407	197	177	388	378	546	608	552	388	156	145	420	467	429	312	160	148	298	513	558	454	229	64	331	485	316	179	286	461	570	579	507	321	175	336	517	583	496	595	468	167	212	342	214	385	468	636	584	377	74	262	518	499	557	515	383	214	193	357	442	476	469	422	355	307	318	378	240	345	425	455	426	347	242	181	168	153	416	573	578	429	397	544	551	407	465	524	503	407	251	75	164	338	456	442	262	51	298	375	270	268	371	452	454	236	346	425	451	416	331	220	162	382	223	434	534	265	219	287	385	443	436	365	471	355	178	104	280	429	498	351	243	321	440	454	246	185	281	401	467	456	371	56	365	540	510	285	378	268	286	406	509	541	490	188	262	383	457	458	385	266	574	530	405	220	23	221	407	531	480	143	248	544	633	436	317	196	199	322	439	505	503	
306	175	241	325	380	391	352	278	195	0	272	490	611	610	490	271	463	303	110	234	421	507	463	448	371	334	399	670	593	428	202	91	324	523	645	247	294	380	392	320	566	448	76	354	490	305	259	433	578	600	408	444	432	375	309	291	341	486	180	280	557	639	548	336	123	450	471	368	222	221	367	471	393	443	430	360	267	232	302	406	551	587	506	326	81	180	321	388	378	297	202	220	327	315	362	422	454	439	385	378	369	370	379	389	388	330	519	509	304	18	518	108	377	631	456	393	249	151	278	412	475	420	321	245	284	387	462	514	634	663	594	439	231	129	322	378	536	612	596	488	307	80	163	349	111	225	445	555	519	561	451	378	504	617	615	519	346	125	136	356	526	570	625	451	147	310	569	380	123	256	494	611	289	487	611	644	577	424	207	55	203	390	555	443	221	69	336	540	638	609	459	560	518	373	155	98	326	491	539	270	150	458	613	366	101	187	435	598	642	559	142	207	470	556	430	188	277	463	589	610	522	349	195	426	577	613	529	340	91	382	374	320	240	172	190	270	344	320	182	288	427	441	560	502	375	208	133	280	436	536	
317	394	513	555	511	390	209	9	215	272	0	272	489	610	610	489	192	185	337	442	445	345	578	712	579	236	235	502	524	470	347	181	95	252	405	404	564	513	272	110	294	311	246	224	729	565	263	174	491	701	560	697	697	559	310	19	312	557	339	70	364	567	277	278	376	375	715	636	389	54	330	603	586	708	689	535	276	59	351	212	280	351	380	358	291	219	558	485	283	25	278	482	400	113	222	490	666	711	615	380	109	300	549	659	597	423	410	257	112	287	505	358	177	398	713	563	276	163	467	677	700	692	547	293	19	326	569	245	395	523	586	570	478	333	203	147	380	556	648	641	537	351	113	208	316	416	437	368	247	572	712	484	232	651	736	714	590	387	179	252	475	300	431	403	230	90	475	483	392	258	241	371	21	240	430	555	595	545	412	217	356	202	639	704	448	233	74	302	497	596	578	288	295	299	298	293	287	285	483	449	298	225	375	457	335	186	187	336	457	502	202	308	355	301	195	378	72	277	552	718	743	621	81	221	477	638	673	574	363	556	436	249	47	212	406	541	594	400	94	458	696	673	295	331	372	397	393	364	321	290	
326	540	718	806	782	654	449	263	326	490	272	0	271	489	610	610	241	202	505	698	711	539	580	873	838	490	116	242	353	430	452	415	325	213	160	495	778	784	509	176	233	148	431	467	843	795	534	130	309	665	601	837	918	824	578	260	283	520	458	222	100	384	263	246	610	617	839	853	653	318	279	615	665	870	920	801	547	274	373	416	267	103	190	360	468	489	805	756	529	252	374	657	671	355	155	470	753	896	866	645	278	235	610	843	857	694	631	350	187	507	397	538	389	143	946	831	548	339	566	843	798	883	799	565	252	251	564	275	150	283	462	589	632	585	455	125	153	391	573	668	663	556	366	162	478	676	696	532	231	472	866	755	207	556	716	776	726	574	357	194	336	199	162	296	373	331	290	498	588	528	338	128	271	76	167	357	496	561	540	439	621	103	598	856	588	477	274	65	260	466	584	259	29	230	428	543	550	449	337	545	560	374	128	470	509	457	326	173	191	348	361	578	579	364	79	636	333	66	407	688	834	815	340	64	285	537	686	700	576	823	707	509	319	342	544	732	833	671	323	542	870	924	163	103	331	516	622	635	552	385	
326	579	791	935	966	878	693	482	416	611	489	271	0	272	490	611	511	326	575	843	931	802	468	880	982	725	254	120	115	320	479	567	567	483	324	495	856	967	755	379	498	179	536	709	804	892	743	396	77	500	524	824	994	983	795	486	278	383	497	421	186	125	532	275	731	861	809	927	817	519	254	507	613	880	1010	964	756	463	357	672	536	303	111	330	556	679	928	953	770	478	425	704	872	594	273	365	696	930	993	868	533	242	551	879	999	890	886	621	378	628	223	611	642	296	1039	997	752	471	555	858	747	924	931	764	472	228	449	546	319	62	249	492	662	732	691	359	119	149	385	564	658	652	547	287	549	830	926	800	501	280	866	948	478	353	559	690	722	648	482	261	152	459	177	188	465	569	66	421	669	738	608	317	498	347	145	91	299	466	563	574	790	290	439	856	611	627	519	309	47	244	474	526	272	238	487	693	775	715	142	535	727	641	311	400	584	653	592	414	155	136	470	761	832	636	336	791	560	225	184	525	771	866	532	284	53	331	566	689	678	987	914	739	530	439	576	788	941	870	497	521	892	1047	421	172	275	536	736	830	802	656	
315	504	713	900	990	961	817	606	442	610	610	489	272	0	271	489	703	425	531	835	1005	953	262	730	959	835	412	391	157	186	420	606	703	697	585	401	776	991	879	515	722	346	537	831	618	829	818	588	199	242	343	661	900	977	873	615	302	176	443	541	433	161	747	332	711	976	632	838	833	617	281	296	439	731	929	965	830	563	309	820	751	553	302	286	534	740	887	994	884	610	411	613	925	723	403	208	506	800	952	949	689	311	382	756	975	934	1019	810	505	623	105	563	785	557	959	999	819	516	433	717	556	802	899	825	598	285	245	749	578	321	27	297	560	739	805	525	352	125	121	348	523	618	619	412	513	832	1014	968	712	52	710	986	686	82	302	476	579	593	517	362	153	689	445	210	474	700	217	271	617	813	796	572	626	562	411	199	47	281	474	596	812	454	192	700	512	654	665	544	317	28	270	745	502	313	456	707	868	882	153	420	754	811	566	268	543	723	763	656	426	145	494	804	963	837	527	798	679	426	89	267	569	758	618	469	228	60	335	544	645	986	971	840	636	462	494	693	884	919	574	400	755	997	652	390	247	453	706	878	929	848	
303	331	506	714	850	878	790	609	397	490	610	610	490	271	0	272	761	457	384	676	910	943	32	471	779	791	500	607	387	182	293	526	703	782	747	243	562	849	845	552	817	467	434	799	349	624	740	663	414	114	96	398	668	810	793	622	333	107	312	556	595	413	828	373	554	924	365	612	696	593	332	29	182	473	705	805	750	552	262	817	832	700	461	263	409	659	696	869	840	620	338	404	816	713	470	140	237	550	757	866	712	377	139	512	792	816	983	856	535	496	268	404	781	721	734	837	734	463	230	464	286	556	715	733	606	359	46	815	738	549	278	52	349	605	768	588	519	371	171	78	288	463	569	472	378	684	933	975	791	231	449	858	767	214	128	207	331	421	455	424	337	795	632	328	399	695	424	127	444	737	839	724	630	666	600	445	224	67	295	500	684	533	94	440	313	551	680	674	536	292	32	831	632	381	346	585	803	894	348	228	638	834	721	153	395	653	792	782	624	357	428	696	930	893	613	657	665	545	328	120	298	524	582	564	437	227	78	297	486	824	862	786	617	405	316	474	681	808	538	207	502	793	764	534	279	285	542	769	894	892	
299	99	234	442	591	654	618	492	295	271	489	610	611	489	272	0	674	411	164	413	676	774	257	272	508	604	495	707	544	315	158	341	566	719	769	119	292	590	662	481	760	504	250	621	242	352	528	607	550	384	176	227	411	542	576	506	349	321	156	462	639	584	755	374	298	720	232	349	444	451	368	246	126	270	442	539	535	433	258	664	758	712	535	282	207	451	424	617	649	508	238	132	576	564	455	282	184	321	485	642	597	399	135	273	521	571	790	744	462	269	432	164	632	747	471	570	516	326	57	248	212	318	444	510	493	399	266	729	758	672	483	222	77	360	589	535	585	546	425	241	53	216	405	448	177	425	707	819	721	439	260	605	700	461	380	249	117	165	309	422	476	751	696	423	262	554	550	218	185	526	729	738	509	639	672	604	445	222	77	305	439	509	360	250	51	340	562	673	651	500	250	763	638	404	194	351	596	748	490	76	404	704	737	226	172	457	673	761	701	507	288	464	741	789	578	404	520	559	508	386	257	269	430	548	562	466	284	90	233	556	621	591	475	287	85	206	409	566	397	92	281	522	730	574	336	96	282	532	707	777	
458	583	703	724	640	469	254	187	386	463	192	241	511	703	761	674	0	305	528	610	528	305	730	904	739	304	290	477	582	600	525	372	160	75	299	581	752	643	302	210	112	360	437	272	916	748	383	117	541	840	725	887	882	709	412	173	435	692	521	215	338	618	85	395	560	406	904	823	547	241	444	759	764	900	870	682	394	243	500	198	88	262	419	499	482	373	731	601	330	169	449	674	517	187	305	629	847	902	783	463	101	403	721	851	757	545	405	110	227	477	602	550	183	305	892	707	403	350	648	869	883	883	716	424	183	427	718	55	292	523	676	728	668	509	273	180	392	619	767	803	724	542	301	298	506	580	501	292	62	676	904	604	60	759	882	889	779	579	367	350	553	135	389	495	412	174	522	636	584	379	97	271	174	168	403	594	699	701	598	408	514	249	774	895	637	418	129	225	501	683	731	98	247	400	481	472	372	211	556	629	465	138	278	609	526	340	95	191	421	571	387	457	358	135	179	544	199	289	628	860	926	812	268	236	519	743	831	762	553	702	542	330	224	389	594	732	772	520	286	634	888	841	150	340	495	580	579	492	336	146	
153	338	520	628	640	559	394	181	124	303	185	202	326	425	457	411	305	0	304	528	610	529	425	671	668	417	97	369	343	297	253	244	278	328	362	300	581	642	457	97	365	150	236	409	648	604	420	209	314	536	427	637	722	663	473	190	132	388	257	116	255	387	372	95	426	557	642	656	495	201	147	455	478	669	728	644	433	144	197	395	376	305	215	194	270	354	624	627	465	185	173	455	547	299	59	325	564	695	688	548	268	114	428	642	686	564	596	403	82	321	320	338	360	344	755	675	427	153	371	641	607	682	622	439	173	141	413	359	352	371	400	425	430	414	385	133	235	373	470	502	464	361	222	46	277	511	609	546	335	389	665	623	311	469	577	596	526	375	167	69	291	349	323	218	173	275	300	333	390	415	387	330	201	229	308	379	412	398	339	258	466	99	471	655	386	307	241	263	344	411	427	376	231	114	226	373	459	460	299	350	403	392	330	305	309	328	346	351	339	318	165	436	540	438	169	471	256	163	367	555	645	614	209	139	304	455	528	501	384	666	589	426	216	142	343	531	646	544	172	350	668	744	323	199	194	316	435	504	506	441	
251	66	219	372	471	501	454	341	180	110	337	505	575	531	384	164	528	304	0	305	529	610	359	379	429	440	399	651	538	345	111	178	407	580	665	143	283	470	498	352	622	431	91	457	395	318	369	476	530	496	299	360	423	446	419	356	297	391	88	323	556	582	611	305	180	560	380	357	314	295	321	364	283	375	435	436	377	285	232	501	614	607	479	259	46	290	361	486	486	359	150	153	433	403	359	331	348	392	427	488	443	337	269	339	445	433	628	589	334	113	447	36	470	647	464	470	359	181	167	345	373	378	370	355	345	348	360	582	654	632	517	332	141	222	425	410	519	551	502	378	206	87	244	348	27	307	555	655	579	480	377	475	560	527	507	411	254	74	162	339	468	619	620	398	132	394	524	282	94	366	573	632	357	519	601	593	493	320	97	141	301	402	454	368	116	178	408	563	608	533	354	621	534	341	88	201	436	586	482	160	255	545	633	272	12	293	516	637	632	502	148	314	578	635	458	276	360	466	522	504	419	310	271	441	534	526	420	241	114	457	479	429	317	163	81	227	368	424	243	179	368	477	603	495	314	99	175	386	543	620	
538	347	222	115	179	310	407	450	428	234	442	698	843	835	676	413	610	528	305	0	305	528	655	450	141	364	621	897	826	650	416	286	450	681	844	445	220	178	413	523	721	676	310	398	557	174	256	616	812	790	583	484	304	142	270	459	575	695	393	477	776	872	692	569	125	412	529	264	74	389	601	653	536	443	276	131	252	425	530	479	693	788	737	555	302	237	124	215	384	467	433	294	206	427	587	637	567	393	174	300	509	603	546	360	159	186	491	617	511	218	747	277	464	835	292	164	234	375	447	415	568	367	106	213	460	621	658	651	834	894	820	624	341	114	374	577	763	844	806	654	423	219	334	573	322	34	351	590	671	784	466	201	662	832	792	644	427	256	363	585	759	736	845	684	381	436	803	585	232	259	606	810	452	680	834	877	798	616	382	270	101	605	754	462	366	223	483	739	869	836	649	706	725	606	380	156	312	555	772	448	145	553	813	577	293	269	550	777	865	792	373	163	461	664	629	65	411	682	819	794	612	309	363	638	810	831	697	441	193	152	240	337	397	405	361	272	173	195	376	470	409	232	735	726	606	396	134	180	437	634	
690	589	523	380	179	59	274	453	563	421	445	711	931	1005	910	676	528	610	529	305	0	304	883	754	345	225	678	946	951	833	620	400	389	602	819	668	525	183	231	555	632	752	481	256	854	474	190	592	924	1021	827	785	591	288	137	453	708	901	599	510	807	996	589	686	385	156	827	563	244	412	733	892	802	748	551	262	177	468	701	336	589	773	820	721	501	265	401	119	200	461	600	578	103	358	659	834	849	697	412	66	444	716	797	665	356	119	224	480	554	415	904	515	345	820	558	265	186	490	694	719	857	671	370	181	464	740	882	546	811	968	984	860	615	316	259	590	825	978	1008	906	699	460	391	644	532	277	53	368	584	959	770	132	588	1024	1035	922	717	511	488	679	893	662	872	816	534	381	909	798	493	195	476	788	441	662	874	989	978	845	623	416	240	647	973	765	625	361	438	727	942	998	880	606	730	717	570	328	161	375	903	688	273	413	793	782	517	284	438	719	900	923	512	214	222	517	632	281	379	723	965	1031	903	614	401	666	913	1018	948	724	443	270	66	202	402	544	604	572	456	113	440	707	714	456	677	776	759	627	406	144	218	479	
661	675	704	632	470	256	156	349	548	507	345	539	802	953	943	774	305	529	610	528	304	0	913	936	618	176	557	780	856	814	661	434	251	365	600	718	730	473	118	440	382	634	528	153	996	699	277	409	819	1041	882	945	832	569	259	339	657	899	646	412	639	896	335	622	545	148	976	787	454	351	675	933	889	931	802	541	278	398	691	134	333	567	700	700	568	334	648	414	144	344	606	719	350	234	555	832	958	903	679	258	270	642	864	860	632	381	107	216	449	513	849	615	169	609	816	553	298	480	769	899	982	879	622	316	356	669	905	297	594	821	929	900	737	472	185	445	683	891	993	964	813	578	377	544	599	494	258	65	345	917	945	423	358	996	1071	1018	852	629	490	592	814	421	693	745	546	255	801	818	622	276	220	575	328	471	705	878	940	877	703	469	429	516	981	938	725	439	290	530	798	939	912	351	549	641	606	454	215	97	821	756	415	167	582	794	603	320	213	484	725	838	517	370	82	238	466	474	281	576	891	1057	1028	811	361	518	800	983	1001	847	575	555	349	197	328	538	690	747	700	359	405	769	905	731	448	630	717	695	568	355	93	199	
272	308	490	696	827	851	760	578	366	463	578	580	468	262	32	257	730	425	359	655	883	913	0	470	761	761	470	584	369	155	264	497	672	751	719	216	548	826	815	521	786	438	406	768	356	609	711	632	393	138	85	400	659	790	765	591	302	90	285	524	567	397	796	342	532	894	370	601	672	562	302	39	179	472	694	784	722	520	230	786	801	671	435	231	382	630	679	845	810	589	307	389	790	682	439	112	244	546	741	838	681	346	128	506	774	791	953	824	503	470	248	380	750	693	723	817	706	433	210	461	295	551	697	705	574	330	19	784	710	528	266	37	333	580	738	557	493	356	173	96	277	439	539	441	352	661	905	944	760	219	450	834	735	214	159	223	325	399	424	394	316	764	606	302	369	663	402	96	423	708	808	695	599	635	575	428	215	39	273	472	659	502	103	440	294	524	648	645	515	282	8	800	603	351	318	559	774	863	327	206	612	803	692	122	370	624	761	752	599	337	397	670	900	862	583	633	634	516	312	148	310	515	551	534	415	224	106	291	463	803	837	757	586	375	294	461	666	782	508	184	499	778	733	506	249	261	520	743	864	860	
570	334	235	406	614	753	789	717	549	448	712	873	880	730	471	272	904	671	379	450	754	936	470	0	470	760	761	979	807	573	423	538	772	958	1033	390	232	611	818	729	1000	775	468	787	156	294	663	854	817	561	387	77	248	524	696	731	621	554	415	702	908	843	988	644	392	846	126	223	513	665	639	442	292	6	300	535	665	663	529	849	991	976	807	554	423	603	382	661	796	735	500	230	653	762	720	534	244	95	415	742	815	670	348	94	473	636	923	956	711	436	689	354	822	1013	321	557	644	559	326	37	206	115	413	629	721	671	486	957	1022	942	729	434	242	466	756	786	856	804	641	404	222	368	610	712	403	478	798	991	957	682	26	646	939	683	530	312	158	325	541	690	741	997	967	692	507	758	818	470	324	663	942	1001	731	894	943	867	683	449	334	499	525	770	564	32	286	508	780	934	922	746	463	999	901	675	446	482	730	934	754	346	523	905	1001	485	379	621	883	1014	973	770	527	575	884	1004	833	480	724	825	764	551	230	144	640	810	831	694	438	191	365	544	690	740	686	536	329	189	336	642	618	359	49	422	981	844	607	359	369	620	854	984	
671	460	283	68	170	372	519	587	566	371	579	838	982	959	779	508	739	668	429	141	345	618	761	470	0	470	761	1037	960	774	540	426	578	812	983	562	246	166	511	663	851	816	446	506	603	178	366	753	948	892	684	523	259	60	362	595	710	811	517	617	917	1006	819	707	253	484	573	250	192	527	736	754	622	463	212	83	359	565	659	592	820	927	877	685	433	367	90	228	480	604	566	378	269	553	727	756	637	391	68	366	639	741	644	375	18	239	561	736	652	354	876	397	582	974	215	92	344	515	551	440	627	365	65	322	597	757	767	776	973	1034	946	728	432	255	487	716	903	977	921	747	506	343	473	713	449	163	398	683	800	908	491	214	793	950	887	716	493	368	502	725	892	868	985	819	518	565	939	701	344	370	726	949	588	818	975	1013	921	724	493	410	225	745	863	490	467	363	615	878	1008	962	755	834	865	744	510	296	409	660	906	556	281	669	952	696	418	400	672	911	1005	926	512	282	543	781	768	202	542	823	950	894	667	328	501	778	947	951	790	515	316	81	282	441	533	543	472	327	134	259	516	578	422	113	870	866	738	511	254	266	525	748	
527	506	529	474	345	167	52	243	404	334	236	490	725	835	791	604	304	417	440	364	225	176	761	760	470	0	471	729	759	679	501	269	165	378	593	557	557	349	59	346	411	547	363	37	822	530	107	368	727	894	722	769	665	429	113	239	533	758	485	306	588	803	371	504	370	141	801	617	290	218	555	778	722	755	639	401	112	274	550	124	371	548	616	564	400	158	487	300	50	247	456	544	219	135	458	690	787	729	525	160	219	530	701	685	486	250	192	271	349	339	731	442	123	594	656	420	130	332	603	723	809	705	464	151	253	555	756	327	585	757	812	744	563	298	35	373	614	790	859	805	641	403	224	444	432	330	206	232	362	794	769	305	364	867	919	850	678	455	338	485	707	438	652	633	392	159	711	668	446	105	264	563	227	438	655	791	815	724	535	301	263	436	837	762	554	265	216	503	731	824	759	387	508	530	447	278	69	192	716	591	241	203	568	646	432	147	218	494	681	735	364	201	139	315	411	305	165	508	783	908	855	637	218	450	713	857	843	674	399	419	239	29	201	390	521	572	537	225	263	606	730	581	452	563	590	530	393	206	104	280	
210	429	616	722	724	625	440	228	219	399	235	116	254	412	500	495	290	97	399	621	678	557	470	761	761	471	0	278	300	325	338	335	315	290	273	380	678	726	503	125	321	77	333	456	727	700	492	176	262	564	487	722	818	754	542	232	169	416	346	168	159	339	339	131	521	608	723	752	584	267	168	504	549	758	824	733	505	213	257	425	344	218	145	245	366	433	719	707	516	224	261	549	624	342	41	361	637	788	783	614	287	124	495	735	779	644	636	398	125	417	312	433	393	252	852	764	502	248	451	731	682	776	717	516	218	144	455	337	263	290	386	476	520	507	437	114	148	335	481	555	548	458	302	51	372	602	672	563	303	386	753	703	278	470	611	661	611	471	263	78	263	295	226	205	269	317	244	385	486	486	384	243	244	166	214	323	410	448	427	352	554	42	497	743	475	398	269	181	264	393	473	339	143	120	318	465	521	477	268	429	491	404	242	357	404	404	355	283	244	284	261	519	582	425	118	562	306	66	340	586	718	709	283	64	245	453	576	585	480	755	664	485	277	238	432	626	743	622	253	426	759	839	264	105	222	402	531	583	550	436	
412	664	870	995	1002	890	691	494	479	670	502	242	120	391	607	707	477	369	651	897	946	780	584	979	1037	729	278	0	234	433	565	612	565	433	234	589	934	1004	751	394	438	222	599	708	912	964	764	372	197	621	636	927	1074	1031	812	494	361	501	580	440	142	236	479	346	793	859	915	1007	862	541	340	623	721	978	1085	1011	777	489	449	658	483	231	173	425	625	710	991	983	770	485	501	790	899	595	310	478	806	1022	1055	881	520	315	660	970	1055	920	873	582	399	687	342	687	631	209	1114	1042	776	522	653	954	856	1014	990	791	483	310	565	501	231	74	368	606	751	783	695	357	134	266	505	680	757	721	579	324	624	879	935	769	453	400	966	980	433	472	679	805	822	724	535	316	270	397	91	291	530	570	184	531	743	759	572	237	505	309	75	197	419	580	652	627	832	303	559	956	701	675	515	255	74	363	590	470	230	311	564	742	786	688	260	633	769	614	230	508	658	680	567	342	58	256	529	796	822	588	320	839	568	225	304	646	883	953	559	281	171	450	684	790	745	1033	937	747	547	501	664	872	1010	898	531	621	987	1111	359	174	373	626	800	860	794	614	
289	529	744	908	964	901	733	518	403	593	524	353	115	157	387	544	582	343	538	826	951	856	369	807	960	759	300	234	0	234	432	565	611	565	432	435	809	965	796	419	586	224	517	749	717	853	761	466	45	388	434	745	943	968	815	525	252	281	453	454	284	46	616	266	707	899	725	878	810	544	226	407	527	807	965	953	774	487	307	724	620	404	164	279	527	690	898	959	807	518	394	651	882	636	303	276	606	865	964	890	586	235	466	816	977	896	933	692	412	608	121	573	691	404	994	986	766	469	486	788	657	862	905	776	509	212	350	624	426	167	133	397	603	720	726	414	205	38	271	464	587	620	560	316	514	817	952	862	582	167	790	952	558	238	447	592	649	608	476	274	70	550	289	142	446	611	64	338	630	756	679	421	537	428	255	61	185	373	507	565	785	341	329	780	553	622	567	402	161	129	376	612	361	234	452	683	802	776	56	468	723	703	416	321	548	667	654	511	269	37	458	765	878	713	404	779	596	295	69	413	678	809	551	347	73	216	461	615	647	975	926	769	559	425	524	735	905	878	511	452	824	1014	512	250	224	482	708	837	845	729	
154	319	531	715	808	792	668	468	275	428	470	430	320	186	182	315	600	297	345	650	833	814	155	573	774	679	325	433	234	0	234	433	565	612	565	217	595	808	728	394	645	286	357	680	485	645	649	494	249	240	204	511	723	791	704	479	165	92	257	408	413	270	660	205	525	818	492	659	650	466	157	193	295	574	749	781	661	416	132	683	664	519	280	115	350	569	702	815	729	476	234	433	749	581	299	45	376	635	767	780	564	201	233	587	789	756	869	700	379	440	117	377	647	539	779	814	648	350	258	556	427	633	713	652	462	181	137	652	556	382	174	174	381	556	651	422	338	231	180	250	356	432	457	303	327	648	846	838	623	135	556	806	598	191	287	372	417	407	347	252	171	620	451	147	299	560	255	104	431	645	685	542	489	490	420	294	149	147	291	418	631	360	174	546	332	476	535	494	366	190	160	662	452	205	273	526	704	753	184	242	575	688	539	89	357	555	643	603	445	198	322	627	813	734	441	614	534	365	193	261	451	584	462	389	268	185	260	382	459	801	795	680	487	292	310	515	700	742	416	223	592	812	588	352	105	268	520	702	778	738	
154	100	313	482	577	586	505	348	140	202	347	452	479	420	293	158	525	253	111	416	620	661	264	423	540	501	338	565	432	234	0	234	432	565	611	58	378	577	557	326	606	353	142	512	397	421	447	451	429	401	221	385	514	557	501	363	204	284	23	310	486	476	603	223	291	632	390	448	420	318	227	277	240	421	533	546	457	288	126	540	607	555	392	153	121	366	470	589	550	364	80	225	529	437	298	222	322	458	536	574	455	251	204	406	555	532	693	603	307	211	337	144	506	591	562	580	441	186	123	395	359	449	480	441	348	256	262	581	601	539	406	244	187	326	480	378	438	443	395	304	211	198	283	290	94	415	641	698	569	369	415	579	547	418	420	367	274	176	173	267	363	595	546	297	118	422	425	178	200	444	587	580	368	481	523	489	383	226	89	207	403	351	353	405	138	260	420	515	516	423	261	611	480	256	55	299	510	622	377	103	351	570	580	165	122	361	534	603	554	396	147	408	641	646	420	383	389	403	413	412	401	388	302	390	435	416	342	248	225	567	576	495	342	136	98	308	474	521	262	111	425	584	573	422	210	64	286	482	605	637	
291	242	332	391	400	360	278	188	165	91	181	415	567	606	526	341	372	244	178	286	400	434	497	538	426	269	335	612	565	433	234	0	234	433	565	289	383	401	325	240	475	394	95	282	571	387	217	347	544	632	454	530	518	419	272	200	315	503	216	197	490	611	457	299	199	398	554	456	251	130	340	511	455	533	512	399	228	146	301	324	459	508	458	321	134	137	391	394	317	206	200	308	320	228	302	436	525	531	452	348	278	332	432	480	445	332	460	419	227	106	507	189	292	554	537	431	215	96	335	502	551	512	385	219	194	353	493	422	555	614	586	478	313	172	250	297	479	589	609	536	383	171	72	288	165	267	414	478	428	559	540	387	414	624	654	584	428	213	90	306	502	480	559	425	134	221	532	406	214	213	404	531	198	404	549	610	578	459	269	39	223	319	579	532	294	63	244	460	588	600	494	469	442	334	179	130	277	409	514	323	160	370	534	387	172	127	345	511	579	534	112	200	408	466	349	227	187	396	571	644	597	440	103	353	539	617	575	418	182	422	366	261	149	144	257	361	421	315	95	337	518	509	472	440	361	262	214	274	373	448	
412	469	559	565	484	331	126	98	306	324	95	325	567	703	703	566	160	278	407	450	389	251	672	772	578	165	315	565	611	565	432	234	0	234	432	490	602	487	188	193	272	392	317	144	802	593	227	203	576	796	649	764	729	549	262	88	406	652	422	162	424	653	242	372	409	295	786	672	386	115	424	695	670	767	714	523	238	151	445	117	243	385	461	453	361	213	572	448	205	94	368	543	363	31	308	585	747	760	623	323	61	392	636	711	596	390	321	185	200	336	598	423	82	432	735	548	245	247	550	736	777	740	556	266	105	419	663	201	424	595	678	662	546	352	131	210	453	644	743	731	612	404	163	296	390	420	371	273	222	667	775	450	216	745	830	799	660	447	260	343	565	292	487	495	315	14	559	576	448	222	170	401	77	274	491	638	689	638	490	273	354	277	734	767	522	270	50	339	570	689	671	256	343	391	381	317	228	191	573	533	306	139	406	551	403	181	111	341	516	591	286	297	267	232	246	385	47	346	643	813	822	669	136	287	560	733	765	648	411	543	393	186	91	300	482	592	614	366	171	543	751	681	299	401	467	477	429	335	235	213	
480	631	765	796	715	543	328	245	425	523	252	213	483	697	782	719	75	328	580	681	602	365	751	958	812	378	290	433	565	612	565	433	234	0	234	619	815	718	374	240	43	351	491	346	961	814	458	119	522	852	754	937	948	783	487	233	450	704	563	258	300	597	50	409	626	476	950	888	619	304	455	782	800	954	938	756	469	296	525	269	55	207	401	520	535	445	801	676	403	227	487	729	592	261	314	646	886	961	854	537	173	411	754	910	830	620	468	153	259	539	600	604	256	245	961	781	478	399	688	924	925	943	787	499	239	434	737	70	229	487	670	752	719	578	348	194	365	603	771	829	770	602	364	310	556	652	573	342	21	674	957	679	19	759	898	922	827	636	417	360	544	60	342	494	458	247	502	660	642	453	146	211	236	137	361	570	698	725	643	468	587	252	786	948	684	483	198	179	466	675	753	49	211	407	525	540	447	269	546	668	536	201	218	632	579	412	165	120	375	558	434	530	424	155	172	616	270	272	617	874	966	872	332	228	498	741	855	808	615	777	617	405	289	432	641	791	841	595	343	671	944	913	82	316	508	623	644	567	405	182	
479	700	877	954	911	760	546	396	486	645	405	160	324	585	747	769	299	362	665	844	819	600	719	1033	983	593	273	234	432	565	611	565	432	234	0	653	935	914	599	326	225	282	590	565	1000	950	656	233	388	789	749	996	1075	964	694	390	433	651	618	369	155	449	271	399	763	705	996	1010	793	456	424	756	818	1031	1075	939	668	420	526	496	274	58	292	509	628	623	955	879	625	381	533	817	794	463	314	607	906	1057	1015	753	375	382	762	1004	1001	820	702	387	341	662	509	697	478	28	1101	967	673	497	724	1003	953	1043	947	692	386	393	702	304	11	303	559	732	792	732	560	269	236	469	686	811	821	713	510	321	638	820	796	575	255	580	1026	880	242	661	844	924	885	734	514	349	439	183	149	421	533	442	369	643	747	651	381	34	399	165	180	414	602	704	700	592	761	264	723	1016	748	626	384	105	291	559	723	258	132	377	589	691	659	503	435	702	702	434	32	616	669	590	394	120	178	440	520	712	656	381	216	780	453	211	497	813	987	975	481	224	359	640	825	858	733	961	825	617	452	503	704	892	986	796	471	698	1030	1073	152	213	474	675	777	762	634	413	
180	103	314	501	614	636	562	406	195	247	404	495	495	401	243	119	581	300	143	445	668	718	216	390	562	557	380	589	435	217	58	289	490	619	653	0	378	613	613	379	659	385	195	569	349	428	499	503	437	354	165	344	509	584	552	420	230	250	72	366	521	477	658	256	320	686	344	444	457	376	249	225	183	389	533	576	509	346	139	598	662	597	416	165	166	418	486	629	605	421	132	217	574	495	340	195	267	435	551	624	512	280	146	385	576	575	749	660	360	253	330	168	563	631	562	609	492	244	71	366	307	430	500	490	405	280	217	636	642	556	391	192	169	365	537	429	466	441	361	248	171	227	341	334	135	448	691	756	623	350	379	618	601	389	369	310	235	193	230	304	366	646	578	307	176	480	436	140	218	496	644	623	425	529	553	494	360	177	74	260	444	397	311	369	118	309	478	559	534	408	212	665	523	285	111	342	563	680	380	50	396	628	622	135	155	415	591	651	582	398	205	454	697	703	469	419	447	442	406	363	347	374	359	435	447	390	286	206	252	596	620	550	400	193	93	300	483	565	320	53	398	595	623	456	220	51	312	527	661	695	
530	280	65	179	382	528	594	570	459	294	564	778	856	776	562	292	752	581	283	220	525	730	548	232	246	557	678	934	809	595	378	383	602	815	935	378	0	379	612	612	858	714	346	588	357	69	453	727	807	671	465	277	141	296	479	583	578	612	359	574	836	852	837	588	195	627	327	75	288	511	602	534	391	226	155	305	453	526	503	660	839	877	762	531	312	407	156	429	587	589	433	163	426	586	638	568	394	174	204	518	654	619	423	140	253	406	706	784	596	278	708	247	638	920	185	329	433	439	345	199	381	149	185	415	577	629	558	800	925	914	768	513	217	261	560	670	802	818	717	518	276	222	452	627	310	250	571	789	810	725	250	413	796	752	658	474	252	209	421	621	740	863	901	675	409	588	803	506	192	454	771	902	579	780	883	867	733	514	304	349	305	675	651	248	264	334	623	831	890	784	541	849	806	624	371	288	518	742	754	356	317	726	903	508	276	432	712	892	914	773	417	361	671	832	722	259	557	744	784	669	421	89	484	713	813	757	560	277	203	316	460	534	528	439	286	88	123	414	476	377	189	232	854	776	588	328	173	396	643	807	
