NAME:	instance_29-triangle
TYPE:	VRPRDL
DIMENSION:	191
CAPACITY:	750
TIME_HORIZON:	720
NUM_CUSTOMERS:	61
NODE_COORD_SECTION
1	0.0	0.0
2	18.793527823	-164.024964935
3	45.2674988346	-103.920876486
4	84.7163944282	-134.986503881
5	-18.044136773	55.2210785717
6	-4.10952256497	-9.01131608388
7	-60.672882366	-23.9000356775
8	-54.9786042197	0.0212404098578
9	-17.5824685659	-69.8061149379
10	141.185423467	7.08505455304
11	153.765709542	18.3601103631
12	167.098690334	38.6411867634
13	106.51894441	-9.88341573438
14	128.862959663	-22.2895521716
15	83.7311251362	-89.7052871378
16	79.6087172576	-33.4786424847
17	-115.252170614	-49.2442760238
18	-122.989927318	-132.553229456
19	-112.228766799	-137.398925653
20	-120.868912904	-129.648419902
21	10.0724412352	-25.3620640582
22	33.8394671884	-7.04531507295
23	-17.7875087858	-16.3191250343
24	14.1802519714	-86.2346164574
25	2.5331266903	-23.3100279906
26	90.241468684	124.356761146
27	30.2690363474	16.5923686952
28	-40.4571095098	52.9076022682
29	-33.9895759854	-61.1388480598
30	-76.3246104915	38.1720472738
31	-53.0863169131	6.87158928722
32	-11.7241476734	6.99063813578
33	73.5384489758	-4.30977386807
34	62.8062981958	56.147680368
35	66.4517013468	71.4810018468
36	63.2818690307	74.3858147505
37	58.5128849243	54.823942711
38	-35.9710629982	-130.441715116
39	0.544955710097	-162.696086372
40	35.167067825	-147.698983433
41	18.3523522074	-149.845751412
42	44.803107243	132.660121762
43	153.745697205	83.4497520556
44	151.919058235	81.9785323275
45	45.3598280428	-35.1322890807
46	27.2021033768	-72.5387971294
47	-8.15744089917	-47.0173447269
48	3.08152702028	-46.0581120044
49	85.7658421308	-36.252840319
50	115.864456336	36.172894942
51	51.4545863552	40.304243548
52	69.8431559432	11.0907216872
53	69.9382782032	10.3917890349
54	33.898206455	50.8649086351
55	-32.7340205551	38.6296888781
56	5.20144153754	-3.00265329866
57	-14.7297518018	2.60547392112
58	6.85519018191	-58.7407073145
59	-15.283579331	-58.4278516986
60	-102.271586942	15.839880134
61	-68.9296402999	-14.8841414582
62	-57.6460055037	127.785899128
63	-95.161575336	129.021190358
64	-15.2304697422	160.061314516
65	-58.3688365719	120.82134475
66	53.9077783137	-21.3027128801
67	39.3294820836	-7.43934478005
68	32.0827113814	-63.3709557487
69	41.1932300008	-76.3347711276
70	-96.0152079757	44.1678766098
71	-76.5756243138	81.216034528
72	-85.9835055098	37.2742718093
73	3.48104464441	14.7807912848
74	44.3695585159	60.9786119238
75	-14.8780172799	-121.259727306
76	-51.5388244382	-113.360936085
77	-44.43056083	-124.722060986
78	-14.8070235991	-42.0557493467
79	-63.9448001652	-91.820755088
80	134.764164235	-109.456003495
81	120.071806469	-117.265596819
82	41.9069832417	-126.617102437
83	74.0230644575	-140.69049122
84	88.5175474826	-138.715407268
85	-76.6079315537	21.5175647585
86	-66.0052576308	41.5807308669
87	-77.3869425351	21.764052189
88	17.4555210569	-6.68516285698
89	31.0818202825	-28.4369802858
90	-1.26935574307	9.60525876815
91	-10.3230905706	-4.65823053166
92	1.59400820505	4.02802676321
93	-104.452717525	-49.4110304818
94	-95.0672944399	-13.1140034112
95	-29.6887380913	-12.5534519451
96	-35.3611864955	-11.773747277
97	-2.82397987624	-145.729346167
98	-67.3888728619	-126.86342085
99	-45.7274270636	-102.899426654
100	60.0582049158	-190.675753847
101	33.8691114447	-96.3693041551
102	41.5052049635	-152.381563218
103	27.9262565773	-158.153024551
104	-124.164001155	122.244443999
105	-17.1984384854	37.0038514555
106	-71.0843400504	57.1033261643
107	-16.4438636176	-11.4653517207
108	-26.6683852405	6.16492304347
109	-109.273907401	-35.5781024776
110	-59.2209028825	20.3204346838
111	-78.0470560367	-7.22256261061
112	-63.026627376	10.1427873458
113	-100.835122319	52.290900144
114	-77.4702528739	120.388900544
115	-103.14828272	-132.134062711
116	-78.0768638485	-128.337052834
117	107.032729575	7.08224164063
118	88.3470554977	-11.4962432141
119	133.810826954	3.71581948954
120	103.4541877	8.10426365018
121	76.5237543912	98.9964889388
122	-69.4794274658	70.0563793536
123	-77.2129034495	91.0237664728
124	25.8665414039	-165.803194436
125	24.4515483882	-153.659408092
126	2.93574108394	75.6291943439
127	36.1782281975	106.128072896
128	31.4275673173	149.353948742
129	6.79807117498	135.786798845
130	128.46889266	32.7181911833
131	133.648005073	37.4962957707
132	74.4976238211	6.22635645752
133	113.224664198	21.9433366001
134	133.053275268	37.1593744151
135	-7.18533735953	-54.0307540826
136	9.75952844571	-6.95563066742
137	36.0013296042	44.3443079865
138	-33.4943069047	-11.6312275111
139	14.3522692208	39.9358268815
140	138.495657856	-76.7728173064
141	51.2273249807	-6.17268779296
142	94.8660489361	-22.2140834273
143	87.3097499306	-40.3470462634
144	19.1805181804	-43.6594714964
145	43.488254837	-37.9114093779
146	-4.68119913657	85.323904677
147	74.937192397	134.679203392
148	42.3630028717	25.5993776992
149	32.5335467414	104.503633567
150	113.188927802	20.1396593626
151	135.027136615	85.8132124306
152	138.136980651	121.281027204
153	114.908186018	43.8949468921
154	0.8488944631	-139.63360436
155	-38.6930850686	-74.6785661625
156	-38.2787513936	-166.238807777
157	-24.1823290146	-107.935485215
158	-23.8069335697	-107.667460866
159	-147.975950883	-39.269153349
160	-137.723810854	36.9456087902
161	-143.308547078	-15.8563932597
162	126.051767825	57.9921643312
163	138.190047524	59.4369057811
164	94.6895649496	-20.9377456001
165	138.248211238	40.6062936336
166	120.154562755	20.4698199352
167	-121.74392084	-65.0721522766
168	-98.4710587385	-149.371541619
169	-40.170220663	-85.8191438759
170	-56.0963608828	-82.9826722477
171	-53.7660127628	96.6045779587
172	-50.5520517269	42.284361505
173	48.2877515365	167.831240811
174	-7.16817830117	2.32634748995
175	79.9518758755	16.2726666516
176	-9.8390691618	5.84802424112
177	-55.2511074212	-101.611375425
178	-22.3342642434	-49.2724686105
179	-11.3711959352	-31.5713783286
180	72.7284841139	33.4250505215
181	-51.6506391574	-65.1983588641
182	-112.383682032	-106.899010041
183	-99.8576087736	-116.320665101
184	-143.490491691	-101.161277549
185	-101.31692548	-114.98058659
186	-8.39832538792	-87.1009444443
187	21.1293618377	-33.8458605261
188	1.09920003562	-22.4571807622
189	44.1434807916	63.2649948133
190	5.89277062707	-54.1886537209
191	9.07095352572	9.48582822963
EDGE_WEIGHT_SECTION
0	164	113	159	58	10	65	55	72	141	155	171	107	131	123	86	125	181	177	177	27	35	24	87	23	153	35	67	70	85	53	13	74	84	97	98	80	135	162	152	150	140	174	172	57	77	48	46	93	121	65	71	71	61	51	6	15	59	60	103	70	140	160	160	134	58	40	71	86	105	112	93	15	75	122	124	132	45	112	173	168	133	158	164	79	77	80	19	42	10	11	4	115	96	32	37	145	144	113	200	102	158	160	174	41	90	20	27	114	62	78	63	113	143	167	150	107	89	134	104	125	99	119	167	155	76	112	152	136	133	139	75	115	138	55	12	57	35	42	158	52	97	96	47	58	85	154	49	109	115	160	184	123	139	84	170	110	110	153	142	144	139	150	97	144	122	138	179	95	100	111	65	174	8	82	11	116	54	34	80	83	155	153	175	153	87	40	22	77	54	13	
164	0	66	72	222	156	161	180	101	210	227	251	177	179	99	144	176	145	134	144	139	158	152	78	141	296	181	225	116	223	185	174	169	224	240	242	222	64	18	23	14	297	281	279	131	92	120	119	144	222	207	182	181	215	209	161	170	106	111	216	173	301	314	324	295	146	158	102	90	238	263	227	179	226	54	86	74	127	109	128	112	44	60	74	209	222	209	157	136	174	162	168	168	188	159	162	28	94	89	49	69	26	11	320	204	238	157	176	181	200	184	192	247	300	126	103	192	168	203	192	268	250	272	7	12	239	270	313	299	225	232	179	208	231	113	157	209	161	204	148	161	161	141	120	128	249	303	191	269	206	275	309	229	30	106	57	70	70	208	254	219	246	253	162	237	210	171	118	97	110	270	218	332	168	190	172	97	122	136	204	121	143	128	174	130	82	130	142	228	110	173	
113	66	0	50	171	106	133	144	72	147	163	187	112	117	41	78	169	171	161	168	86	98	108	36	91	233	121	177	90	186	147	124	104	161	177	179	159	85	74	45	53	236	216	214	69	36	78	72	79	157	144	118	117	155	161	109	121	59	76	190	145	253	271	270	247	83	97	43	28	204	221	192	126	165	63	97	92	86	110	90	76	23	47	55	174	182	175	101	77	122	113	116	159	167	117	122	64	115	91	88	14	49	57	281	154	198	111	131	169	161	157	157	213	254	151	126	127	102	139	126	205	208	229	65	54	184	210	253	242	160	167	114	143	166	72	103	149	121	147	97	98	96	76	66	66	196	240	130	209	141	209	243	163	57	89	104	69	69	203	231	208	181	188	97	172	145	171	150	87	103	223	174	271	118	125	122	101	87	91	140	104	157	145	189	146	56	74	92	167	63	119	
159	72	50	0	216	154	183	194	121	153	168	192	127	121	45	101	218	208	197	206	132	137	157	86	138	259	161	225	140	236	197	171	131	192	207	210	192	121	89	51	68	271	229	227	107	85	128	121	98	173	178	147	146	193	209	154	169	109	126	240	195	298	319	311	293	118	135	89	73	254	269	242	170	200	101	138	130	136	155	56	40	44	12	5	224	232	225	145	119	168	161	162	207	217	167	172	88	152	134	61	64	47	61	331	200	247	160	179	218	211	207	207	263	302	188	163	144	123	147	144	234	256	277	66	63	225	246	289	282	173	179	141	159	179	122	148	186	171	188	79	133	113	94	112	105	237	269	166	245	158	226	261	181	84	137	127	112	112	251	281	257	197	201	114	184	159	218	184	134	150	269	222	305	165	151	169	144	137	141	168	153	199	186	231	187	105	119	140	202	113	163	
58	222	171	216	0	66	90	66	124	166	175	185	140	165	177	132	142	215	214	211	85	81	71	144	81	128	62	23	117	61	60	49	109	81	86	84	77	186	217	209	208	100	174	172	110	135	102	103	138	135	71	98	98	52	22	63	52	116	113	93	86	83	107	105	77	105	85	128	144	79	64	70	46	63	176	172	181	97	154	225	221	191	216	221	68	50	68	71	97	49	60	55	136	103	69	69	200	188	160	258	160	216	217	125	18	53	66	50	128	54	86	64	83	88	206	193	134	125	160	130	104	54	69	224	212	29	74	106	84	148	153	104	135	152	109	68	55	69	36	205	93	137	142	105	112	33	122	67	70	136	156	170	133	195	131	222	162	162	161	121	144	144	156	136	157	142	158	220	142	143	55	35	131	54	105	50	161	104	86	93	125	187	190	200	189	142	97	80	63	112	53	
10	156	106	154	66	0	58	52	62	146	160	177	110	134	119	87	118	171	168	168	22	38	16	79	16	163	43	72	60	86	51	18	77	93	107	107	89	125	154	144	142	150	183	181	56	70	38	38	94	128	74	77	77	71	56	11	16	51	51	101	65	147	165	169	141	59	43	65	81	106	116	94	25	85	113	114	123	35	102	171	164	126	153	159	79	80	79	22	40	19	8	14	108	91	26	31	137	134	103	192	95	150	152	178	48	94	13	27	108	62	74	61	114	149	158	140	112	92	138	109	135	103	124	159	147	85	122	162	145	139	145	80	121	145	45	14	67	30	52	158	55	100	97	42	56	94	164	58	119	121	168	193	130	131	74	160	100	100	147	140	139	146	158	100	151	128	130	169	85	90	117	69	184	12	88	16	106	44	24	88	74	146	144	167	144	78	35	14	87	46	23	
65	161	133	183	90	58	0	25	63	204	218	235	168	189	158	140	60	125	124	122	71	96	44	97	63	211	99	79	46	64	32	58	135	147	159	158	143	109	151	157	149	189	239	237	106	100	57	67	146	186	129	135	135	120	68	69	53	76	57	57	12	151	157	189	145	114	101	100	114	77	106	66	75	135	107	90	102	49	68	213	203	145	178	188	48	66	49	80	92	68	54	68	51	36	33	28	134	103	80	206	119	164	161	159	75	82	46	45	50	44	24	34	86	145	116	106	170	150	196	167	184	94	116	166	155	118	162	196	173	197	203	138	179	203	61	72	118	30	98	206	113	155	148	82	105	122	209	114	159	179	224	246	188	131	55	144	91	91	89	98	83	203	215	155	209	186	74	131	65	59	120	67	220	60	146	59	78	46	50	145	42	98	100	113	100	82	82	62	136	73	77	
55	180	144	194	66	52	25	0	79	195	209	225	161	185	165	139	78	149	149	145	69	89	40	111	61	191	87	55	65	44	7	44	128	130	141	140	126	132	172	173	167	166	225	223	105	110	66	74	145	174	114	125	125	102	45	60	40	85	71	50	20	127	135	165	121	111	94	108	123	60	84	48	60	117	128	113	125	58	92	218	210	159	191	199	30	43	31	73	90	55	45	56	70	42	28	23	155	127	103	223	131	180	178	140	53	59	40	29	65	21	24	13	69	122	141	130	161	143	188	158	165	72	93	184	173	95	140	172	149	186	192	129	169	191	72	65	101	24	80	207	106	151	147	86	104	99	187	100	136	168	208	228	174	150	76	167	112	112	101	91	90	190	201	151	197	175	93	156	87	83	96	42	197	48	135	46	102	59	54	131	65	121	125	134	124	99	82	60	118	82	65	
72	101	72	121	124	62	63	79	0	176	193	214	138	154	103	104	100	122	116	119	52	81	53	36	51	221	99	124	19	123	84	77	112	148	163	165	145	63	94	94	88	212	229	227	72	45	25	31	109	170	129	119	119	131	109	71	72	27	12	120	75	201	213	229	194	86	84	50	59	138	162	127	87	145	52	55	61	28	51	157	146	82	116	126	109	121	109	72	64	81	66	76	89	96	58	61	77	75	43	144	58	102	99	219	106	137	58	77	98	99	87	92	147	199	106	84	146	121	168	144	192	149	171	105	94	147	184	224	207	178	185	119	159	184	19	69	126	60	114	156	94	122	109	45	69	155	224	112	181	158	218	246	174	72	22	98	38	38	134	161	137	192	202	122	190	164	104	113	28	41	170	117	246	73	130	76	49	21	39	137	34	102	94	130	95	20	53	51	147	28	84	
141	210	147	153	166	146	204	195	176	0	17	41	38	32	113	74	262	298	290	295	135	108	160	157	142	128	111	187	188	220	193	153	69	92	99	103	95	224	220	188	199	158	77	76	104	139	159	148	70	39	95	71	71	115	177	136	155	149	169	243	210	232	265	219	229	92	103	130	130	240	229	229	137	110	202	227	227	164	227	117	126	167	162	155	217	210	218	124	116	142	152	139	252	236	171	177	210	247	216	214	149	188	200	288	161	218	158	167	253	200	219	203	246	246	280	257	34	56	8	38	112	220	233	208	199	154	144	179	186	29	31	67	32	31	160	132	111	175	131	84	91	55	72	132	107	165	144	101	146	31	79	114	45	203	197	249	201	201	292	280	284	53	52	54	34	25	272	285	203	216	214	195	186	148	62	151	224	173	157	73	206	277	270	304	271	176	127	143	112	148	132	
155	227	163	168	175	160	218	209	193	17	0	24	55	48	129	90	277	315	307	311	150	122	174	174	157	123	124	197	203	231	207	166	83	98	102	106	102	241	237	204	216	158	65	64	121	155	174	164	87	42	104	84	84	124	188	150	169	166	185	256	224	238	272	220	235	107	117	146	147	251	238	240	150	117	219	243	243	179	244	129	140	183	178	170	230	221	231	138	131	155	165	153	267	250	185	191	227	264	233	229	166	204	217	296	172	228	172	181	267	213	233	217	257	252	297	273	48	72	25	51	112	229	242	224	215	161	146	179	188	29	28	80	41	28	176	146	120	189	141	96	105	72	89	148	124	172	140	112	148	41	70	104	46	220	213	266	217	217	306	292	298	48	44	71	27	34	287	302	220	232	221	206	183	162	74	164	241	188	172	82	221	293	287	320	287	193	142	158	118	165	145	
171	251	187	192	185	177	235	225	214	41	24	0	78	72	153	113	295	336	329	332	169	141	192	197	176	115	138	207	224	243	222	181	103	106	106	110	109	264	261	228	240	154	47	46	142	178	195	185	110	51	115	101	101	133	199	167	185	187	206	270	241	242	277	219	240	128	136	169	170	262	247	252	165	124	242	266	266	199	265	152	163	207	202	194	244	232	245	156	152	170	182	169	285	266	203	208	250	287	255	253	189	228	241	303	184	238	190	196	285	227	248	232	267	258	319	296	68	93	48	71	109	238	249	248	239	168	147	175	187	39	33	98	56	34	197	163	131	206	152	119	124	94	112	169	145	178	133	125	149	57	57	88	52	243	234	289	240	240	324	304	314	45	36	94	29	50	306	325	241	253	228	217	175	178	90	179	262	209	191	94	242	314	308	340	308	216	163	177	125	186	160	
107	177	112	127	140	110	168	161	138	38	55	78	0	26	83	36	224	260	252	257	97	72	124	120	105	135	81	160	150	189	159	119	33	79	91	95	81	186	186	155	165	155	104	102	66	101	121	110	34	47	74	42	42	94	147	101	121	111	131	209	174	214	245	209	210	54	67	92	93	209	204	198	106	94	165	189	189	126	189	104	108	133	135	130	185	180	186	88	78	109	116	105	214	200	135	141	174	209	178	187	113	157	167	265	132	190	122	133	217	168	184	169	216	225	242	219	17	18	30	18	113	193	209	175	165	134	136	176	176	48	55	36	33	54	122	96	89	139	104	74	55	17	36	94	69	146	148	73	136	31	100	135	54	167	159	213	163	163	256	248	248	71	76	16	60	33	234	247	165	178	192	165	187	114	37	117	186	135	119	55	168	239	232	266	233	138	89	106	96	110	99	
131	179	117	121	165	134	189	185	154	32	48	72	26	0	81	51	245	274	266	271	119	96	147	131	126	152	106	185	167	214	183	143	58	103	113	117	104	197	190	157	169	176	108	106	84	113	139	128	45	60	99	68	67	119	173	125	145	127	148	233	198	239	270	232	235	75	91	105	103	234	229	223	131	119	175	202	201	145	205	87	95	136	130	123	209	205	210	112	98	134	140	130	234	224	159	164	180	222	192	182	120	157	169	290	158	215	146	157	238	192	207	193	241	250	256	232	37	42	26	40	132	218	234	177	168	159	158	197	200	55	60	61	47	59	140	120	114	163	129	55	79	34	45	112	87	171	166	98	159	45	108	143	68	174	175	220	175	175	277	272	272	80	82	34	63	44	254	260	180	194	218	191	206	138	62	141	200	153	141	79	185	255	247	283	248	151	108	128	120	127	124	
123	99	41	45	177	119	158	165	103	113	129	153	83	81	0	56	203	211	201	208	98	97	125	70	105	214	119	189	121	205	167	135	86	147	162	165	147	126	111	76	89	226	186	184	67	59	101	92	53	129	134	102	101	149	173	117	135	83	104	214	170	259	282	269	254	75	93	58	45	224	234	212	132	156	104	137	133	109	148	55	46	56	52	49	195	199	195	106	81	131	127	125	192	194	137	142	103	156	130	104	50	76	88	296	162	212	127	146	200	180	181	177	232	265	191	166	100	78	106	99	189	221	242	96	87	184	202	245	238	130	137	96	115	136	98	111	142	141	147	56	90	68	49	79	66	196	224	123	201	114	182	217	137	97	123	144	109	109	237	255	239	153	158	69	141	116	207	191	124	140	231	187	260	129	106	133	139	114	111	123	137	196	185	227	186	92	84	107	158	86	124	
86	144	78	101	132	87	140	139	104	74	90	113	36	51	56	0	195	225	217	222	70	53	99	84	78	158	70	148	117	171	138	99	30	91	106	109	91	151	151	122	131	170	138	136	34	65	88	77	7	79	79	46	45	96	133	80	100	77	98	188	149	212	238	216	207	28	48	56	58	191	194	179	90	101	129	153	153	94	155	94	93	100	107	105	164	163	165	67	49	91	94	86	184	175	111	117	139	174	143	158	78	125	134	256	120	175	99	112	188	147	160	148	199	220	207	183	49	24	66	48	133	181	200	142	132	133	146	189	184	82	89	40	65	88	89	74	89	115	98	73	39	19	10	61	36	145	168	70	146	63	131	165	85	132	125	178	127	127	227	227	223	103	110	20	94	67	203	212	131	144	186	150	204	93	50	97	151	102	91	67	135	205	198	233	198	103	58	79	103	77	82	
125	176	169	218	142	118	60	78	100	262	277	295	224	245	203	195	0	84	88	81	127	155	103	135	121	269	159	127	82	96	84	118	194	206	218	217	202	113	162	179	167	242	299	297	161	144	107	118	201	246	189	194	194	179	120	129	113	122	100	66	58	186	179	232	179	171	160	148	158	95	136	91	135	194	124	90	103	101	67	257	245	175	210	223	80	103	80	139	148	128	114	128	11	41	93	88	148	91	88	225	156	187	180	172	131	115	106	104	15	89	56	79	102	173	84	87	229	206	254	226	242	128	145	183	174	171	216	247	221	256	263	197	239	262	108	132	177	90	157	255	172	212	202	134	159	174	264	174	212	238	284	305	248	147	81	140	108	108	34	89	44	263	275	212	268	245	17	102	84	68	158	112	272	120	205	119	80	93	105	205	66	58	69	59	67	113	137	119	195	121	137	
181	145	171	208	215	171	125	149	122	298	315	336	260	274	211	225	84	0	12	4	170	200	157	145	166	333	213	203	114	177	156	178	234	264	278	278	260	87	127	159	142	314	350	348	194	161	143	152	229	292	245	240	239	241	193	182	173	149	130	150	129	268	263	312	261	208	204	169	174	179	218	173	194	255	109	74	79	140	71	259	243	165	197	212	161	183	161	188	185	187	170	185	85	122	152	149	121	56	83	192	161	165	153	254	200	196	161	169	98	166	133	155	186	256	20	45	268	243	290	266	305	209	227	152	149	243	287	321	298	300	307	241	281	306	139	182	237	150	220	267	215	244	229	167	191	247	332	228	284	280	337	363	295	124	102	91	102	102	97	170	118	313	323	244	312	286	67	30	95	83	239	189	345	178	251	179	74	130	150	256	98	28	28	37	28	123	174	165	257	150	194	
177	134	161	197	214	168	124	149	116	290	307	329	252	266	201	217	88	12	0	12	165	195	153	136	161	330	209	203	109	179	156	175	228	260	274	274	257	77	116	148	131	312	344	342	187	153	137	146	221	286	241	234	233	237	192	178	170	142	124	153	130	271	266	313	264	202	199	161	165	182	221	176	190	252	99	65	69	136	66	249	233	155	186	201	163	185	163	183	179	183	167	181	88	125	149	147	110	46	74	180	151	154	142	260	198	199	158	167	102	166	135	156	189	259	10	35	262	236	282	259	301	212	230	141	138	242	285	320	297	294	301	235	275	300	133	178	234	148	217	257	209	236	221	161	184	246	329	224	281	274	332	359	289	113	96	79	93	93	104	176	125	307	317	237	306	280	73	18	88	78	241	190	344	174	245	176	67	126	146	251	94	31	24	48	25	115	168	161	253	144	190	
177	144	168	206	211	168	122	145	119	295	311	332	257	271	208	222	81	4	12	0	167	197	153	142	162	329	209	199	110	173	152	174	230	260	274	274	257	85	126	157	141	310	346	344	191	158	139	148	226	288	241	236	235	237	190	178	169	146	126	147	126	265	260	308	258	204	201	166	171	176	215	170	190	252	106	71	77	137	68	256	241	163	195	210	157	179	157	184	181	183	167	181	82	119	148	146	119	54	80	191	158	164	152	252	196	193	158	165	95	162	129	151	183	253	18	43	264	239	287	262	301	206	224	151	147	240	283	317	294	296	303	237	277	302	135	178	234	147	216	264	211	241	226	163	188	244	328	224	280	276	333	359	291	122	98	90	99	99	94	167	116	309	319	241	308	282	65	30	92	79	235	185	342	174	247	175	71	127	146	252	94	24	25	36	24	120	170	161	253	147	190	
27	139	86	132	85	22	71	69	52	135	150	169	97	119	98	70	127	170	165	167	0	30	29	61	8	169	47	93	57	107	71	39	67	96	111	113	93	114	138	125	125	162	180	178	37	50	28	22	76	122	77	70	69	80	77	23	37	34	41	119	79	167	187	186	161	44	34	44	59	127	137	115	41	93	99	107	113	30	99	150	143	106	131	137	98	101	99	20	21	37	29	31	117	105	41	47	121	127	95	173	75	131	134	199	68	115	30	48	120	83	90	81	135	170	155	135	102	79	127	99	140	124	145	141	129	100	134	176	160	131	138	71	113	137	33	18	74	45	65	138	45	85	78	20	36	111	172	60	132	112	167	195	125	115	69	149	89	89	159	160	153	143	153	85	143	119	137	164	78	88	138	90	197	33	81	37	100	40	22	86	73	147	142	171	143	64	14	9	95	29	34	
35	158	98	137	81	38	96	89	81	108	122	141	72	96	97	53	155	200	195	197	30	0	52	82	35	143	24	95	87	119	87	48	39	70	85	87	67	141	159	140	144	140	150	148	30	66	58	50	60	92	51	40	40	58	80	29	49	58	71	137	102	163	187	174	158	25	6	56	70	140	141	128	37	69	124	136	141	60	129	144	140	120	139	142	113	111	114	16	22	39	44	34	145	128	63	69	143	156	124	185	89	146	151	204	67	123	50	61	145	96	112	97	147	169	185	165	74	54	100	71	114	128	148	159	147	88	113	156	145	102	109	43	85	108	62	24	51	67	51	126	17	63	63	39	32	100	148	34	111	84	137	165	96	137	99	174	116	116	184	176	176	113	123	62	114	91	166	194	108	118	136	98	175	42	51	46	130	70	51	56	103	177	172	200	173	90	30	36	71	55	30	
24	152	108	157	71	16	44	40	53	160	174	192	124	147	125	99	103	157	153	153	29	52	0	77	21	177	58	73	48	80	42	24	91	108	121	121	104	115	147	142	138	161	198	196	65	72	32	36	105	144	89	92	92	84	57	27	19	49	42	90	51	149	165	176	143	72	58	69	84	99	114	87	37	99	105	103	112	26	88	178	171	125	154	162	70	75	70	37	50	30	14	28	93	77	12	18	130	121	91	191	95	148	149	174	53	91	5	24	93	55	61	52	107	149	143	127	126	106	152	123	148	101	123	156	144	94	133	173	154	154	161	95	136	160	39	29	81	16	64	167	69	113	107	46	64	102	176	73	131	136	184	208	146	124	62	151	91	91	132	131	125	162	173	113	166	143	115	155	73	77	118	67	196	21	103	24	93	33	17	103	59	131	129	152	129	71	42	20	100	45	37	
87	78	36	86	144	79	97	111	36	157	174	197	120	131	70	84	135	145	136	142	61	82	77	0	64	224	104	149	54	154	115	96	101	150	166	168	148	67	78	65	64	221	219	217	60	19	45	41	87	159	132	112	112	138	133	84	93	28	41	154	109	225	241	247	219	76	83	29	29	170	190	159	102	150	46	71	70	53	78	123	110	49	81	91	141	151	141	80	60	97	85	91	124	131	86	89	62	91	62	114	22	72	73	250	126	167	81	101	133	129	121	123	179	226	126	101	131	105	149	130	195	177	199	80	68	161	193	236	221	164	171	110	147	170	39	79	132	89	126	125	88	103	86	43	57	172	229	115	192	145	210	241	165	55	54	96	44	44	169	195	172	182	191	104	176	150	138	129	54	70	195	144	256	90	121	94	71	52	60	133	69	128	118	158	119	23	53	65	152	33	95	
23	141	91	138	81	16	63	61	51	142	157	176	105	126	105	78	121	166	161	162	8	35	21	64	0	172	49	87	53	100	63	33	74	99	114	115	96	113	139	129	127	161	185	183	44	55	26	23	84	127	80	75	75	81	71	20	31	36	39	111	72	162	181	183	156	51	40	50	65	119	131	107	38	94	99	105	111	26	95	157	150	110	137	143	91	94	91	22	29	33	23	27	110	98	33	39	123	125	93	177	79	135	137	193	63	109	22	41	112	75	82	73	127	164	151	132	109	87	134	106	143	118	139	144	132	99	133	175	159	137	144	78	120	143	32	18	75	37	64	146	52	92	86	26	43	108	173	63	131	119	171	198	131	116	66	148	88	88	151	152	146	148	158	92	149	126	131	161	76	84	132	84	196	27	86	31	97	36	16	90	68	142	138	165	138	65	21	2	96	31	33	
153	296	233	259	128	163	211	191	221	128	123	115	135	152	214	158	269	333	330	329	169	143	177	224	172	0	123	149	223	188	185	155	130	74	58	57	76	283	300	278	283	46	76	75	166	206	197	191	161	92	92	115	116	93	150	153	160	201	210	221	211	148	185	111	149	150	141	196	206	203	172	197	140	78	267	276	282	197	265	238	243	256	265	263	196	177	196	150	164	147	163	149	261	231	181	185	285	296	264	316	227	281	289	214	138	175	172	166	255	182	213	191	204	168	320	303	118	136	128	117	29	169	171	297	285	100	57	64	84	99	97	119	105	97	202	154	97	184	114	207	136	146	165	182	169	103	18	109	61	107	59	48	84	278	237	317	258	258	289	244	272	75	81	145	96	108	284	332	247	253	147	163	60	156	109	155	268	207	186	93	236	306	306	324	306	233	172	172	77	197	140	
35	181	121	161	62	43	99	87	99	111	124	138	81	106	119	70	159	213	209	209	47	24	58	104	49	123	0	80	100	109	84	43	48	51	66	67	48	160	181	164	167	117	140	138	54	89	74	68	77	88	32	40	40	34	67	32	47	79	87	133	104	142	168	151	137	45	26	80	94	129	125	118	27	47	145	153	159	74	143	164	161	144	163	166	107	99	108	27	45	32	46	31	149	128	66	71	165	173	141	209	113	169	175	187	52	109	54	58	148	90	110	94	135	150	199	180	77	64	104	74	94	113	131	182	170	65	89	132	121	100	105	45	83	105	80	31	28	69	28	143	31	75	80	61	56	77	126	15	88	83	126	150	89	159	114	195	135	135	186	169	176	104	116	75	111	90	172	209	124	131	116	85	152	40	50	41	146	84	63	46	115	189	185	210	185	111	51	49	49	75	22	
67	225	177	225	23	72	79	55	124	187	197	207	160	185	189	148	127	203	203	199	93	95	73	149	87	149	80	0	114	39	48	54	128	103	109	106	99	183	218	214	211	116	196	194	123	141	105	108	154	157	93	118	118	74	16	72	56	121	114	72	74	77	94	110	70	120	100	136	152	56	46	48	58	85	175	167	178	98	147	239	233	197	224	230	48	28	48	83	108	58	64	64	121	86	66	65	201	182	156	263	166	220	222	109	28	31	69	49	112	38	71	48	60	77	195	185	154	144	181	151	126	34	53	228	216	49	93	120	95	170	175	124	156	174	112	78	77	65	56	221	109	155	158	113	123	48	141	87	89	157	179	191	155	196	128	219	161	161	141	98	124	166	178	154	179	163	143	210	139	137	46	15	145	60	126	56	155	103	89	115	119	175	179	185	179	143	106	85	85	116	66	
70	116	90	140	117	60	46	65	19	188	203	224	150	167	121	117	82	114	109	110	57	87	48	54	53	223	100	114	0	108	71	72	121	151	166	166	148	69	107	111	103	209	236	234	84	62	29	40	122	178	132	126	126	131	99	70	67	41	19	103	58	190	199	222	184	96	91	66	76	122	148	111	85	145	63	55	64	27	43	175	164	100	134	145	93	107	94	75	72	78	61	74	71	78	49	49	90	74	43	160	76	118	115	204	100	123	53	68	80	85	70	77	131	186	99	80	156	132	180	153	194	136	157	121	109	142	181	220	201	187	194	127	168	193	28	69	126	50	112	173	101	135	123	56	81	149	224	115	178	167	224	250	182	86	14	105	48	48	116	143	118	199	209	135	199	174	88	109	25	31	159	105	243	69	137	71	46	17	37	143	18	91	86	117	86	36	61	52	147	40	83	
85	223	186	236	61	86	64	44	123	220	231	243	189	214	205	171	96	177	179	173	107	119	80	154	100	188	109	39	108	0	39	72	156	140	147	144	136	173	215	217	210	154	234	232	142	151	109	115	178	192	128	149	149	111	44	91	71	128	114	34	54	92	93	136	85	143	124	149	164	21	43	10	83	123	171	153	166	101	130	257	250	203	233	241	17	11	16	104	126	80	79	85	92	55	69	65	198	165	144	266	174	224	222	97	59	20	78	59	81	25	45	31	28	82	172	166	186	172	213	182	165	33	53	228	217	88	131	155	128	205	210	154	190	209	115	97	112	66	91	243	135	181	181	126	142	86	179	119	127	190	217	230	191	194	119	208	155	155	106	61	86	203	215	181	214	197	113	188	129	123	63	26	180	78	158	74	141	103	95	149	106	149	156	155	155	143	121	98	123	123	90	
53	185	147	197	60	51	32	7	84	193	207	222	159	183	167	138	84	156	156	152	71	87	42	115	63	185	84	48	71	39	0	41	126	125	135	134	121	138	178	178	172	159	220	218	107	112	70	76	145	171	110	123	123	97	38	59	38	89	75	50	27	121	129	158	114	110	93	110	125	57	78	45	57	111	134	120	132	62	99	220	213	164	194	202	28	37	28	71	91	52	44	54	76	46	30	26	161	134	110	227	135	185	183	136	47	53	41	26	70	15	29	10	66	116	148	137	159	141	186	156	159	65	87	189	178	89	133	166	142	183	189	127	167	188	76	64	97	27	75	209	104	150	148	88	106	92	181	97	130	166	203	222	171	156	83	174	118	118	105	89	93	186	198	149	194	173	99	163	94	90	90	36	190	46	133	43	109	64	56	128	72	128	132	141	131	104	84	62	112	84	62	
13	174	124	171	49	18	58	44	77	153	166	181	119	143	135	99	118	178	175	174	39	48	24	96	33	155	43	54	72	72	41	0	86	89	101	101	85	139	170	161	160	138	182	180	70	88	54	55	106	131	71	82	82	63	38	19	5	68	65	91	61	129	148	153	123	71	53	83	98	92	99	80	17	78	128	127	136	49	111	186	181	143	170	176	66	64	67	32	55	11	12	14	109	86	26	30	153	145	115	210	112	168	169	161	31	77	19	15	106	49	68	51	100	131	166	150	119	101	145	115	127	86	107	176	164	70	110	149	130	143	148	86	126	148	61	25	61	29	42	171	64	110	109	59	71	79	154	57	107	125	166	188	131	147	86	175	115	115	144	129	134	147	158	110	154	132	132	178	97	100	99	52	172	6	92	2	117	57	39	88	82	151	151	170	151	94	52	32	79	64	21	
74	169	104	131	109	77	135	128	112	69	83	103	33	58	86	30	194	234	228	230	67	39	91	101	74	130	48	128	121	156	126	86	0	61	76	79	61	167	174	148	156	140	118	116	42	82	92	82	34	59	50	16	15	68	115	68	88	86	104	176	141	186	215	187	182	26	34	72	79	176	173	165	73	72	146	166	168	96	163	122	122	126	136	135	152	147	153	55	49	76	83	72	184	167	102	108	161	187	155	187	100	151	160	234	100	157	89	100	184	135	151	136	183	196	218	196	35	16	61	32	103	161	178	168	157	107	117	159	155	66	73	11	48	72	95	63	61	106	74	97	22	28	38	67	45	119	139	43	116	47	109	141	64	154	132	196	142	142	223	215	215	81	91	27	78	53	204	225	140	151	162	133	174	81	22	84	161	106	89	38	139	212	206	238	206	116	60	75	74	84	66	
84	224	161	192	81	93	147	130	148	92	98	106	79	103	147	91	206	264	260	260	96	70	108	150	99	74	51	103	151	140	125	89	61	0	16	18	4	210	227	205	210	79	95	93	93	133	124	118	95	57	19	46	46	29	97	82	94	128	137	169	149	140	174	130	137	78	68	123	134	159	142	149	72	19	194	203	209	124	194	180	182	184	197	196	143	129	144	77	90	79	95	80	197	171	115	119	212	223	191	247	155	210	217	198	82	134	104	102	194	127	154	133	163	154	250	231	66	72	88	63	45	133	144	225	213	63	57	98	97	70	73	51	61	73	129	82	29	117	51	153	63	84	99	109	96	74	79	36	57	62	78	100	54	205	164	244	185	185	230	201	217	63	75	83	77	68	220	260	174	182	123	114	113	88	43	88	196	134	114	25	166	239	236	259	236	160	99	99	20	124	71	
97	240	177	207	86	107	159	141	163	99	102	106	91	113	162	106	218	278	274	274	111	85	121	166	114	58	66	109	166	147	135	101	76	16	0	4	18	225	243	221	226	65	88	86	109	149	139	133	109	61	34	60	61	39	104	96	106	143	152	177	160	136	172	120	134	94	83	139	150	165	143	156	85	24	209	218	224	139	209	193	196	200	212	211	151	136	152	92	106	92	108	93	209	181	127	131	228	238	206	262	171	225	233	197	90	138	117	114	205	135	164	143	168	152	264	246	76	86	95	73	29	136	145	241	229	64	46	85	87	73	75	66	68	75	144	97	41	130	61	165	79	98	113	124	112	72	64	51	47	69	70	87	56	221	179	259	200	200	240	207	227	61	73	97	78	74	232	275	189	197	122	121	98	101	57	101	211	149	129	39	180	252	250	271	250	175	114	114	24	139	84	
98	242	179	210	84	107	158	140	165	103	106	110	95	117	165	109	217	278	274	274	113	87	121	168	115	57	67	106	166	144	134	101	79	18	4	0	20	227	245	223	228	61	91	89	111	151	141	135	113	65	36	64	64	38	102	97	106	145	154	175	159	132	168	116	130	96	85	141	152	162	140	153	84	23	211	220	226	140	209	197	199	202	215	214	149	133	150	93	108	91	108	94	208	180	127	131	230	239	208	265	173	228	235	193	89	135	117	113	204	134	163	142	165	148	264	246	80	89	99	77	28	133	141	243	231	60	42	81	83	77	79	69	72	79	146	97	41	129	60	169	81	101	117	126	114	69	61	53	43	73	73	88	60	223	180	261	202	202	239	204	225	65	76	100	82	78	231	275	190	197	119	118	95	100	60	100	212	150	129	42	180	252	250	271	250	177	116	115	22	141	85	
80	222	159	192	77	89	143	126	145	95	102	109	81	104	147	91	202	260	257	257	93	67	104	148	96	76	48	99	148	136	121	85	61	4	18	20	0	207	225	203	208	79	99	97	91	131	121	115	95	60	16	45	46	25	93	79	90	125	134	165	145	137	170	129	134	76	65	121	132	155	138	145	68	15	191	200	206	121	191	181	183	182	196	196	139	125	140	74	88	75	91	76	193	167	111	115	210	220	188	245	153	208	215	194	78	130	100	98	190	123	150	129	159	151	247	228	68	73	91	65	47	129	140	223	211	59	56	98	96	73	77	51	64	76	126	79	25	113	47	154	61	85	99	106	94	70	81	33	56	65	82	104	57	203	161	241	182	182	226	197	213	67	79	84	81	71	216	257	171	179	119	110	113	84	44	84	193	131	111	26	163	235	233	255	233	157	96	96	17	121	67	
135	64	85	121	186	125	109	132	63	224	241	264	186	197	126	151	113	87	77	85	114	141	115	67	113	283	160	183	69	173	138	139	167	210	225	227	207	0	49	73	58	274	285	283	125	86	88	92	154	225	191	176	176	194	168	133	134	83	75	160	120	258	266	291	252	141	143	96	94	184	215	175	150	207	23	23	10	91	48	172	157	78	110	125	157	175	158	134	121	144	128	139	106	131	118	118	37	32	29	113	78	81	70	267	168	191	120	137	120	153	130	143	193	254	67	42	198	172	216	197	254	203	225	71	65	209	246	287	269	231	238	175	213	237	81	131	188	119	177	182	151	170	152	102	122	217	286	174	244	212	275	305	230	38	56	36	25	25	144	196	157	248	257	170	243	217	108	65	45	51	227	173	309	136	186	139	35	82	102	196	67	80	65	111	67	51	111	114	209	86	146	
162	18	74	89	217	154	151	172	94	220	237	261	186	190	111	151	162	127	116	126	138	159	147	78	139	300	181	218	107	215	178	170	174	227	243	245	225	49	0	38	22	298	289	287	135	94	116	117	152	230	209	187	186	215	203	159	165	104	105	206	163	295	306	322	288	151	160	104	95	228	255	217	177	228	44	72	59	121	96	144	128	55	77	91	199	214	200	157	138	172	158	166	154	178	152	155	17	77	76	66	74	42	28	310	199	230	152	171	168	192	174	184	237	293	108	86	200	175	213	199	272	243	264	25	26	238	270	313	298	233	240	184	216	239	109	156	209	154	203	163	164	169	150	120	132	247	306	193	269	214	282	315	236	23	96	39	60	60	193	243	205	254	261	170	245	218	156	100	87	98	264	211	333	165	195	168	83	115	131	209	111	126	111	156	112	76	130	140	230	109	172	
152	23	45	51	209	144	157	173	94	188	204	228	155	157	76	122	179	159	148	157	125	140	142	65	129	278	164	214	111	217	178	161	148	205	221	223	203	73	38	0	17	279	259	257	113	76	110	106	122	200	188	163	162	198	198	148	158	93	103	213	169	290	305	311	284	128	140	84	72	232	254	221	166	208	57	93	83	117	113	107	90	22	39	54	203	214	203	142	119	161	150	155	170	187	150	153	38	104	92	50	51	8	13	313	191	230	146	166	182	193	180	186	241	291	139	115	170	146	181	170	250	241	263	20	12	225	253	296	285	203	210	159	186	209	103	143	191	152	189	125	142	139	119	105	110	236	284	173	251	184	253	287	207	35	104	76	71	71	212	253	221	224	231	140	215	188	177	134	97	112	260	208	314	155	170	159	101	114	125	185	120	153	138	184	140	75	115	130	210	98	159	
150	14	53	68	208	142	149	167	88	199	216	240	165	169	89	131	167	142	131	141	125	144	138	64	127	283	167	211	103	210	172	160	156	210	226	228	208	58	22	17	0	283	269	267	118	78	106	105	132	210	193	169	168	201	195	147	156	92	97	205	161	287	300	310	281	133	144	88	77	225	249	214	165	212	44	79	68	113	100	123	107	33	56	71	196	209	197	143	122	160	148	154	158	177	145	148	22	89	79	58	56	23	13	307	190	225	143	162	171	187	172	179	234	286	123	99	180	155	192	179	255	236	258	18	7	225	256	299	285	213	220	166	196	219	99	143	195	147	190	141	147	149	129	106	115	235	289	177	255	194	262	296	216	20	94	59	60	60	199	243	209	234	241	150	225	198	163	117	87	100	256	204	318	154	177	158	88	108	122	191	110	138	123	169	125	68	116	128	214	96	159	
140	297	236	271	100	150	189	166	212	158	158	154	155	176	226	170	242	314	312	310	162	140	161	221	161	46	117	116	209	154	159	138	140	79	65	61	79	274	298	279	283	0	120	119	167	205	187	184	174	120	93	124	125	83	122	141	143	195	200	187	186	103	140	66	104	154	139	195	208	166	132	162	125	71	260	264	272	184	249	258	260	258	275	275	164	143	164	142	161	131	148	136	235	202	163	165	282	282	252	323	228	284	290	169	114	138	157	145	228	153	186	163	166	123	303	288	140	150	157	138	46	130	129	298	286	71	28	21	38	130	130	130	130	130	193	144	89	164	98	229	139	162	178	178	170	68	30	106	31	132	102	94	113	276	223	309	249	249	257	206	239	110	119	161	131	135	258	316	234	238	105	131	35	140	121	138	254	194	173	103	220	287	288	300	287	226	168	161	69	191	128	
174	281	216	229	174	183	239	225	229	77	65	47	104	108	186	138	299	350	344	346	180	150	198	219	185	76	140	196	236	234	220	182	118	95	88	91	99	285	289	259	269	120	0	2	160	200	207	198	137	60	111	110	111	124	192	172	186	203	220	264	243	216	253	186	215	144	146	190	195	252	230	243	165	112	264	283	286	210	279	194	203	237	238	231	238	223	239	163	165	171	185	171	289	266	206	211	276	304	272	290	215	261	271	281	177	226	194	196	288	222	249	228	256	234	334	313	89	115	82	90	79	224	231	279	269	151	120	139	156	56	50	110	73	51	211	170	124	209	146	161	135	120	140	184	163	158	94	125	123	75	19	41	55	269	248	314	260	260	325	294	312	37	28	119	46	71	312	342	256	267	208	208	135	180	99	180	278	220	200	95	252	326	322	349	322	234	176	185	111	201	162	
172	279	214	227	172	181	237	223	227	76	64	46	102	106	184	136	297	348	342	344	178	148	196	217	183	75	138	194	234	232	218	180	116	93	86	89	97	283	287	257	267	119	2	0	158	198	205	196	135	58	109	108	109	122	190	170	184	201	218	262	241	214	251	184	213	142	144	188	193	250	228	241	163	110	262	281	284	208	277	192	201	235	236	229	236	221	237	161	163	169	183	169	287	264	204	209	274	302	270	288	213	259	269	279	175	224	192	194	286	220	247	226	254	232	332	311	87	113	80	88	77	222	229	277	267	149	118	138	155	54	48	108	71	49	209	168	122	207	144	159	133	118	138	182	161	157	93	123	121	73	17	42	53	267	246	312	258	258	323	292	310	35	26	117	44	69	310	340	254	265	206	206	135	178	97	178	276	218	198	93	250	324	320	347	320	232	174	183	109	199	160	
57	131	69	107	110	56	106	105	72	104	121	142	66	84	67	34	161	194	187	191	37	30	65	60	44	166	54	123	84	142	107	70	42	93	109	111	91	125	135	113	118	167	160	158	0	41	55	44	40	100	76	52	52	87	107	51	71	45	65	155	116	193	216	204	187	16	28	31	41	162	168	150	65	96	105	124	126	61	123	116	111	91	109	112	134	134	135	40	16	65	63	59	150	142	77	83	120	145	113	156	62	117	124	231	95	147	66	83	154	118	126	117	170	198	177	154	75	49	96	72	138	155	176	132	120	118	142	185	175	107	114	50	89	113	56	45	80	81	81	102	30	51	42	28	3	130	172	61	140	87	150	181	105	113	93	155	100	100	193	196	189	123	132	51	119	93	170	183	99	112	165	122	202	64	61	68	120	69	57	74	102	173	166	200	167	74	24	46	98	44	58	
77	92	36	85	135	70	100	110	45	139	155	178	101	113	59	65	144	161	153	158	50	66	72	19	55	206	89	141	62	151	112	88	82	133	149	151	131	86	94	76	78	205	200	198	41	0	44	36	69	140	115	93	93	123	125	73	85	25	45	157	112	217	235	236	211	57	66	10	14	169	185	157	90	134	64	89	88	52	93	113	103	56	83	90	140	147	140	66	44	87	77	81	133	136	82	87	79	109	79	123	25	81	86	246	118	163	75	95	141	126	124	122	178	218	143	119	112	86	131	111	178	172	193	93	81	150	178	221	209	145	152	91	128	151	39	68	117	86	113	111	70	84	68	30	38	161	212	99	177	126	191	222	146	72	66	114	62	62	178	198	180	163	172	85	157	131	149	147	69	84	187	138	240	82	102	86	87	55	56	115	79	144	134	173	135	38	39	56	136	28	84	
48	120	78	128	102	38	57	66	25	159	174	195	121	139	101	88	107	143	137	139	28	58	32	45	26	197	74	105	29	109	70	54	92	124	139	141	121	88	116	110	106	187	207	205	55	44	0	11	94	149	105	97	97	106	89	46	50	19	13	113	69	181	196	207	175	67	62	43	57	126	145	114	63	120	75	79	85	8	72	156	146	94	125	133	96	106	97	48	43	57	42	52	96	93	41	45	99	99	67	159	65	116	117	205	84	122	37	56	102	85	80	79	135	181	127	107	127	103	151	124	168	132	154	124	112	123	159	200	183	158	165	98	139	164	7	44	101	44	90	150	72	106	95	27	52	132	199	88	157	138	195	223	153	93	41	123	63	63	140	154	139	170	180	106	170	145	115	136	50	60	150	99	222	49	108	53	72	14	16	114	47	120	115	146	115	40	32	26	122	16	59	
46	119	72	121	103	38	67	74	31	148	164	185	110	128	92	77	118	152	146	148	22	50	36	41	23	191	68	108	40	115	76	55	82	118	133	135	115	92	117	106	105	184	198	196	44	36	11	0	83	140	99	88	88	102	92	43	52	13	22	122	78	184	201	206	178	57	53	34	49	133	150	121	61	115	77	86	92	18	81	146	137	89	118	126	104	111	104	42	33	56	44	50	107	103	46	51	100	106	74	155	59	113	114	210	85	127	40	60	113	90	90	86	142	185	136	115	117	92	140	114	162	137	159	121	109	122	156	197	182	148	155	89	129	154	13	40	96	50	87	139	63	95	84	16	41	131	194	82	153	128	187	215	144	94	50	127	67	67	151	163	149	161	171	95	160	135	126	144	59	69	154	103	218	49	99	53	80	25	20	106	58	130	124	157	124	43	22	24	117	9	56	
