NAME:	instance_3-triangle
TYPE:	VRPRDL
DIMENSION:	40
CAPACITY:	750
TIME_HORIZON:	720
NUM_CUSTOMERS:	16
NODE_COORD_SECTION
1	0.0	0.0
2	-2.29558901984	9.34492742955
3	104.880315588	40.7964327052
4	34.8754740776	49.3933870566
5	72.2730556958	-22.1259719722
6	37.9604453441	10.5274811269
7	3.9459811073	5.9839730873
8	-25.9142691997	11.493228612
9	-22.6501884335	5.66421498769
10	161.221849562	-45.0937797507
11	1.51872346961	-2.65734420628
12	3.906104216	102.692263841
13	-74.8067597968	78.1162700162
14	-66.625007808	8.33164246641
15	-167.29522753	130.998021024
16	-141.793162506	12.9983490987
17	-125.428121737	99.7429503413
18	-124.656354313	98.8965011893
19	-23.4719870559	100.931567306
20	-36.0311950409	17.688324028
21	78.4390797941	-79.6870741534
22	111.641596519	-74.6742419004
23	22.9555000477	-97.5733132394
24	83.8906979647	-85.0429119534
25	81.447965242	-72.9835626872
26	-30.3462822033	-20.9414278577
27	88.1200883082	-47.3010466072
28	56.8152094503	21.0965016848
29	70.6443300327	107.712643201
30	112.382081696	37.2227668305
31	62.6391671064	24.0647187243
32	-13.2439164459	-5.09064262904
33	17.906268107	0.62934872974
34	25.149136551	4.52264421808
35	17.42714751	0.532743532973
36	-51.0050403141	-42.4373750988
37	-58.7260637142	15.8499804395
38	-78.8224409396	123.039080028
39	-52.8884129089	114.944021453
40	-101.968442199	81.999746372
EDGE_WEIGHT_SECTION
0	10	112	60	76	39	7	28	23	167	3	103	108	67	212	142	160	159	104	40	112	134	100	119	109	37	100	61	128	118	67	14	17	25	17	66	60	146	127	131	
10	0	112	55	81	40	7	24	21	172	13	94	100	64	204	139	152	151	94	35	120	142	110	128	117	41	107	60	122	118	67	18	22	28	22	71	57	137	117	123	
112	112	0	71	71	73	106	134	132	103	111	118	184	175	287	248	238	237	142	143	123	116	161	128	116	147	90	52	75	8	45	126	95	87	95	176	165	201	174	211	
60	55	71	0	81	39	53	72	72	158	62	62	113	109	218	180	168	167	78	78	136	146	147	143	131	96	110	36	68	78	38	73	52	46	52	126	99	135	110	140	
76	81	71	81	0	47	74	104	99	92	73	142	178	142	284	217	232	231	156	115	58	66	90	64	52	103	30	46	130	72	47	87	59	54	59	125	136	209	185	203	
39	40	73	39	47	0	34	64	61	135	38	98	131	104	238	179	186	185	109	74	99	113	109	106	94	74	77	22	103	79	28	53	22	14	22	103	97	162	138	157	
7	7	106	53	74	34	0	30	27	165	9	97	107	71	211	146	159	158	99	42	114	135	105	121	111	43	100	55	121	112	61	20	15	21	15	73	63	143	123	130	
28	24	134	72	104	64	30	0	7	195	31	96	83	41	185	116	133	132	89	12	139	162	120	146	137	33	128	83	136	140	89	21	45	51	45	59	33	123	107	104	
23	21	132	72	99	61	27	7	0	190	26	101	89	44	191	119	139	138	95	18	132	156	113	140	130	28	123	81	138	138	87	14	40	48	40	56	37	130	113	110	
167	172	103	158	92	135	165	195	190	0	165	216	266	234	373	309	321	320	235	206	90	58	148	87	85	193	73	124	178	96	120	179	150	145	150	212	227	293	267	292	
3	13	111	62	73	38	9	31	26	165	0	105	111	69	215	144	163	162	107	43	109	132	97	117	106	37	97	60	130	117	66	15	16	24	16	66	63	149	130	134	
103	94	118	62	142	98	97	96	101	216	105	0	82	118	174	171	129	128	27	94	197	207	201	204	192	128	172	97	67	126	98	109	103	100	103	155	107	85	58	108	
108	100	184	113	178	131	107	83	89	266	111	82	0	70	107	93	55	54	56	72	220	241	201	227	217	109	206	143	148	191	148	103	121	124	121	123	64	45	43	27	
67	64	175	109	142	104	71	41	44	234	69	118	70	0	159	75	109	108	102	32	170	197	139	177	169	47	164	124	169	181	130	55	84	92	84	53	11	115	107	82	
212	204	287	218	284	238	211	185	191	373	215	174	107	159	0	121	52	53	147	173	323	346	297	331	321	204	311	250	239	295	254	205	226	230	226	209	158	89	116	81	
142	139	248	180	217	179	146	116	119	309	144	171	93	75	121	0	88	88	147	106	239	268	198	246	239	117	238	199	233	255	205	130	159	167	159	106	83	127	135	80	
160	152	238	168	232	186	159	133	139	321	163	129	55	109	52	88	0	1	102	121	271	294	246	279	269	153	259	198	196	246	203	153	174	178	174	160	107	52	74	29	
159	151	237	167	231	185	158	132	138	320	162	128	54	108	53	88	1	0	101	120	270	293	245	278	268	152	258	197	195	245	202	152	173	177	173	159	106	52	74	28	
104	94	142	78	156	109	99	89	95	235	107	27	56	102	147	147	102	101	0	84	207	222	204	215	203	122	186	113	94	150	115	107	108	108	108	146	92	60	33	81	
40	35	143	78	115	74	42	12	18	206	43	94	72	32	173	106	121	120	84	0	150	174	129	158	148	39	140	93	140	150	99	32	56	63	56	62	23	114	99	92	
112	120	123	136	58	99	114	139	132	90	109	197	220	170	323	239	271	270	207	150	0	34	58	8	7	124	34	103	188	121	105	118	101	100	101	135	167	257	235	242	
134	142	116	146	66	113	135	162	156	58	132	207	241	197	346	268	294	293	222	174	34	0	92	30	30	152	36	110	187	112	110	143	120	117	120	166	193	275	251	265	
100	110	161	147	90	109	105	120	113	148	97	201	201	139	297	198	246	245	204	129	58	92	0	62	63	93	82	123	211	162	128	99	98	102	98	92	139	243	225	218	
119	128	128	143	64	106	121	146	140	87	117	204	227	177	331	246	279	278	215	158	8	30	62	0	12	131	38	109	193	126	111	126	108	107	108	141	175	264	242	250	
109	117	116	131	52	94	111	137	130	85	106	192	217	169	321	239	269	268	203	148	7	30	63	12	0	123	27	97	181	114	99	117	97	96	97	136	166	253	231	240	
37	41	147	96	103	74	43	33	28	193	37	128	109	47	204	117	153	152	122	39	124	152	93	131	123	0	121	96	163	153	102	23	52	60	52	30	46	152	138	125	
100	107	90	110	30	77	100	128	123	73	97	172	206	164	311	238	259	258	186	140	34	36	82	38	27	121	0	75	156	88	76	110	85	82	85	139	160	239	215	230	
61	60	52	36	46	22	55	83	81	124	60	97	143	124	250	199	198	197	113	93	103	110	123	109	97	96	75	0	88	58	7	75	44	36	44	125	116	170	144	170	
128	122	75	68	130	103	121	136	138	178	130	67	148	169	239	233	196	195	94	140	188	187	211	193	181	163	156	88	0	82	84	140	119	113	119	193	159	150	124	175	
118	118	8	78	72	79	112	140	138	96	117	126	191	181	295	255	246	245	150	150	121	112	162	126	114	153	88	58	82	0	51	132	101	93	101	182	172	209	182	218	
67	67	45	38	47	28	61	89	87	120	66	98	148	130	254	205	203	202	115	99	105	110	128	111	99	102	76	7	84	51	0	81	50	42	50	131	122	173	147	175	
14	18	126	73	87	53	20	21	14	179	15	109	103	55	205	130	153	152	107	32	118	143	99	126	117	23	110	75	140	132	81	0	31	39	31	53	50	144	126	124	
17	22	95	52	59	22	15	45	40	150	16	103	121	84	226	159	174	173	108	56	101	120	98	108	97	52	85	44	119	101	50	31	0	8	0	81	77	156	134	145	
25	28	87	46	54	14	21	51	48	145	24	100	124	92	230	167	178	177	108	63	100	117	102	107	96	60	82	36	113	93	42	39	8	0	8	89	84	158	135	149	
17	22	95	52	59	22	15	45	40	150	16	103	121	84	226	159	174	173	108	56	101	120	98	108	97	52	85	44	119	101	50	31	0	8	0	81	77	156	134	145	
66	71	176	126	125	103	73	59	56	212	66	155	123	53	209	106	160	159	146	62	135	166	92	141	136	30	139	125	193	182	131	53	81	89	81	0	59	168	157	134	
60	57	165	99	136	97	63	33	37	227	63	107	64	11	158	83	107	106	92	23	167	193	139	175	166	46	160	116	159	172	122	50	77	84	77	59	0	109	99	79	
146	137	201	135	209	162	143	123	130	293	149	85	45	115	89	127	52	52	60	114	257	275	243	264	253	152	239	170	150	209	173	144	156	158	156	168	109	0	27	47	
127	117	174	110	185	138	123	107	113	267	130	58	43	107	116	135	74	74	33	99	235	251	225	242	231	138	215	144	124	182	147	126	134	135	134	157	99	27	0	59	
131	123	211	140	203	157	130	104	110	292	134	108	27	82	81	80	29	28	81	92	242	265	218	250	240	125	230	170	175	218	175	124	145	149	145	134	79	47	59	0	
EDGE_TRAVEL_TIME_SECTION
0	19	79	225	121	151	79	47	14	57	47	6	335	6	134	206	216	134	318	424	285	320	318	207	80	219	224	269	200	239	219	200	74	200	134	121	257	237	134	35	
19	0	81	223	109	162	81	41	14	47	41	25	345	25	129	187	200	129	303	409	279	305	303	188	70	235	240	283	219	255	235	213	83	213	133	121	245	236	133	43	
79	81	0	147	78	95	0	122	69	128	122	77	270	77	209	197	263	209	370	476	360	372	370	219	149	188	198	225	218	212	188	153	150	153	56	43	205	158	56	45	
225	223	147	0	141	142	147	264	214	268	264	224	205	224	349	237	367	349	474	573	496	475	474	283	286	232	247	231	322	255	232	179	297	179	91	104	150	17	91	192	
121	109	78	141	0	161	78	145	107	143	145	124	316	124	219	123	227	219	334	436	361	336	334	156	155	262	272	292	295	286	262	220	192	220	75	72	137	157	75	104	
151	162	95	142	161	0	95	198	148	208	198	147	184	147	284	284	356	284	462	568	434	464	462	312	231	103	116	131	180	128	103	59	205	59	94	92	260	143	94	119	
79	81	0	147	78	95	0	122	69	128	122	77	270	77	209	197	263	209	370	476	360	372	370	219	149	188	198	225	218	212	188	153	150	153	56	43	205	158	56	45	
47	41	122	264	145	198	122	0	53	13	0	51	381	51	88	201	178	88	276	382	239	278	276	191	36	261	265	313	226	280	261	246	55	246	174	162	277	277	174	81	
14	14	69	214	107	148	69	53	0	61	53	18	331	18	141	193	214	141	317	423	292	319	317	198	83	221	227	269	211	242	221	199	87	199	123	110	243	226	123	29	
57	47	128	268	143	208	128	13	61	0	13	62	391	62	82	192	165	82	264	370	232	266	264	179	24	273	277	325	239	292	273	257	65	257	179	167	273	281	179	89	
47	41	122	264	145	198	122	0	53	13	0	51	381	51	88	201	178	88	276	382	239	278	276	191	36	261	265	313	226	280	261	246	55	246	174	162	277	277	174	81	
6	25	77	224	124	147	77	51	18	62	51	0	330	0	138	211	222	138	324	430	288	326	324	213	85	213	218	263	195	233	213	195	73	195	133	120	260	235	133	32	
335	345	270	205	316	184	270	381	331	391	381	330	0	330	468	432	533	468	640	745	617	642	640	471	414	169	179	115	296	174	169	146	386	146	241	247	355	191	241	302	
6	25	77	224	124	147	77	51	18	62	51	0	330	0	138	211	222	138	324	430	288	326	324	213	85	213	218	263	195	233	213	195	73	195	133	120	260	235	133	32	
134	129	209	349	219	284	209	88	141	82	88	138	468	138	0	236	141	0	215	317	151	217	215	204	64	338	339	393	277	354	338	329	93	329	260	248	339	363	260	169	
206	187	197	237	123	284	197	201	193	192	201	211	432	211	236	0	165	236	257	347	342	259	257	55	188	384	394	415	402	408	384	343	256	343	196	194	134	253	196	206	
216	200	263	367	227	356	263	178	214	165	178	222	533	222	141	165	0	141	108	213	187	110	108	112	144	435	440	482	402	455	435	411	217	411	295	287	297	383	295	241	
134	129	209	349	219	284	209	88	141	82	88	138	468	138	0	236	141	0	215	317	151	217	215	204	64	338	339	393	277	354	338	329	93	329	260	248	339	363	260	169	
318	303	370	474	334	462	370	276	317	264	276	324	640	324	215	257	108	215	0	106	175	2	0	202	240	537	540	586	491	555	537	516	305	516	403	395	391	490	403	346	
424	409	476	573	436	568	476	382	423	370	382	430	745	430	317	347	213	317	106	0	241	104	106	294	346	643	646	692	594	661	643	622	409	622	507	499	478	590	507	452	
285	279	360	496	361	434	360	239	292	232	239	288	617	288	151	342	187	151	175	241	0	177	175	295	212	478	478	536	397	492	478	475	233	475	409	397	465	511	409	319	
320	305	372	475	336	464	372	278	319	266	278	326	642	326	217	259	110	217	2	104	177	0	2	204	242	539	542	588	493	557	539	518	307	518	405	397	392	492	405	348	
318	303	370	474	334	462	370	276	317	264	276	324	640	324	215	257	108	215	0	106	175	2	0	202	240	537	540	586	491	555	537	516	305	516	403	395	391	490	403	346	
207	188	219	283	156	312	219	191	198	179	191	213	471	213	204	55	112	204	202	294	295	204	202	0	168	406	415	443	407	429	406	371	244	371	231	226	189	300	231	217	
80	70	149	286	155	231	149	36	83	24	36	85	414	85	64	188	144	64	240	346	212	242	240	168	0	297	300	348	259	315	297	280	78	280	198	186	279	299	198	112	
219	235	188	232	262	103	188	261	221	273	261	213	169	213	338	384	435	338	537	643	478	539	537	406	297	0	15	60	127	25	0	53	247	53	197	195	362	229	197	195	
224	240	198	247	272	116	198	265	227	277	265	218	179	218	339	394	440	339	540	646	478	542	540	415	300	15	0	67	117	15	15	68	247	68	210	206	375	243	210	202	
269	283	225	231	292	131	225	313	269	325	313	263	115	263	393	415	482	393	586	692	536	588	586	443	348	60	67	0	183	59	60	72	304	72	220	221	374	224	220	241	
200	219	218	322	295	180	218	226	211	239	226	195	296	195	277	402	402	277	491	594	397	493	491	407	259	127	117	183	0	124	127	165	187	165	256	247	422	323	256	197	
239	255	212	255	286	128	212	280	242	292	280	233	174	233	354	408	455	354	555	661	492	557	555	429	315	25	15	59	124	0	25	76	262	76	222	219	386	251	222	217	
219	235	188	232	262	103	188	261	221	273	261	213	169	213	338	384	435	338	537	643	478	539	537	406	297	0	15	60	127	25	0	53	247	53	197	195	362	229	197	195	
200	213	153	179	220	59	153	246	199	257	246	195	146	195	329	343	411	329	516	622	475	518	516	371	280	53	68	72	165	76	53	0	243	0	152	150	312	176	152	171	
74	83	150	297	192	205	150	55	87	65	55	73	386	73	93	256	217	93	305	409	233	307	305	244	78	247	247	304	187	262	247	243	0	243	206	193	327	308	206	105	
200	213	153	179	220	59	153	246	199	257	246	195	146	195	329	343	411	329	516	622	475	518	516	371	280	53	68	72	165	76	53	0	243	0	152	150	312	176	152	171	
134	133	56	91	75	94	56	174	123	179	174	133	241	133	260	196	295	260	403	507	409	405	403	231	198	197	210	220	256	222	197	152	206	152	0	13	168	103	0	101	
121	121	43	104	72	92	43	162	110	167	162	120	247	120	248	194	287	248	395	499	397	397	395	226	186	195	206	221	247	219	195	150	193	150	13	0	175	116	13	88	
257	245	205	150	137	260	205	277	243	273	277	260	355	260	339	134	297	339	391	478	465	392	391	189	279	362	375	374	422	386	362	312	327	312	168	175	0	164	168	239	
237	236	158	17	157	143	158	277	226	281	277	235	191	235	363	253	383	363	490	590	511	492	490	300	299	229	243	224	323	251	229	176	308	176	103	116	164	0	103	203	
134	133	56	91	75	94	56	174	123	179	174	133	241	133	260	196	295	260	403	507	409	405	403	231	198	197	210	220	256	222	197	152	206	152	0	13	168	103	0	101	
35	43	45	192	104	119	45	81	29	89	81	32	302	32	169	206	241	169	346	452	319	348	346	217	112	195	202	241	197	217	195	171	105	171	101	88	239	203	101	0	
TIME_WINDOW_SECTION
1	0	720
2	0	720
3	212	213
4	354	370
5	531	542
6	0	720
7	140	236
8	297	325
9	0	720
10	332	334
11	0	720
12	256	310
13	475	480
14	0	720
15	133	150
16	391	440
17	617	670
18	0	720
19	0	720
20	0	720
21	50	78
22	145	289
23	472	479
24	603	625
25	0	720
26	312	349
27	0	720
28	83	166
29	341	342
30	506	549
31	0	720
32	178	257
33	320	401
34	417	616
35	0	720
36	0	720
37	263	279
38	497	612
39	0	720
40	0	720
CLUSTER_SECTION
1	1	
2	2	
3	3	
4	7	
5	10	
6	12	
7	15	
8	24	
9	25	
10	21	
11	26	
12	28	
13	32	
14	45	
15	37	
16	50	
DEMAND_SECTION
1	0
2	38
3	42
4	58
5	34
6	49
7	55
8	35
9	48
10	39
11	61
12	59
13	44
14	56
15	71
16	22
DEPOT_SECTION
1
EOF