NAME:	instance_18-triangle
TYPE:	VRPRDL
DIMENSION:	76
CAPACITY:	750
TIME_HORIZON:	720
NUM_CUSTOMERS:	31
NODE_COORD_SECTION
1	0.0	0.0
2	62.3651962365	-30.0086956252
3	-67.6147299731	51.199511288
4	-108.305648438	85.8783124147
5	-100.677919425	83.1010159521
6	-85.8042529308	55.1280248899
7	-98.5928837349	60.7352059828
8	114.910405865	-176.700064306
9	32.5756204021	-44.9268726871
10	55.5320789464	-87.7985858382
11	-73.2203074218	-134.769223921
12	-74.9114008924	-142.524322868
13	-80.3318431847	-148.0545387
14	-55.1653911989	-146.477973572
15	-140.153926071	-69.2714020957
16	-76.5252916824	-78.1923632521
17	-133.338411918	-111.011635859
18	-140.748085033	-141.434900391
19	-101.379271519	-98.9728444146
20	72.3688022124	-25.4863432828
21	-11.8507010875	-10.9272573991
22	35.2121394928	5.27307272487
23	127.918023333	-82.4980570396
24	63.2062520773	-120.369573644
25	72.597121452	-80.859285222
26	68.5365530754	-198.063917585
27	9.21630793655	-82.2409050087
28	93.5657368533	127.288221716
29	70.7424928069	99.1935930448
30	80.2506741467	61.5597741854
31	56.1922190067	-13.3265695123
32	66.6245598098	-11.3981746445
33	-10.2469872431	24.8292152481
34	40.4452446075	-1.125981257
35	127.441451576	134.647834423
36	47.6910669577	60.6962543691
37	7.32890796819	61.3877345683
38	62.0074862903	41.7250320309
39	-19.0094831484	-50.1399127683
40	0.0945874712602	11.9099459192
41	109.41623941	-129.275892863
42	80.1282140112	-85.1413294986
43	-60.6955812136	13.2715714504
44	-20.2358892853	30.0855258386
45	14.4786760848	48.0486021943
46	41.3435617756	-4.89639581543
47	-81.11083545	8.98799636083
48	-178.584504632	-13.3880065681
49	47.8358033465	56.1757378229
50	101.726457016	-43.6714179575
51	40.2542097663	21.8788370194
52	20.0929319586	4.62828703063
53	6.34314199952	104.332547752
54	-43.0880136137	37.4596770683
55	-8.25486573421	25.3200296994
56	-135.840521626	33.5970179398
57	-110.3536733	27.2091241595
58	-91.3636490834	55.3797154851
59	-113.939807894	88.8968741818
60	-150.377103414	44.4687514361
61	-120.915510898	43.898901402
62	25.7242852896	73.0715376671
63	-68.5110591263	26.7638700344
64	19.3831799656	-21.2606759861
65	-64.1667426011	-79.9390357837
66	25.6633921992	-58.3896539956
67	5.0416682087	-30.8166209838
68	9.08941390371	40.4265833128
69	16.0314516413	32.1733460115
70	-23.0876646525	5.33780473097
71	-21.7813594748	9.54048971586
72	-11.3528517093	-143.558213566
73	97.3216847916	102.102778471
74	-25.5461826739	59.4644161883
75	32.7642351945	22.2662814456
76	-14.0123200473	-17.8670377491
EDGE_WEIGHT_SECTION
0	69	85	138	130	102	116	210	55	104	153	161	168	157	156	109	173	199	141	77	16	36	152	136	109	210	83	158	122	101	58	68	27	40	185	77	62	75	54	12	169	117	62	36	50	42	82	179	74	111	46	21	105	57	27	140	114	107	144	157	129	77	74	29	103	64	31	41	36	24	24	144	141	65	40	23	
69	0	153	206	198	171	185	156	33	58	171	177	185	165	206	147	211	231	177	11	77	44	84	90	52	168	75	160	129	93	18	19	91	36	177	92	107	72	84	75	110	58	130	102	92	33	149	241	87	42	56	55	145	125	90	208	182	176	212	225	197	109	142	44	136	46	57	88	77	92	93	135	137	125	60	77	
85	153	0	53	46	19	32	291	139	185	186	193	199	198	141	129	175	206	154	159	83	112	237	215	193	284	154	178	146	148	139	148	63	120	212	116	76	130	112	78	252	201	39	52	82	122	44	128	116	194	111	99	91	28	65	70	49	24	59	83	54	96	24	113	131	143	109	77	86	64	62	203	173	43	104	87	
138	206	53	0	8	38	27	344	192	238	223	231	236	238	158	167	198	229	185	211	136	164	290	268	246	334	205	206	180	190	191	200	115	172	241	158	118	176	162	131	305	254	87	104	128	174	82	122	159	246	161	151	116	81	117	59	59	35	6	59	44	135	71	166	172	196	162	126	135	117	115	249	206	87	154	140	
130	198	46	8	0	32	22	337	185	231	219	227	232	234	157	163	197	228	182	203	129	156	282	261	238	328	198	199	172	182	183	192	107	164	234	150	110	168	156	123	298	247	80	96	120	166	77	124	151	238	153	143	109	73	109	61	57	29	14	63	44	127	65	159	167	189	155	118	127	110	108	243	199	79	146	133	
102	171	19	38	32	0	14	306	155	201	190	197	203	204	136	133	173	204	155	177	99	130	254	230	209	296	167	193	163	166	157	166	81	138	228	133	93	148	124	96	268	217	49	70	101	140	46	115	133	212	130	117	104	46	83	54	37	6	44	65	37	113	33	130	137	159	125	96	104	80	79	212	189	60	123	102	
116	185	32	27	22	14	0	318	168	214	197	205	210	212	136	141	175	206	160	191	113	144	268	242	222	308	179	203	174	179	171	180	95	152	238	146	106	162	136	110	281	230	61	84	114	154	55	109	146	226	143	131	114	60	97	46	36	9	32	54	28	125	45	143	145	172	138	109	118	94	92	222	200	73	136	115	
210	156	291	344	337	306	318	0	155	107	193	193	197	173	277	215	257	258	230	157	208	199	95	76	105	51	142	304	279	241	174	172	237	191	312	247	261	225	184	220	48	98	258	246	246	187	270	336	242	134	212	205	301	265	236	327	304	310	350	345	323	265	273	182	204	148	182	242	231	228	230	131	279	274	215	204	
55	33	139	192	185	155	168	155	0	49	139	145	153	134	174	114	178	198	144	44	56	50	102	81	54	157	44	183	149	117	39	48	82	45	203	107	109	92	52	65	114	62	110	91	95	41	126	214	102	69	67	51	152	112	81	186	160	159	198	204	177	118	124	27	103	15	31	88	79	75	77	108	161	119	67	54	
104	58	185	238	231	201	214	107	49	0	137	141	149	125	196	132	190	203	157	65	102	95	73	33	18	111	47	218	187	151	74	77	130	88	234	149	156	129	84	114	68	25	154	140	142	84	167	246	144	64	111	99	198	159	130	227	201	205	244	245	220	163	169	76	120	42	76	136	126	122	124	87	194	168	112	99	
153	171	186	223	219	190	197	193	139	137	0	8	15	22	94	57	65	68	46	182	138	177	208	137	155	155	98	310	275	249	177	186	172	175	335	230	212	222	101	164	183	161	149	173	202	173	144	161	226	197	193	168	252	175	173	180	166	191	227	195	185	229	162	146	56	125	130	193	189	149	153	62	291	200	189	131	
161	177	193	231	227	197	205	193	145	141	8	0	8	20	98	64	66	66	51	188	146	184	212	140	159	154	103	318	282	256	184	193	179	182	342	237	220	229	108	172	185	165	156	181	210	180	151	166	234	202	200	175	260	183	181	186	173	198	235	202	192	237	169	154	64	131	137	201	197	157	161	64	298	208	197	139	
168	185	199	236	232	203	210	197	153	149	15	8	0	25	99	70	65	61	53	196	153	192	218	146	167	157	111	325	290	264	192	201	187	190	350	245	227	237	116	179	190	172	163	188	217	188	157	167	241	210	208	183	267	189	188	190	178	204	239	205	196	244	175	161	70	139	145	208	204	164	168	69	306	215	204	146	
157	165	198	238	234	204	212	173	134	125	22	20	25	0	115	72	86	86	66	176	142	177	194	121	143	134	91	311	276	248	173	182	177	174	335	231	217	222	103	168	165	149	160	180	206	171	158	181	227	188	193	169	258	184	178	197	182	205	243	213	201	233	174	146	67	120	130	197	192	155	159	44	291	208	190	135	
156	206	141	158	157	136	136	277	174	196	94	98	99	115	0	64	42	72	49	217	141	190	267	210	212	245	149	305	270	256	204	215	160	193	336	228	197	231	123	162	256	220	115	156	194	193	98	68	226	243	202	176	227	144	162	103	101	134	160	114	115	219	120	167	76	166	150	185	186	139	142	149	292	172	196	136	
109	147	129	167	163	133	141	215	114	132	57	64	70	72	64	0	66	90	32	158	93	139	203	146	148	188	85	266	230	210	148	158	122	140	294	186	162	183	64	118	192	156	93	122	155	138	87	121	183	181	154	127	200	120	124	127	111	134	171	143	130	182	105	111	12	104	94	146	144	99	103	92	250	147	148	87	
173	211	175	198	197	173	175	257	178	190	65	66	65	86	42	66	0	31	34	222	157	205	263	197	208	220	145	329	293	274	213	223	183	206	358	249	223	247	130	181	243	215	144	181	217	204	131	108	246	244	218	192	257	174	185	145	140	172	201	156	155	243	152	177	76	167	160	208	207	160	164	126	314	202	213	151	
199	231	206	229	228	204	206	258	198	203	68	66	61	86	72	90	31	0	58	242	183	229	275	205	221	217	161	356	320	300	235	245	211	229	384	276	251	273	152	208	250	228	174	210	245	227	162	134	273	261	244	217	286	204	213	175	171	203	232	186	186	271	183	200	98	186	183	236	234	188	192	129	340	232	238	177	
141	177	154	185	182	155	160	230	144	157	46	51	53	66	49	32	34	58	0	188	125	171	230	166	175	197	112	298	262	242	179	189	153	172	326	218	193	215	96	150	213	182	119	152	187	170	110	115	215	210	186	159	230	148	155	137	127	155	188	152	144	213	130	143	42	133	126	178	176	130	134	100	282	176	180	119	
77	11	159	211	203	177	191	157	44	65	182	188	196	176	217	158	222	242	188	0	85	48	80	95	55	172	85	154	125	87	20	15	96	40	169	90	108	68	95	81	110	60	138	107	94	37	157	251	85	35	57	60	145	131	95	216	190	182	217	233	205	109	150	53	147	57	68	91	81	100	100	145	130	129	62	87	
16	77	83	136	129	99	113	208	56	102	138	146	153	142	141	93	157	183	125	85	0	50	157	132	110	204	74	174	138	117	68	78	36	53	201	93	75	91	40	26	169	118	55	42	64	54	72	167	90	118	62	36	116	58	36	132	106	104	142	149	122	91	68	33	87	60	26	55	51	20	23	133	157	72	56	7	
36	44	112	164	156	130	144	199	50	95	177	184	192	177	190	139	205	229	171	48	50	0	127	128	94	206	91	135	100	72	28	36	49	8	159	57	63	45	78	36	154	101	96	60	48	12	116	214	52	83	17	15	103	84	48	173	147	135	170	190	161	68	106	31	131	64	47	44	33	58	57	156	115	81	17	54	
152	84	237	290	282	254	268	95	102	73	208	212	218	194	267	203	263	275	230	80	157	127	0	75	55	130	118	212	190	152	100	94	175	119	217	164	187	141	150	159	50	48	212	186	173	116	228	314	160	47	136	139	223	209	174	288	262	259	296	306	279	186	225	125	191	105	133	171	160	175	176	152	187	208	142	156	
136	90	215	268	261	230	242	76	81	33	137	140	146	121	210	146	197	205	166	95	132	128	75	0	41	78	66	249	219	182	107	109	163	121	263	182	189	162	108	146	47	39	182	172	175	117	194	264	177	86	144	132	231	189	162	252	228	234	274	270	247	196	197	108	134	72	106	169	159	152	154	78	225	200	145	128	
109	52	193	246	238	209	222	105	54	18	155	159	167	143	212	148	208	221	175	55	110	94	55	41	0	117	63	209	180	142	69	70	134	86	222	144	156	123	97	118	61	9	163	145	141	82	178	260	139	47	108	100	196	165	133	238	212	213	252	256	230	161	177	80	136	52	84	137	126	129	131	105	185	171	110	107	
210	168	284	334	328	296	308	51	157	111	155	154	157	134	245	188	220	217	197	172	204	206	130	78	117	0	130	326	297	259	185	187	236	199	338	260	266	240	172	221	80	114	248	245	252	195	255	309	255	158	222	208	309	261	236	309	288	300	340	327	307	274	263	184	178	146	179	245	236	223	226	97	302	274	223	198	
83	75	154	205	198	167	179	142	44	47	98	103	111	91	149	85	145	161	112	85	74	91	118	66	63	130	0	226	191	160	83	91	109	87	247	148	144	135	43	95	111	71	118	116	130	84	128	200	143	100	108	88	187	131	109	186	162	170	210	204	181	156	134	62	73	29	52	123	115	93	96	65	204	146	107	68	
158	160	178	206	199	193	203	304	183	218	310	318	325	311	305	266	329	356	298	154	174	135	212	249	209	326	226	0	36	67	145	141	146	139	35	81	109	91	210	148	257	213	192	150	112	142	211	306	85	171	118	143	90	164	144	247	227	198	211	257	230	87	191	166	260	198	181	121	123	169	165	290	25	137	121	181	
122	129	146	180	172	163	174	279	149	187	275	282	290	276	270	230	293	320	262	125	138	100	190	219	180	297	191	36	0	39	113	111	110	105	67	45	74	58	174	112	232	185	157	114	76	108	177	273	49	146	83	107	65	129	108	216	195	168	185	228	199	52	157	131	224	164	146	85	87	133	129	256	27	104	86	145	
101	93	148	190	182	166	179	241	117	151	249	256	264	248	256	210	274	300	242	87	117	72	152	182	142	259	160	67	39	0	79	74	98	74	87	33	73	27	149	94	193	147	149	105	67	77	169	269	33	107	56	83	85	126	96	218	194	172	196	231	202	56	153	103	202	132	119	74	71	118	115	225	44	106	62	123	
58	18	139	191	183	157	171	174	39	74	177	184	192	173	204	148	213	235	179	20	68	28	100	107	69	185	83	145	113	79	0	11	76	20	164	75	89	55	84	61	128	76	119	87	74	17	139	235	70	55	39	40	128	111	75	197	171	162	197	214	186	92	131	38	138	54	54	71	61	81	81	147	123	109	43	70	
68	19	148	200	192	166	180	172	48	77	186	193	201	182	215	158	223	245	189	15	78	36	94	109	70	187	91	141	111	74	11	0	85	28	158	75	93	53	94	70	125	75	129	96	79	26	149	245	70	48	42	49	130	120	83	207	181	171	206	224	195	94	140	48	148	62	65	77	67	91	91	153	118	116	48	81	
27	91	63	115	107	81	95	237	82	130	172	179	187	177	160	122	183	211	153	96	36	49	175	163	134	236	109	146	110	98	76	85	0	57	176	68	41	74	75	17	195	142	52	11	34	59	73	173	66	131	50	36	81	35	2	126	100	86	121	141	112	60	58	55	118	91	58	25	27	23	19	168	132	38	43	43	
40	36	120	172	164	138	152	191	45	88	175	182	190	174	193	140	206	229	172	40	53	8	119	121	86	199	87	139	105	74	20	28	57	0	161	62	71	48	77	42	146	93	102	68	56	4	122	219	58	75	23	21	111	92	55	179	153	143	178	196	167	76	112	29	131	59	46	52	41	64	63	152	118	89	25	57	
185	177	212	241	234	228	238	312	203	234	335	342	350	335	336	294	358	384	326	169	201	159	217	263	222	338	247	35	67	87	164	158	176	161	0	109	141	114	235	177	265	225	224	181	142	164	243	339	112	180	142	168	125	196	174	282	261	233	246	292	264	119	224	190	287	218	205	151	151	198	195	311	44	170	147	208	
77	92	116	158	150	133	146	247	107	149	230	237	245	231	228	186	249	276	218	90	93	57	164	182	144	260	148	81	45	33	75	75	68	62	109	0	40	24	129	68	200	149	118	75	36	66	139	238	5	118	40	62	60	94	66	186	162	139	164	198	169	25	121	87	180	121	101	44	43	90	86	213	65	73	41	100	
62	107	76	118	110	93	106	261	109	156	212	220	227	217	197	162	223	251	193	108	75	63	187	189	156	266	144	109	74	73	89	93	41	71	141	40	0	58	115	50	216	163	83	42	15	74	103	200	41	141	51	58	43	56	39	146	123	99	124	158	129	22	83	84	158	121	92	21	30	63	59	206	99	33	47	82	
75	72	130	176	168	148	162	225	92	129	222	229	237	222	231	183	247	273	215	68	91	45	141	162	123	240	135	91	58	27	55	53	74	48	114	24	58	0	122	69	177	128	126	83	48	51	147	247	20	94	29	56	84	105	72	198	173	154	182	212	183	48	131	76	175	107	92	53	47	93	90	199	70	89	35	96	
54	84	112	162	156	124	136	184	52	84	101	108	116	103	123	64	130	152	96	95	40	78	150	108	97	172	43	210	174	149	84	94	75	77	235	129	115	122	0	65	151	105	76	80	104	75	86	164	126	121	93	67	156	91	76	144	120	128	168	162	139	131	91	48	54	45	31	95	89	56	60	94	191	110	89	33	
12	75	78	131	123	96	110	220	65	114	164	172	179	168	162	118	181	208	150	81	26	36	159	146	118	221	95	148	112	94	61	70	17	42	177	68	50	69	65	0	179	126	61	27	39	44	81	180	65	116	41	21	93	50	16	138	112	101	137	154	125	66	70	38	112	75	43	30	26	24	22	156	133	54	34	33	
169	110	252	305	298	268	281	48	114	68	183	185	190	165	256	192	243	250	213	110	169	154	50	47	61	80	111	257	232	193	128	125	195	146	265	200	216	177	151	179	0	53	222	205	201	142	235	310	195	86	166	161	255	226	194	294	269	272	311	312	288	219	236	141	180	110	143	197	187	189	191	122	232	232	170	166	
117	58	201	254	247	217	230	98	62	25	161	165	172	149	220	156	215	228	182	60	118	101	48	39	9	114	71	213	185	147	76	75	142	93	225	149	163	128	105	126	53	0	172	153	148	89	187	268	145	47	114	108	203	174	141	246	221	221	260	264	239	167	186	88	144	61	93	144	134	137	139	109	188	179	117	116	
62	130	39	87	80	49	61	258	110	154	149	156	163	160	115	93	144	174	119	138	55	96	212	182	163	248	118	192	157	149	119	129	52	102	224	118	83	126	76	61	222	172	0	44	83	103	21	121	117	172	101	81	113	30	54	78	52	52	92	95	68	105	16	87	93	112	79	75	79	38	39	164	181	58	94	56	
36	102	52	104	96	70	84	246	91	140	173	181	188	180	156	122	181	210	152	107	42	60	186	172	145	245	116	150	114	105	87	96	11	68	181	75	42	83	80	27	205	153	44	0	39	70	64	164	73	142	61	47	79	24	13	116	90	75	110	131	102	63	48	65	118	100	66	31	36	25	21	174	138	30	54	48	
50	92	82	128	120	101	114	246	95	142	202	210	217	206	194	155	217	245	187	94	64	48	173	175	141	252	130	112	76	67	74	79	34	56	142	36	15	48	104	39	201	148	83	39	0	59	103	203	34	127	37	44	57	59	32	151	127	106	134	164	135	27	86	69	150	107	79	9	16	57	53	193	99	42	32	71	
42	33	122	174	166	140	154	187	41	84	173	180	188	171	193	138	204	227	170	37	54	12	116	117	82	195	84	142	108	77	17	26	59	4	164	66	74	51	75	44	142	89	103	70	59	0	123	220	61	72	27	23	114	94	58	181	155	145	180	198	169	79	114	27	129	56	44	56	45	65	65	148	121	93	28	57	
82	149	44	82	77	46	55	270	126	167	144	151	157	158	98	87	131	162	110	157	72	116	228	194	178	255	128	211	177	169	139	149	73	122	243	139	103	147	86	81	235	187	21	64	103	123	0	100	137	190	122	101	129	48	75	60	34	48	86	78	53	125	22	105	91	126	95	95	100	58	59	168	201	75	115	72	
179	241	128	122	124	115	109	336	214	246	161	166	167	181	68	121	108	134	115	251	167	214	314	264	260	309	200	306	273	269	235	245	173	219	339	238	200	247	164	180	310	268	121	164	203	220	100	0	237	282	221	199	219	145	175	64	79	111	121	64	81	222	117	198	132	209	184	195	200	157	158	212	299	169	214	165	
74	87	116	159	151	133	146	242	102	144	226	234	241	227	226	183	246	273	215	85	90	52	160	177	139	255	143	85	49	33	70	70	66	58	112	5	41	20	126	65	195	145	117	73	34	61	137	237	0	113	35	59	64	93	64	185	161	139	165	198	169	28	120	82	176	116	97	42	40	87	84	208	68	73	37	96	
111	42	194	246	238	212	226	134	69	64	197	202	210	188	243	181	244	261	210	35	118	83	47	86	47	158	100	171	146	107	55	48	131	75	180	118	141	94	121	116	86	47	172	142	127	72	190	282	113	0	90	95	176	166	130	249	223	217	252	267	239	139	184	85	169	77	98	125	114	134	134	151	146	164	95	119	
46	56	111	161	153	130	143	212	67	111	193	200	208	193	202	154	218	244	186	57	62	17	136	144	108	222	108	118	83	56	39	42	50	23	142	40	51	29	93	41	166	114	101	61	37	27	122	221	35	90	0	27	89	84	48	176	150	135	167	191	162	53	108	48	146	81	63	36	26	65	63	173	98	76	7	67	
21	55	99	151	143	117	131	205	51	99	168	175	183	169	176	127	192	217	159	60	36	15	139	132	100	208	88	143	107	83	40	49	36	21	168	62	58	56	67	21	161	108	81	47	44	23	101	199	59	95	27	0	101	71	35	158	132	122	157	175	146	69	91	26	119	63	39	37	28	43	42	151	124	71	22	41	
105	145	91	116	109	104	114	301	152	198	252	260	267	258	227	200	257	286	230	145	116	103	223	231	196	309	187	90	65	85	128	130	81	111	125	60	43	84	156	93	255	203	113	79	57	114	129	219	64	176	89	101	0	83	80	158	140	109	121	168	141	37	108	126	197	164	135	64	73	103	99	249	91	55	86	123	
57	125	28	81	73	46	60	265	112	159	175	183	189	184	144	120	174	204	148	131	58	84	209	189	165	261	131	164	129	126	111	120	35	92	196	94	56	105	91	50	226	174	30	24	59	94	48	145	93	166	84	71	83	0	37	93	68	51	87	107	78	77	28	86	119	117	83	52	59	38	35	184	154	28	77	63	
27	90	65	117	109	83	97	236	81	130	173	181	188	178	162	124	185	213	155	95	36	48	174	162	133	236	109	144	108	96	75	83	2	55	174	66	39	72	76	16	194	141	54	13	32	58	75	175	64	130	48	35	80	37	0	128	102	88	123	143	114	59	60	54	119	90	58	23	25	25	21	169	131	38	41	43	
140	208	70	59	61	54	46	327	186	227	180	186	190	197	103	127	145	175	137	216	132	173	288	252	238	309	186	247	216	218	197	207	126	179	282	186	146	198	144	138	294	246	78	116	151	181	60	64	185	249	176	158	158	93	128	0	26	50	59	18	18	166	68	164	134	186	155	145	152	116	116	217	243	113	169	132	
114	182	49	59	57	37	36	304	160	201	166	173	178	182	101	111	140	171	127	190	106	147	262	228	212	288	162	227	195	194	171	181	100	153	261	162	123	173	120	112	269	221	52	90	127	155	34	79	161	223	150	132	140	68	102	26	0	34	62	44	20	144	42	138	117	160	129	120	126	90	90	197	221	91	143	106	
107	176	24	35	29	6	9	310	159	205	191	198	204	205	134	134	172	203	155	182	104	135	259	234	213	300	170	198	168	172	162	171	86	143	233	139	99	154	128	101	272	221	52	75	106	145	48	111	139	217	135	122	109	51	88	50	34	0	40	60	32	118	37	134	138	163	129	101	110	85	83	214	194	66	128	107	
144	212	59	6	14	44	32	350	198	244	227	235	239	243	160	171	201	232	188	217	142	170	296	274	252	340	210	211	185	196	197	206	121	178	246	164	124	182	168	137	311	260	92	110	134	180	86	121	165	252	167	157	121	87	123	59	62	40	0	57	46	141	77	172	176	202	168	132	141	123	121	254	212	93	160	146	
157	225	83	59	63	65	54	345	204	245	195	202	205	213	114	143	156	186	152	233	149	190	306	270	256	327	204	257	228	231	214	224	141	196	292	198	158	212	162	154	312	264	95	131	164	198	78	64	198	267	191	175	168	107	143	18	44	60	57	0	29	178	84	182	151	204	173	159	166	133	133	234	254	125	184	150	
129	197	54	44	44	37	28	323	177	220	185	192	196	201	115	130	155	186	144	205	122	161	279	247	230	307	181	230	199	202	186	195	112	167	264	169	129	183	139	125	288	239	68	102	135	169	53	81	169	239	162	146	141	78	114	18	20	32	46	29	0	150	55	155	136	179	146	130	137	105	105	217	226	97	155	123	
77	109	96	135	127	113	125	265	118	163	229	237	244	233	219	182	243	271	213	109	91	68	186	196	161	274	156	87	52	56	92	94	60	76	119	25	22	48	131	66	219	167	105	63	27	79	125	222	28	139	53	69	37	77	59	166	144	118	141	178	150	0	105	95	177	131	106	36	42	83	79	220	77	53	51	98	
74	142	24	71	65	33	45	273	124	169	162	169	175	174	120	105	152	183	130	150	68	106	225	197	177	263	134	191	157	153	131	140	58	112	224	121	83	131	91	70	236	186	16	48	86	114	22	117	120	184	108	91	108	28	60	68	42	37	77	84	55	105	0	100	107	127	93	79	84	50	50	180	182	54	101	70	
29	44	113	166	159	130	143	182	27	76	146	154	161	146	167	111	177	200	143	53	33	31	125	108	80	184	62	166	131	103	38	48	55	29	190	87	84	76	48	38	141	88	87	65	69	27	105	198	82	85	48	26	126	86	54	164	138	134	172	182	155	95	100	0	102	38	17	63	54	50	51	126	146	92	46	34	
103	136	131	172	167	137	145	204	103	120	56	64	70	67	76	12	76	98	42	147	87	131	191	134	136	178	73	260	224	202	138	148	118	131	287	180	158	175	54	112	180	144	93	118	150	129	91	132	176	169	146	119	197	119	119	134	117	138	176	151	136	177	107	102	0	92	85	141	138	95	99	83	243	145	141	80	
64	46	143	196	189	159	172	148	15	42	125	131	139	120	166	104	167	186	133	57	60	64	105	72	52	146	29	198	164	132	54	62	91	59	218	121	121	107	45	75	110	61	112	100	107	56	126	209	116	77	81	63	164	117	90	186	160	163	202	204	179	131	127	38	92	0	34	100	91	80	82	93	176	128	81	57	
31	57	109	162	155	125	138	182	31	76	130	137	145	130	150	94	160	183	126	68	26	47	133	106	84	179	52	181	146	119	54	65	58	46	205	101	92	92	31	43	143	93	79	66	79	44	95	184	97	98	63	39	135	83	58	155	129	129	168	173	146	106	93	17	85	34	0	71	64	46	48	114	161	95	60	23	
41	88	77	126	118	96	109	242	88	136	193	201	208	197	185	146	208	236	178	91	55	44	171	169	137	245	123	121	85	74	71	77	25	52	151	44	21	53	95	30	197	144	75	31	9	56	95	195	42	125	36	37	64	52	23	145	120	101	132	159	130	36	79	63	141	100	71	0	11	48	44	185	108	40	30	62	
36	77	86	135	127	104	118	231	79	126	189	197	204	192	186	144	207	234	176	81	51	33	160	159	126	236	115	123	87	71	61	67	27	41	151	43	30	47	89	26	187	134	79	36	16	45	100	200	40	114	26	28	73	59	25	152	126	110	141	166	137	42	84	54	138	91	64	11	0	47	44	178	107	50	19	58	
24	92	64	117	110	80	94	228	75	122	149	157	164	155	139	99	160	188	130	100	20	58	175	152	129	223	93	169	133	118	81	91	23	64	198	90	63	93	56	24	189	137	38	25	57	65	58	157	87	134	65	43	103	38	25	116	90	85	123	133	105	83	50	50	95	80	46	48	47	0	4	149	154	54	58	25	
24	93	62	115	108	79	92	230	77	124	153	161	168	159	142	103	164	192	134	100	23	57	176	154	131	226	96	165	129	115	81	91	19	63	195	86	59	90	60	22	191	139	39	21	53	65	59	158	84	134	63	42	99	35	21	116	90	83	121	133	105	79	50	51	99	82	48	44	44	4	0	153	151	50	56	28	
144	135	203	249	243	212	222	131	108	87	62	64	69	44	149	92	126	129	100	145	133	156	152	78	105	97	65	290	256	225	147	153	168	152	311	213	206	199	94	156	122	109	164	174	193	148	168	212	208	151	173	151	249	184	169	217	197	214	254	234	217	220	180	126	83	93	114	185	178	149	153	0	269	203	172	126	
141	137	173	206	199	189	200	279	161	194	291	298	306	291	292	250	314	340	282	130	157	115	187	225	185	302	204	25	27	44	123	118	132	118	44	65	99	70	191	133	232	188	181	138	99	121	201	299	68	146	98	124	91	154	131	243	221	194	212	254	226	77	182	146	243	176	161	108	107	154	151	269	0	130	103	164	
65	125	43	87	79	60	73	274	119	168	200	208	215	208	172	147	202	232	176	129	72	81	208	200	171	274	146	137	104	106	109	116	38	89	170	73	33	89	110	54	232	179	58	30	42	93	75	169	73	164	76	71	55	28	38	113	91	66	93	125	97	53	54	92	145	128	95	40	50	54	50	203	130	0	69	78	
40	60	104	154	146	123	136	215	67	112	189	197	204	190	196	148	213	238	180	62	56	17	142	145	110	223	107	121	86	62	43	48	43	25	147	41	47	35	89	34	170	117	94	54	32	28	115	214	37	95	7	22	86	77	41	169	143	128	160	184	155	51	101	46	141	81	60	30	19	58	56	172	103	69	0	62	
23	77	87	140	133	102	115	204	54	99	131	139	146	135	136	87	151	177	119	87	7	54	156	128	107	198	68	181	145	123	70	81	43	57	208	100	82	96	33	33	166	116	56	48	71	57	72	165	96	119	67	41	123	63	43	132	106	107	146	150	123	98	70	34	80	57	23	62	58	25	28	126	164	78	62	0	
EDGE_TRAVEL_TIME_SECTION
0	138	232	170	276	261	204	232	208	422	111	208	313	307	322	337	313	283	313	219	347	399	283	71	153	32	71	217	304	272	217	165	419	165	316	202	244	202	54	116	135	54	154	81	371	154	24	124	149	107	24	234	339	234	73	124	73	100	83	358	163	358	148	41	221	92	41	114	209	114	53	227	279	227	257	214	
138	0	370	306	412	397	342	370	116	312	67	116	331	343	355	370	331	355	413	294	423	463	355	89	22	153	89	104	168	181	104	149	336	149	320	186	259	186	182	36	38	182	184	73	354	184	150	213	143	168	150	116	220	116	204	261	204	183	65	483	297	483	175	109	83	113	109	250	291	250	179	364	416	364	395	352	
232	370	0	65	54	45	28	0	428	638	337	428	423	394	409	419	423	319	273	281	350	413	319	289	383	225	289	444	536	485	444	358	616	358	407	357	347	357	190	343	360	190	292	304	476	292	220	212	323	273	220	461	563	461	168	121	168	228	309	218	109	218	293	262	452	288	262	120	227	120	194	71	92	71	56	18	
170	306	65	0	107	92	37	65	371	584	278	371	396	372	388	399	396	308	281	259	350	412	308	225	319	167	225	385	474	432	385	308	568	308	356	296	293	296	126	279	296	126	231	240	424	231	156	151	260	225	156	402	506	402	104	77	104	164	245	257	89	257	231	198	388	224	198	56	182	56	130	98	141	98	108	48	
276	412	54	107	0	16	76	54	477	689	384	477	477	447	462	471	477	370	317	334	397	459	370	329	424	273	329	492	580	536	492	410	668	410	412	380	359	380	231	384	400	231	316	345	481	316	262	236	352	325	262	509	612	509	209	173	209	257	350	243	163	243	318	304	493	323	304	162	232	162	234	117	118	117	88	70	
261	397	45	92	16	0	63	45	463	675	370	463	468	439	454	464	468	364	315	326	393	456	364	313	408	259	313	477	565	523	477	397	655	397	398	364	344	364	215	368	384	215	300	329	467	300	247	220	336	312	247	494	597	494	193	160	193	241	334	248	153	248	302	288	477	307	288	147	218	147	218	113	121	113	88	58	
204	342	28	37	76	63	0	28	402	613	310	402	408	380	396	407	408	310	272	267	346	408	310	261	355	198	261	417	508	460	417	334	592	334	387	332	325	332	162	315	332	162	267	276	455	267	192	187	297	249	192	434	537	434	140	97	140	201	281	231	93	231	267	234	424	261	234	92	209	92	166	74	109	74	74	11	
232	370	0	65	54	45	28	0	428	638	337	428	423	394	409	419	423	319	273	281	350	413	319	289	383	225	289	444	536	485	444	358	616	358	407	357	347	357	190	343	360	190	292	304	476	292	220	212	323	273	220	461	563	461	168	121	168	228	309	218	109	218	293	262	452	288	262	120	227	120	194	71	92	71	56	18	
208	116	428	371	477	463	402	428	0	214	97	0	251	274	283	297	251	315	393	265	381	407	315	191	129	204	191	37	145	67	37	93	222	93	436	302	375	302	261	149	154	261	297	176	468	297	228	314	259	167	228	49	136	49	280	308	280	284	168	491	335	491	288	198	128	221	198	319	397	319	259	404	453	404	440	410	
422	312	638	584	689	675	613	638	214	0	311	214	345	385	385	395	345	460	554	431	514	516	460	397	314	417	397	210	190	153	210	284	102	284	609	481	558	481	474	347	344	474	493	381	623	493	442	522	449	369	442	196	95	196	494	517	494	492	374	672	540	672	484	409	267	424	409	532	602	532	473	608	655	608	646	621	
111	67	337	278	384	370	310	337	97	311	0	97	268	278	290	305	268	289	349	228	357	397	289	101	89	112	101	108	205	163	108	88	315	88	365	233	298	233	164	79	96	164	213	89	406	213	131	218	183	104	131	125	228	125	183	220	183	189	82	427	252	427	204	102	138	134	102	224	303	224	162	320	372	320	355	319	
208	116	428	371	477	463	402	428	0	214	97	0	251	274	283	297	251	315	393	265	381	407	315	191	129	204	191	37	145	67	37	93	222	93	436	302	375	302	261	149	154	261	297	176	468	297	228	314	259	167	228	49	136	49	280	308	280	284	168	491	335	491	288	198	128	221	198	319	397	319	259	404	453	404	440	410	
313	331	423	396	477	468	408	423	251	345	268	251	0	43	40	50	0	133	230	143	172	171	133	353	352	285	353	287	388	242	287	182	268	182	623	496	552	496	354	347	364	354	463	348	670	463	336	434	443	206	336	297	331	297	360	320	360	413	343	363	315	363	455	338	375	387	338	369	516	369	356	364	395	364	403	410	
307	343	394	372	447	439	380	394	274	385	278	274	43	0	16	30	43	91	187	113	129	136	91	354	364	276	354	311	416	274	311	195	310	195	621	498	549	498	343	355	373	343	460	351	671	460	328	424	444	201	328	322	365	322	346	297	346	405	346	321	288	321	452	335	394	387	335	350	504	350	346	332	359	332	370	382	
322	355	409	388	462	454	396	409	283	385	290	283	40	16	0	15	40	102	196	129	133	132	102	369	376	292	369	320	423	280	320	207	308	207	636	513	564	513	359	368	386	359	475	365	686	475	343	440	459	216	343	331	370	331	362	313	362	421	360	331	303	331	467	350	405	401	350	366	520	366	361	347	373	347	384	397	
337	370	419	399	471	464	407	419	297	395	305	297	50	30	15	0	50	107	198	140	129	122	107	384	391	306	384	334	437	292	334	222	314	222	651	528	579	528	373	383	401	373	490	380	701	490	358	454	474	231	358	345	381	345	376	325	376	435	375	333	314	333	482	365	420	416	365	378	534	378	376	356	380	356	392	407	
313	331	423	396	477	468	408	423	251	345	268	251	0	43	40	50	0	133	230	143	172	171	133	353	352	285	353	287	388	242	287	182	268	182	623	496	552	496	354	347	364	354	463	348	670	463	336	434	443	206	336	297	331	297	360	320	360	413	343	363	315	363	455	338	375	387	338	369	516	369	356	364	395	364	403	410	
283	355	319	308	370	364	310	319	315	460	289	315	133	91	102	107	133	0	98	65	68	116	0	344	377	251	344	350	460	332	350	224	393	224	597	484	525	484	307	359	379	307	437	345	654	437	301	387	431	192	301	364	426	364	305	239	305	374	342	231	220	231	431	319	421	372	319	297	460	297	311	253	274	253	288	309	
313	413	273	281	317	315	272	273	393	554	349	393	230	187	196	198	230	98	0	129	85	144	98	381	434	282	381	426	537	419	426	300	490	300	610	513	539	513	321	408	429	321	457	386	673	457	324	394	461	245	324	442	513	442	311	229	311	388	385	136	196	136	452	353	486	404	353	289	454	289	325	202	206	202	230	268	
219	294	281	259	334	326	267	281	265	431	228	265	143	113	129	140	143	65	129	0	131	180	65	279	316	187	279	298	409	292	298	172	376	172	533	420	461	420	245	295	316	245	373	280	590	373	237	326	366	128	237	314	386	314	244	186	244	311	278	242	175	242	366	255	363	308	255	241	401	241	248	221	253	221	260	269	
347	423	350	350	397	393	346	350	381	514	357	381	172	129	133	129	172	68	85	131	0	63	68	410	445	315	410	416	526	394	416	291	439	291	657	549	585	549	366	426	447	366	499	411	717	499	363	445	496	259	363	430	487	430	362	288	362	434	409	215	262	215	493	384	489	437	384	347	513	347	370	280	289	280	311	343	
399	463	413	412	459	456	408	413	407	516	397	407	171	136	132	122	171	116	144	180	63	0	116	458	485	367	458	444	550	410	444	322	434	322	713	600	641	600	422	470	490	422	552	458	770	552	416	502	546	304	416	456	501	456	419	348	419	490	455	267	324	267	546	435	522	488	435	408	573	408	426	343	350	343	373	406	
283	355	319	308	370	364	310	319	315	460	289	315	133	91	102	107	133	0	98	65	68	116	0	344	377	251	344	350	460	332	350	224	393	224	597	484	525	484	307	359	379	307	437	345	654	437	301	387	431	192	301	364	426	364	305	239	305	374	342	231	220	231	431	319	421	372	319	297	460	297	311	253	274	253	288	309	
71	89	289	225	329	313	261	289	191	397	101	191	353	354	369	384	353	344	381	279	410	458	344	0	96	100	0	188	255	257	188	183	412	183	271	144	201	144	99	56	71	99	114	17	317	114	71	125	90	155	71	202	307	202	121	192	121	95	24	429	232	429	105	30	165	35	30	169	206	169	96	294	346	294	321	272	
153	22	383	319	424	408	355	383	129	314	89	129	352	364	376	391	352	377	434	316	445	485	377	96	0	171	96	111	159	191	111	170	345	170	308	175	249	175	193	40	30	193	179	80	339	179	163	217	136	189	163	120	220	120	216	277	216	187	74	502	315	502	170	121	69	114	121	263	291	263	190	380	432	380	410	365	
32	153	225	167	273	259	198	225	204	417	112	204	285	276	292	306	285	251	282	187	315	367	251	100	171	0	100	219	314	265	219	149	407	149	347	234	275	234	72	136	157	72	186	106	403	186	52	150	181	80	52	236	339	236	84	109	84	129	107	334	144	334	180	71	236	123	71	115	233	115	73	211	263	211	244	207	
71	89	289	225	329	313	261	289	191	397	101	191	353	354	369	384	353	344	381	279	410	458	344	0	96	100	0	188	255	257	188	183	412	183	271	144	201	144	99	56	71	99	114	17	317	114	71	125	90	155	71	202	307	202	121	192	121	95	24	429	232	429	105	30	165	35	30	169	206	169	96	294	346	294	321	272	
217	104	444	385	492	477	417	444	37	210	108	37	287	311	320	334	287	350	426	298	416	444	350	188	111	219	188	0	111	81	0	127	235	127	418	285	360	285	268	139	139	268	287	172	445	287	235	313	246	193	235	17	122	17	289	326	289	283	164	520	356	520	279	201	94	215	201	331	393	331	267	425	476	425	460	426	
304	168	536	474	580	565	508	536	145	190	205	145	388	416	423	437	388	460	537	409	526	550	460	255	159	314	255	111	0	150	111	237	260	237	425	303	381	303	350	199	188	350	328	239	434	328	318	375	281	301	318	96	101	96	372	423	372	346	233	628	456	628	320	277	94	273	277	418	446	418	347	525	576	525	558	518	
272	181	485	432	536	523	460	485	67	153	163	67	242	274	280	292	242	332	419	292	394	410	332	257	191	265	257	81	150	0	81	132	156	132	499	365	439	365	325	215	218	325	363	243	526	363	293	380	324	216	293	78	94	78	344	364	344	351	235	529	387	529	354	264	172	288	264	380	463	380	325	455	503	455	493	468	
217	104	444	385	492	477	417	444	37	210	108	37	287	311	320	334	287	350	426	298	416	444	350	188	111	219	188	0	111	81	0	127	235	127	418	285	360	285	268	139	139	268	287	172	445	287	235	313	246	193	235	17	122	17	289	326	289	283	164	520	356	520	279	201	94	215	201	331	393	331	267	425	476	425	460	426	
165	149	358	308	410	397	334	358	93	284	88	93	182	195	207	222	182	224	300	172	291	322	224	183	170	149	183	127	237	132	127	0	260	0	451	321	383	321	218	167	182	218	296	174	494	296	189	287	269	85	189	142	221	142	232	237	232	261	168	400	256	400	287	175	200	217	175	261	373	261	218	324	371	324	362	341	
419	336	616	568	668	655	592	616	222	102	315	222	268	310	308	314	268	393	490	376	439	434	393	412	345	407	412	235	260	156	235	260	0	260	653	520	594	520	473	370	373	473	519	398	676	519	442	533	479	344	442	227	160	227	490	495	490	504	390	617	511	617	510	417	316	443	417	521	617	521	472	575	618	575	615	599	
165	149	358	308	410	397	334	358	93	284	88	93	182	195	207	222	182	224	300	172	291	322	224	183	170	149	183	127	237	132	127	0	260	0	451	321	383	321	218	167	182	218	296	174	494	296	189	287	269	85	189	142	221	142	232	237	232	261	168	400	256	400	287	175	200	217	175	261	373	261	218	324	371	324	362	341	
316	320	407	356	412	398	387	407	436	609	365	436	623	621	636	651	623	597	610	533	657	713	597	271	308	347	271	418	425	499	418	451	653	451	0	134	72	134	292	291	282	292	162	278	69	162	297	217	182	420	297	426	514	426	299	384	299	224	284	613	422	613	169	286	342	236	286	327	180	327	288	454	496	454	460	397	
202	186	357	296	380	364	332	357	302	481	233	302	496	498	513	528	496	484	513	420	549	600	484	144	175	234	144	285	303	365	285	321	520	321	134	0	78	0	195	157	148	195	65	149	174	65	189	146	54	299	189	293	386	293	210	298	210	134	154	538	339	538	66	166	215	113	166	251	171	251	191	387	436	387	404	343	
244	259	347	293	359	344	325	347	375	558	298	375	552	549	564	579	552	525	539	461	585	641	525	201	249	275	201	360	381	439	360	383	594	383	72	78	0	78	220	227	221	220	90	210	134	90	225	148	116	348	225	369	463	369	228	314	228	152	216	547	353	547	97	214	292	166	214	259	129	259	216	389	433	389	399	336	
202	186	357	296	380	364	332	357	302	481	233	302	496	498	513	528	496	484	513	420	549	600	484	144	175	234	144	285	303	365	285	321	520	321	134	0	78	0	195	157	148	195	65	149	174	65	189	146	54	299	189	293	386	293	210	298	210	134	154	538	339	538	66	166	215	113	166	251	171	251	191	387	436	387	404	343	
54	182	190	126	231	215	162	190	261	474	164	261	354	343	359	373	354	307	321	245	366	422	307	99	193	72	99	268	350	325	268	218	473	218	292	195	220	195	0	153	170	0	136	114	352	136	33	81	148	151	33	285	390	285	23	104	23	68	119	345	145	345	132	73	262	101	73	70	162	70	4	200	252	200	225	173	
116	36	343	279	384	368	315	343	149	347	79	149	347	355	368	383	347	359	408	295	426	470	359	56	40	136	56	139	199	215	139	167	370	167	291	157	227	157	153	0	21	153	149	40	328	149	123	178	111	167	123	151	255	151	176	240	176	148	34	470	278	470	140	81	109	77	81	223	255	223	150	343	395	343	372	326	
135	38	360	296	400	384	332	360	154	344	96	154	364	373	386	401	364	379	429	316	447	490	379	71	30	157	71	139	188	218	139	182	373	182	282	148	221	148	170	21	0	170	149	56	316	149	141	188	107	188	141	150	250	150	192	259	192	158	52	490	298	490	140	98	95	85	98	240	261	240	167	362	414	362	391	343	
54	182	190	126	231	215	162	190	261	474	164	261	354	343	359	373	354	307	321	245	366	422	307	99	193	72	99	268	350	325	268	218	473	218	292	195	220	195	0	153	170	0	136	114	352	136	33	81	148	151	33	285	390	285	23	104	23	68	119	345	145	345	132	73	262	101	73	70	162	70	4	200	252	200	225	173	
154	184	292	231	316	300	267	292	297	493	213	297	463	460	475	490	463	437	457	373	499	552	437	114	179	186	114	287	328	363	287	296	519	296	162	65	90	65	136	149	149	136	0	124	218	0	136	81	48	259	136	299	399	299	149	237	149	71	132	476	278	476	9	125	235	79	125	187	120	187	132	323	371	323	339	278	
81	73	304	240	345	329	276	304	176	381	89	176	348	351	365	380	348	345	386	280	411	458	345	17	80	106	17	172	239	243	172	174	398	174	278	149	210	149	114	40	56	114	124	0	323	124	85	141	96	154	85	186	291	186	136	204	136	111	8	439	244	439	116	42	149	46	42	184	221	184	111	307	359	307	335	287	
371	354	476	424	481	467	455	476	468	623	406	468	670	671	686	701	670	654	673	590	717	770	654	317	339	403	317	445	434	526	445	494	676	494	69	174	134	174	352	328	316	352	218	323	0	218	354	281	227	472	354	450	529	450	362	448	362	285	328	680	487	680	224	337	360	285	337	393	249	393	349	522	564	522	528	465	
154	184	292	231	316	300	267	292	297	493	213	297	463	460	475	490	463	437	457	373	499	552	437	114	179	186	114	287	328	363	287	296	519	296	162	65	90	65	136	149	149	136	0	124	218	0	136	81	48	259	136	299	399	299	149	237	149	71	132	476	278	476	9	125	235	79	125	187	120	187	132	323	371	323	339	278	
24	150	220	156	262	247	192	220	228	442	131	228	336	328	343	358	336	301	324	237	363	416	301	71	163	52	71	235	318	293	235	189	442	189	297	189	225	189	33	123	141	33	136	85	354	136	0	100	137	130	0	252	357	252	55	122	55	78	89	361	163	361	130	43	232	83	43	100	185	100	32	223	275	223	250	203	
124	213	212	151	236	220	187	212	314	522	218	314	434	424	440	454	434	387	394	326	445	502	387	125	217	150	125	313	375	380	313	287	533	287	217	146	148	146	81	178	188	81	81	141	281	81	100	0	116	229	100	327	432	327	83	167	83	30	149	401	206	401	82	116	282	103	116	112	86	112	79	245	292	245	259	198	
149	143	323	260	352	336	297	323	259	449	183	259	443	444	459	474	443	431	461	366	496	546	431	90	136	181	90	246	281	324	246	269	479	269	182	54	116	54	148	111	107	148	48	96	227	48	137	116	0	245	137	256	355	256	166	252	166	96	102	493	293	493	40	112	188	59	112	210	167	210	144	346	396	346	366	308	
107	168	273	225	325	312	249	273	167	369	104	167	206	201	216	231	206	192	245	128	259	304	192	155	189	80	155	193	301	216	193	85	344	85	420	299	348	299	151	167	188	151	259	154	472	259	130	229	245	0	130	210	302	210	160	152	160	207	151	328	171	328	251	135	242	187	135	182	313	182	152	239	287	239	277	256	
24	150	220	156	262	247	192	220	228	442	131	228	336	328	343	358	336	301	324	237	363	416	301	71	163	52	71	235	318	293	235	189	442	189	297	189	225	189	33	123	141	33	136	85	354	136	0	100	137	130	0	252	357	252	55	122	55	78	89	361	163	361	130	43	232	83	43	100	185	100	32	223	275	223	250	203	
234	116	461	402	509	494	434	461	49	196	125	49	297	322	331	345	297	364	442	314	430	456	364	202	120	236	202	17	96	78	17	142	227	142	426	293	369	293	285	151	150	285	299	186	450	299	252	327	256	210	252	0	106	0	306	343	306	297	178	537	373	537	290	216	94	228	216	347	406	347	283	442	493	442	477	443	
339	220	563	506	612	597	537	563	136	95	228	136	331	365	370	381	331	426	513	386	487	501	426	307	220	339	307	122	101	94	122	221	160	221	514	386	463	386	390	255	250	390	399	291	529	399	357	432	355	302	357	106	0	106	411	443	411	402	284	621	471	621	390	322	172	332	322	452	510	452	389	540	589	540	576	545	
234	116	461	402	509	494	434	461	49	196	125	49	297	322	331	345	297	364	442	314	430	456	364	202	120	236	202	17	96	78	17	142	227	142	426	293	369	293	285	151	150	285	299	186	450	299	252	327	256	210	252	0	106	0	306	343	306	297	178	537	373	537	290	216	94	228	216	347	406	347	283	442	493	442	477	443	
73	204	168	104	209	193	140	168	280	494	183	280	360	346	362	376	360	305	311	244	362	419	305	121	216	84	121	289	372	344	289	232	490	232	299	210	228	210	23	176	192	23	149	136	362	149	55	83	166	160	55	306	411	306	0	88	0	78	142	328	129	328	146	95	285	122	95	48	158	48	26	180	231	180	203	151	
