NAME:	instance_6-triangle
TYPE:	VRPRDL
DIMENSION:	56
CAPACITY:	750
TIME_HORIZON:	720
NUM_CUSTOMERS:	21
NODE_COORD_SECTION
1	0.0	0.0
2	-9.96463347489	60.5880080209
3	-46.1984504088	24.1983659172
4	-27.7353659129	-0.139958543777
5	17.0474859104	40.0657953962
6	-24.9092919754	0.199475305564
7	-67.0014027941	34.9621723287
8	-129.492562323	16.4677986127
9	-103.176505661	53.7735566354
10	-95.7718021144	56.1041274543
11	-99.1953873501	55.854955866
12	8.73943440424	16.9201807737
13	2.95037984815	-27.6502630914
14	84.348353703	51.2260768082
15	23.4740580119	41.643332693
16	22.1094917918	104.149518049
17	43.0360543445	46.453541276
18	27.6187230904	63.4349105011
19	8.28996826124	-48.7491073551
20	-77.0967001162	37.3740539086
21	166.361961365	61.9984946912
22	161.929532442	64.7041479591
23	-113.919643702	24.4068196321
24	-88.1993665337	38.8663448235
25	-178.118601526	-38.7988126162
26	-105.907359212	2.85948433855
27	-100.854401843	-19.7583995639
28	79.1450004131	48.3018763841
29	33.6625965031	-34.4298331269
30	29.475435611	43.0766367655
31	86.4844661731	-21.7692149679
32	110.806115559	37.8405594652
33	107.904903155	20.4777153828
34	72.0915222841	15.7458739762
35	-52.4183198	26.8402499227
36	-51.652591447	19.3772710509
37	125.34720063	19.4989338055
38	74.1940324001	104.061149094
39	48.7402186279	1.22394706578
40	76.0301638445	37.3653136929
41	63.1774403253	40.1003085488
42	-16.8559124209	48.8693672414
43	60.6843427964	-42.2416681611
44	-9.85611936229	-41.5189125875
45	-52.5596841612	-2.83678096318
46	-39.5311104358	235.131133197
47	38.1638411846	89.8027035997
48	40.2436139539	101.443685795
49	3.76864577066	170.422193095
50	-11.7218787123	-8.78025898776
51	-35.1904919401	51.7745651669
52	-142.861798601	-29.2461341339
53	-103.815692286	-10.2473017143
54	-91.3204458744	-5.74670324133
55	-53.3226826425	35.4202805551
56	-102.77408665	-15.9681744742
EDGE_WEIGHT_SECTION
0	61	52	28	44	25	75	131	116	111	113	19	28	99	48	106	63	69	49	85	178	174	117	96	182	106	103	93	48	52	89	117	110	74	59	55	127	128	49	85	75	52	74	43	53	238	97	109	170	15	63	146	104	92	64	104	
61	0	51	63	34	62	63	127	93	86	89	48	89	95	38	54	55	38	110	71	176	172	110	81	195	112	121	90	105	43	127	123	125	93	54	58	141	95	83	89	76	14	125	102	76	177	56	65	111	69	27	160	117	105	50	120	
52	51	0	31	65	32	23	84	64	59	61	55	71	133	72	105	92	84	91	33	216	212	68	44	146	63	70	128	99	78	140	158	154	118	7	7	171	144	98	123	111	38	126	75	28	211	107	116	155	48	30	110	67	54	13	69	
28	63	31	0	60	3	53	103	93	88	91	40	41	123	66	116	85	84	61	62	204	200	90	72	155	78	76	117	70	72	116	144	137	101	37	31	154	146	76	110	99	50	98	45	25	235	112	122	173	18	52	119	77	64	44	77	
44	34	65	60	0	58	84	148	121	114	117	25	69	68	7	64	27	26	89	94	151	147	132	105	210	128	132	63	76	13	93	94	93	60	71	72	110	86	50	59	46	35	93	86	82	203	54	66	131	57	54	174	131	118	71	132	
25	62	32	3	58	0	55	106	95	90	93	38	39	121	64	114	82	82	59	64	201	198	92	74	158	81	79	115	68	69	114	141	134	98	38	33	151	144	74	108	97	49	96	44	28	235	110	120	172	16	53	122	80	67	45	80	
75	63	23	53	84	55	0	65	41	36	38	78	94	152	91	113	111	99	113	10	235	231	48	21	133	50	64	147	122	97	163	178	176	140	17	22	193	157	121	143	130	52	149	95	40	202	119	126	153	70	36	99	58	47	14	62	
131	127	84	103	148	106	65	0	46	52	50	138	140	216	155	175	175	164	152	56	299	295	17	47	74	27	46	211	171	161	219	241	237	201	78	78	254	221	179	207	194	117	199	133	79	236	183	189	204	120	100	48	37	44	78	42	
116	93	64	93	121	95	41	46	0	7	4	118	134	187	127	134	146	131	151	31	269	265	31	21	119	51	74	182	163	133	204	214	214	179	57	62	231	184	161	180	167	86	190	133	76	192	145	150	158	111	68	92	64	61	53	70	
111	86	59	88	114	90	36	52	7	0	3	112	129	180	120	127	139	124	147	26	262	258	37	19	126	54	76	175	158	126	198	207	207	173	52	57	224	177	155	173	160	79	185	130	73	188	138	143	152	106	61	97	67	62	47	72	
113	89	61	91	117	93	38	50	4	3	0	115	132	183	123	130	142	127	150	29	265	261	35	20	123	53	76	178	160	129	201	210	210	176	55	60	227	180	158	176	163	82	187	132	75	189	141	146	154	108	64	96	66	62	50	72	
19	48	55	40	25	38	78	138	118	112	115	0	45	83	29	88	45	50	66	88	164	160	122	99	195	116	115	77	57	33	87	104	99	63	62	60	116	109	43	70	59	41	79	61	64	223	78	90	154	33	56	158	116	103	65	116	
28	89	71	41	69	39	94	140	134	129	132	45	0	113	72	133	84	94	22	103	186	183	128	113	181	113	104	108	31	76	84	126	115	81	77	72	131	149	54	98	91	79	59	19	61	266	122	134	198	24	88	146	108	97	84	106	
99	95	133	123	68	121	152	216	187	180	183	83	113	0	61	82	42	58	125	162	83	79	199	173	277	196	198	6	99	55	73	30	39	38	138	139	52	54	61	16	24	101	96	132	147	222	60	67	144	113	120	241	198	185	138	199	
48	38	72	66	7	64	91	155	127	120	123	29	72	61	0	63	20	22	92	101	144	140	138	112	217	135	139	56	77	6	89	87	87	55	77	78	104	80	48	53	40	41	92	90	88	203	50	62	130	61	60	180	137	124	77	139	
106	54	105	116	64	114	113	175	134	127	130	88	133	82	63	0	61	41	153	120	150	145	158	128	246	163	174	80	139	61	141	111	120	102	107	112	134	52	106	86	76	68	151	149	130	145	22	18	69	118	78	212	170	158	102	173	
63	55	92	85	27	82	111	175	146	139	142	45	84	42	20	61	0	23	101	120	124	120	158	131	237	155	158	36	81	14	81	68	70	42	97	98	86	65	46	34	21	60	90	103	108	206	44	55	130	78	78	200	157	144	97	159	
69	38	84	84	26	82	99	164	131	124	127	50	94	58	22	41	23	0	114	108	139	134	147	118	230	147	153	54	98	20	104	87	91	65	88	91	107	62	66	55	43	47	111	111	104	184	28	40	110	82	64	194	151	138	86	153	
49	110	91	61	89	59	113	152	151	147	150	66	22	125	92	153	101	114	0	121	193	191	142	130	187	125	113	120	29	94	83	134	121	91	97	91	135	166	64	109	104	101	53	20	76	287	142	153	219	45	110	152	119	108	104	116	
85	71	33	62	94	64	10	56	31	26	29	88	103	162	101	120	120	108	121	0	244	240	39	11	127	45	62	156	132	107	173	188	186	150	27	31	203	165	131	153	140	61	159	104	47	201	127	134	156	80	44	94	55	45	24	59	
178	176	216	204	151	201	235	299	269	262	265	164	186	83	144	150	124	139	193	244	0	5	282	255	359	278	279	88	164	138	116	61	72	105	221	222	59	101	132	94	105	184	148	204	228	269	131	132	195	192	202	322	279	266	221	280	
174	172	212	200	147	198	231	295	265	258	261	160	183	79	140	145	120	134	191	240	5	0	278	251	355	275	275	84	162	134	115	58	70	102	217	218	58	96	129	90	102	179	147	202	224	264	126	127	190	189	198	318	276	263	217	276	
117	110	68	90	132	92	48	17	31	37	35	122	128	199	138	158	158	147	142	39	282	278	0	30	90	23	46	194	159	144	206	225	221	185	62	62	238	204	164	190	178	100	187	123	67	223	166	172	188	107	83	61	36	38	62	42	
96	81	44	72	105	74	21	47	21	19	20	99	113	173	112	128	131	118	130	11	255	251	30	0	119	40	60	167	142	118	184	199	197	161	38	41	214	175	142	164	151	72	169	112	55	202	136	143	161	90	55	87	52	45	35	57	
182	195	146	155	210	158	133	74	119	126	123	195	181	277	217	246	237	230	187	127	359	355	90	119	0	83	80	272	212	223	265	299	292	256	142	139	309	289	230	265	254	183	239	168	131	307	251	259	277	169	169	37	80	93	145	79	
106	112	63	78	128	81	50	27	51	54	53	116	113	196	135	163	155	147	125	45	278	275	23	40	83	0	23	191	144	141	194	220	214	178	59	57	231	206	154	185	173	100	172	106	54	242	168	176	200	95	86	49	13	17	62	19	
103	121	70	76	132	79	64	46	74	76	76	115	104	198	139	174	158	153	113	62	279	275	46	60	80	23	0	192	135	145	187	219	213	177	67	63	230	214	151	185	174	108	163	94	51	262	177	186	217	90	97	43	10	17	73	4	
93	90	128	117	63	115	147	211	182	175	178	77	108	6	56	80	36	54	120	156	88	84	194	167	272	191	192	0	94	50	70	33	40	33	133	134	54	56	56	11	18	96	92	126	141	221	58	66	144	107	114	235	192	179	133	193	
48	105	99	70	76	68	122	171	163	158	160	57	31	99	77	139	81	98	29	132	164	162	159	142	212	144	135	94	0	78	54	106	92	63	106	101	106	144	39	83	80	97	28	44	92	279	124	136	207	52	110	177	139	128	112	137	
52	43	78	72	13	69	97	161	133	126	129	33	76	55	6	61	14	20	94	107	138	134	144	118	223	141	145	50	78	0	86	81	82	51	83	84	99	76	46	47	34	47	91	93	94	204	48	59	130	66	65	186	143	130	83	145	
89	127	140	116	93	114	163	219	204	198	201	87	84	73	89	141	81	104	83	173	116	115	206	184	265	194	187	70	54	86	0	64	47	40	147	144	57	126	44	60	66	125	33	98	140	286	121	131	209	99	142	229	191	179	151	189	
117	123	158	144	94	141	178	241	214	207	210	104	126	30	87	111	68	87	134	188	61	58	225	199	299	220	219	33	106	81	64	0	18	45	164	164	23	76	72	35	48	128	94	144	168	248	89	95	170	131	146	262	220	207	164	220	
110	125	154	137	93	134	176	237	214	207	210	99	115	39	87	120	70	91	121	186	72	70	221	197	292	214	213	40	92	82	47	18	0	36	160	159	17	90	62	36	49	128	79	133	162	260	98	106	183	123	146	256	214	201	162	214	
74	93	118	101	60	98	140	201	179	173	176	63	81	38	55	102	42	65	91	150	105	102	185	161	256	178	177	33	63	51	40	45	36	0	125	123	53	88	27	22	26	95	59	100	126	246	81	91	169	87	113	220	178	165	127	178	
59	54	7	37	71	38	17	78	57	52	55	62	77	138	77	107	97	88	97	27	221	217	62	38	142	59	67	133	106	83	147	164	160	125	0	8	177	148	104	129	116	42	133	81	30	209	110	119	154	54	30	106	63	51	9	66	
55	58	7	31	72	33	22	78	62	57	60	60	72	139	78	112	98	91	91	31	222	218	62	41	139	57	63	134	101	84	144	164	159	123	8	0	176	151	102	129	117	45	128	74	22	216	114	123	161	49	36	103	60	47	16	62	
127	141	171	154	110	151	193	254	231	224	227	116	131	52	104	134	86	107	135	203	59	58	238	214	309	231	230	54	106	99	57	23	17	53	177	176	0	99	79	52	65	145	89	148	179	271	112	118	193	140	163	273	231	218	179	231	
128	95	144	146	86	144	157	221	184	177	180	109	149	54	80	52	65	62	166	165	101	96	204	175	289	206	214	56	144	76	126	76	90	88	148	151	99	0	106	67	65	106	147	168	166	174	39	34	97	141	121	254	211	198	145	213	
49	83	98	76	50	74	121	179	161	155	158	43	54	61	48	106	46	66	64	131	132	129	164	142	230	154	151	56	39	46	44	72	62	27	104	102	79	106	0	45	41	81	45	73	101	250	89	101	175	61	98	194	153	140	108	152	
85	89	123	110	59	108	143	207	180	173	176	70	98	16	53	86	34	55	109	153	94	90	190	164	265	185	185	11	83	47	60	35	36	22	129	129	52	67	45	0	13	94	81	117	134	229	65	73	151	99	112	228	186	173	129	186	
75	76	111	99	46	97	130	194	167	160	163	59	91	24	40	76	21	43	104	140	105	102	178	151	254	173	174	18	80	34	66	48	49	26	116	117	65	65	41	13	0	81	82	110	123	220	56	65	143	89	99	217	174	161	117	175	
52	14	38	50	35	49	52	117	86	79	82	41	79	101	41	68	60	47	101	61	184	179	100	72	183	100	108	96	97	47	125	128	128	95	42	45	145	106	81	94	81	0	120	91	63	188	69	78	123	58	19	148	105	92	39	107	
74	125	126	98	93	96	149	199	190	185	187	79	59	96	92	151	90	111	53	159	148	147	187	169	239	172	163	92	28	91	33	94	79	59	133	128	89	147	45	81	82	120	0	71	120	295	134	145	220	80	134	204	167	156	138	165	
43	102	75	45	86	44	95	133	133	130	132	61	19	132	90	149	103	111	20	104	204	202	123	112	168	106	94	126	44	93	98	144	133	100	81	74	148	168	73	117	110	91	71	0	58	278	139	151	212	33	97	134	99	89	88	96	
53	76	28	25	82	28	40	79	76	73	75	64	61	147	88	130	108	104	76	47	228	224	67	55	131	54	51	141	92	94	140	168	162	126	30	22	179	166	101	134	123	63	120	58	0	238	130	140	182	41	57	94	52	39	38	52	
238	177	211	235	203	235	202	236	192	188	189	223	266	222	203	145	206	184	287	201	269	264	223	202	307	242	262	221	279	204	286	248	260	246	209	216	271	174	250	229	220	188	295	278	238	0	165	156	78	245	183	284	254	246	200	259	
97	56	107	112	54	110	119	183	145	138	141	78	122	60	50	22	44	28	142	127	131	126	166	136	251	168	177	58	124	48	121	89	98	81	110	114	112	39	89	65	56	69	134	139	130	165	0	12	88	110	83	216	173	161	106	176	
109	65	116	122	66	120	126	189	150	143	146	90	134	67	62	18	55	40	153	134	132	127	172	143	259	176	186	66	136	59	131	95	106	91	119	123	118	34	101	73	65	78	145	151	140	156	12	0	78	122	90	224	182	170	114	185	
170	111	155	173	131	172	153	204	158	152	154	154	198	144	130	69	130	110	219	156	195	190	188	161	277	200	217	144	207	130	209	170	183	169	154	161	193	97	175	151	143	123	220	212	182	78	88	78	0	180	125	248	210	200	147	215	
15	69	48	18	57	16	70	120	111	106	108	33	24	113	61	118	78	82	45	80	192	189	107	90	169	95	90	107	52	66	99	131	123	87	54	49	140	141	61	99	89	58	80	33	41	245	110	122	180	0	65	133	92	80	61	91	
63	27	30	52	54	53	36	100	68	61	64	56	88	120	60	78	78	64	110	44	202	198	83	55	169	86	97	114	110	65	142	146	146	113	30	36	163	121	98	112	99	19	134	97	57	183	83	90	125	65	0	134	92	80	24	95	
146	160	110	119	174	122	99	48	92	97	96	158	146	241	180	212	200	194	152	94	322	318	61	87	37	49	43	235	177	186	229	262	256	220	106	103	273	254	194	228	217	148	204	134	94	284	216	224	248	133	134	0	43	56	110	42	
104	117	67	77	131	80	58	37	64	67	66	116	108	198	137	170	157	151	119	55	279	276	36	52	80	13	10	192	139	143	191	220	214	178	63	60	231	211	153	186	174	105	167	99	52	254	173	182	210	92	92	43	0	13	68	6	
92	105	54	64	118	67	47	44	61	62	62	103	97	185	124	158	144	138	108	45	266	263	38	45	93	17	17	179	128	130	179	207	201	165	51	47	218	198	140	173	161	92	156	89	39	246	161	170	200	80	80	56	13	0	56	15	
64	50	13	44	71	45	14	78	53	47	50	65	84	138	77	102	97	86	104	24	221	217	62	35	145	62	73	133	112	83	151	164	162	127	9	16	179	145	108	129	117	39	138	88	38	200	106	114	147	61	24	110	68	56	0	71	
104	120	69	77	132	80	62	42	70	72	72	116	106	199	139	173	159	153	116	59	280	276	42	57	79	19	4	193	137	145	189	220	214	178	66	62	231	213	152	186	175	107	165	96	52	259	176	185	215	91	95	42	6	15	71	0	
EDGE_TRAVEL_TIME_SECTION
0	50	123	104	55	87	50	227	151	261	232	222	227	56	38	56	138	197	96	213	127	138	99	171	349	355	349	211	233	193	365	211	206	104	185	96	104	148	178	234	220	148	118	110	150	254	255	98	169	150	103	105	148	85	105	341	
50	0	124	64	6	116	0	186	109	212	190	180	186	79	75	79	164	241	127	228	164	164	118	128	395	402	395	162	184	148	316	162	157	139	229	136	139	196	227	282	268	196	77	66	193	303	287	147	215	193	99	56	191	89	56	345	
123	124	0	103	127	68	124	179	125	254	187	172	179	178	95	178	75	190	77	108	110	75	222	142	344	353	344	224	220	162	390	224	242	86	180	209	86	187	254	246	249	187	108	117	152	283	189	167	178	152	27	153	250	204	153	221	
104	64	103	0	61	130	64	123	47	167	128	118	123	143	111	143	167	266	143	210	183	167	182	67	423	431	423	127	135	89	292	127	140	155	255	198	155	237	281	315	308	237	14	15	221	343	289	195	246	221	77	56	252	150	56	309	
55	6	127	61	0	120	6	182	105	206	185	176	182	82	81	82	169	247	132	231	169	169	121	124	401	408	401	156	179	144	310	156	151	143	235	140	143	202	232	287	274	202	73	62	199	309	292	153	221	199	100	50	196	90	50	347	
87	116	68	130	120	0	116	235	168	297	242	228	235	138	49	138	51	136	13	129	53	51	178	188	293	301	293	256	264	210	421	256	264	25	125	153	25	120	186	187	186	120	141	143	92	220	172	100	118	92	70	164	186	172	164	262	
50	0	124	64	6	116	0	186	109	212	190	180	186	79	75	79	164	241	127	228	164	164	118	128	395	402	395	162	184	148	316	162	157	139	229	136	139	196	227	282	268	196	77	66	193	303	287	147	215	193	99	56	191	89	56	345	
227	186	179	123	182	235	186	0	77	99	9	7	0	264	229	264	254	367	247	261	285	254	300	58	523	531	523	107	69	40	246	107	151	258	357	321	258	352	402	421	420	352	110	120	326	455	360	315	352	326	165	150	375	264	150	308	
151	109	125	47	105	168	109	77	0	130	82	71	77	187	156	187	198	304	181	226	221	198	225	21	461	469	461	101	96	43	267	101	129	193	293	244	193	281	327	355	351	281	33	44	260	386	314	241	286	260	104	81	298	191	81	306	
261	212	254	167	206	297	212	99	130	0	91	104	99	279	276	279	328	433	310	350	350	328	305	113	590	598	590	54	35	94	147	54	92	322	422	342	322	403	438	482	474	403	156	156	388	509	443	358	413	388	234	159	398	266	159	407	
232	190	187	128	185	242	190	9	82	91	0	16	9	267	236	267	262	375	254	270	293	262	303	62	531	539	531	102	63	42	238	102	147	266	365	325	266	359	408	428	427	359	115	124	333	462	369	321	359	333	173	152	380	266	152	317	
222	180	172	118	176	228	180	7	71	104	16	0	7	258	223	258	247	360	240	255	278	247	295	53	516	524	516	108	73	38	251	108	152	251	350	315	251	345	396	414	414	345	104	115	319	448	353	309	345	319	158	146	369	260	146	303	
227	186	179	123	182	235	186	0	77	99	9	7	0	264	229	264	254	367	247	261	285	254	300	58	523	531	523	107	69	40	246	107	151	258	357	321	258	352	402	421	420	352	110	120	326	455	360	315	352	326	165	150	375	264	150	308	
56	79	178	143	82	138	79	264	187	279	267	258	264	0	90	0	189	227	145	266	169	189	44	206	368	373	368	226	256	226	363	226	208	151	215	63	151	163	167	252	231	163	155	144	181	262	299	108	196	181	158	122	119	38	122	396	
38	75	95	111	81	49	75	229	156	276	236	223	229	90	0	90	100	166	58	176	91	100	131	176	321	328	321	231	246	198	390	231	231	67	154	114	67	127	174	208	198	127	124	121	118	233	218	86	141	118	82	129	157	123	129	307	
56	79	178	143	82	138	79	264	187	279	267	258	264	0	90	0	189	227	145	266	169	189	44	206	368	373	368	226	256	226	363	226	208	151	215	63	151	163	167	252	231	163	155	144	181	262	299	108	196	181	158	122	119	38	122	396	
138	164	75	167	169	51	164	254	198	328	262	247	254	189	100	189	0	116	44	82	46	0	227	216	269	278	269	293	294	237	459	293	306	41	107	196	41	130	207	174	182	130	176	181	85	214	124	131	110	85	94	208	221	223	208	219	
197	241	190	266	247	136	241	367	304	433	375	360	367	227	166	227	116	0	123	163	83	116	251	324	157	165	157	392	400	346	555	392	396	111	12	199	111	75	146	59	77	75	277	279	48	104	108	123	32	48	202	294	193	264	294	288	
96	127	77	143	132	13	127	247	181	310	254	240	247	145	58	145	44	123	0	125	40	44	183	201	280	288	280	269	277	223	434	269	277	12	112	154	12	110	179	174	174	110	154	156	79	209	161	95	105	79	82	176	184	179	176	261	
213	228	108	210	231	129	228	261	226	350	270	255	261	266	176	266	82	163	125	0	123	82	307	239	291	301	291	326	315	256	492	326	349	123	160	278	123	203	283	221	240	203	215	225	152	267	104	213	172	152	135	261	303	298	261	138	
127	164	110	183	169	53	164	285	221	350	293	278	285	169	91	169	46	83	40	123	0	46	203	241	240	248	240	309	317	263	474	309	317	28	72	163	28	85	162	137	140	85	194	196	42	173	131	91	68	42	120	215	181	205	215	260	
138	164	75	167	169	51	164	254	198	328	262	247	254	189	100	189	0	116	44	82	46	0	227	216	269	278	269	293	294	237	459	293	306	41	107	196	41	130	207	174	182	130	176	181	85	214	124	131	110	85	94	208	221	223	208	219	
99	118	222	182	121	178	118	300	225	305	303	295	300	44	131	44	227	251	183	307	203	227	0	243	382	386	382	251	285	261	373	251	226	188	240	58	188	181	165	268	243	181	194	181	209	271	333	129	219	209	202	152	106	39	152	438	
171	128	142	67	124	188	128	58	21	113	62	53	58	206	176	206	216	324	201	239	241	216	243	0	481	489	481	90	78	22	253	90	124	213	313	264	213	301	348	375	372	301	54	62	280	406	330	262	306	280	123	94	318	207	94	311	
349	395	344	423	401	293	395	523	461	590	531	516	523	368	321	368	269	157	280	291	240	269	382	481	0	10	0	549	557	503	710	549	551	268	169	324	268	205	229	116	140	205	434	436	204	116	192	260	180	204	359	449	295	404	449	380	
355	402	353	431	408	301	402	531	469	598	539	524	531	373	328	373	278	165	288	301	248	278	386	489	10	0	10	557	565	511	717	557	558	276	177	328	276	210	231	121	143	210	442	444	211	118	202	265	187	211	367	456	297	409	456	390	
349	395	344	423	401	293	395	523	461	590	531	516	523	368	321	368	269	157	280	291	240	269	382	481	0	10	0	549	557	503	710	549	551	268	169	324	268	205	229	116	140	205	434	436	204	116	192	260	180	204	359	449	295	404	449	380	
211	162	224	127	156	256	162	107	101	54	102	108	107	226	231	226	293	392	269	326	309	293	251	90	549	557	549	0	46	80	167	0	46	281	381	289	281	357	388	439	429	357	117	113	346	464	413	309	370	346	200	107	345	212	107	401	
233	184	220	135	179	264	184	69	96	35	63	73	69	256	246	256	294	400	277	315	317	294	285	78	557	565	557	46	0	59	180	46	92	289	389	318	289	372	411	450	443	372	123	125	356	478	408	329	381	356	200	134	374	246	134	375	
193	148	162	89	144	210	148	40	43	94	42	38	40	226	198	226	237	346	223	256	263	237	261	22	503	511	503	80	59	0	238	80	120	235	335	284	235	323	369	397	394	323	75	83	302	428	349	284	328	302	144	110	339	224	110	321	
365	316	390	292	310	421	316	246	267	147	238	251	246	363	390	363	459	555	434	492	474	459	373	253	710	717	710	167	180	238	0	167	159	446	543	424	446	512	530	597	584	512	284	278	507	618	579	461	530	507	367	261	478	337	261	554	
211	162	224	127	156	256	162	107	101	54	102	108	107	226	231	226	293	392	269	326	309	293	251	90	549	557	549	0	46	80	167	0	46	281	381	289	281	357	388	439	429	357	117	113	346	464	413	309	370	346	200	107	345	212	107	401	
206	157	242	140	151	264	157	151	129	92	147	152	151	208	231	208	306	396	277	349	317	306	226	124	551	558	551	46	92	120	159	46	0	289	385	271	289	353	375	438	425	353	134	126	349	459	429	302	371	349	217	102	326	187	102	434	
104	139	86	155	143	25	139	258	193	322	266	251	258	151	67	151	41	111	12	123	28	41	188	213	268	276	268	281	289	235	446	281	289	0	100	155	0	101	173	163	163	101	166	168	68	197	151	92	94	68	93	188	182	187	188	260	
185	229	180	255	235	125	229	357	293	422	365	350	357	215	154	215	107	12	112	160	72	107	240	313	169	177	169	381	389	335	543	381	385	100	0	189	100	67	141	67	80	67	266	268	36	109	112	112	23	36	192	283	185	253	283	287	
96	136	209	198	140	153	136	321	244	342	325	315	321	63	114	63	196	199	154	278	163	196	58	264	324	328	324	289	318	284	424	289	271	155	189	0	155	126	109	211	185	126	211	202	160	213	289	77	167	160	195	184	56	88	184	414	
104	139	86	155	143	25	139	258	193	322	266	251	258	151	67	151	41	111	12	123	28	41	188	213	268	276	268	281	289	235	446	281	289	0	100	155	0	101	173	163	163	101	166	168	68	197	151	92	94	68	93	188	182	187	188	260	
148	196	187	237	202	120	196	352	281	403	359	345	352	163	127	163	130	75	110	203	85	130	181	301	205	210	205	357	372	323	512	357	353	101	67	126	101	0	80	89	72	0	250	248	52	107	177	55	44	52	190	252	118	200	252	338	
178	227	254	281	232	186	227	402	327	438	408	396	402	167	174	167	207	146	179	283	162	207	165	348	229	231	229	388	411	369	530	388	375	173	141	109	173	80	0	129	95	80	294	288	132	113	253	88	120	132	250	281	66	197	281	418	
234	282	246	315	287	187	282	421	355	482	428	414	421	252	208	252	174	59	174	221	137	174	268	375	116	121	116	439	450	397	597	439	438	163	67	211	163	89	129	0	35	89	327	327	95	47	151	144	70	95	256	337	189	289	337	341	
220	268	249	308	274	186	268	420	351	474	427	414	420	231	198	231	182	77	174	240	140	182	243	372	140	143	140	429	443	394	584	429	425	163	80	185	163	72	95	35	0	72	321	319	98	35	180	124	72	98	256	324	157	266	324	365	
148	196	187	237	202	120	196	352	281	403	359	345	352	163	127	163	130	75	110	203	85	130	181	301	205	210	205	357	372	323	512	357	353	101	67	126	101	0	80	89	72	0	250	248	52	107	177	55	44	52	190	252	118	200	252	338	
118	77	108	14	73	141	77	110	33	156	115	104	110	155	124	155	176	277	154	215	194	176	194	54	434	442	434	117	123	75	284	117	134	166	266	211	166	250	294	327	321	250	0	15	233	356	297	209	258	233	84	59	265	161	59	308	
110	66	117	15	62	143	66	120	44	156	124	115	120	144	121	144	181	279	156	225	196	181	181	62	436	444	436	113	125	83	278	113	126	168	268	202	168	248	288	327	319	248	15	0	233	354	303	204	258	233	91	44	256	148	44	322	
150	193	152	221	199	92	193	326	260	388	333	319	326	181	118	181	85	48	79	152	42	85	209	280	204	211	204	346	356	302	507	346	349	68	36	160	68	52	132	95	98	52	233	233	0	131	130	83	26	0	161	247	165	219	247	286	
254	303	283	343	309	220	303	455	386	509	462	448	455	262	233	262	214	104	209	267	173	214	271	406	116	118	116	464	478	428	618	464	459	197	109	213	197	107	113	47	35	107	356	354	131	0	198	158	105	131	290	359	179	297	359	388	
255	287	189	289	292	172	287	360	314	443	369	353	360	299	218	299	124	108	161	104	131	124	333	330	192	202	192	413	408	349	579	413	429	151	112	289	151	177	253	151	180	177	297	303	130	198	0	212	133	130	213	332	294	336	332	194	
98	147	167	195	153	100	147	315	241	358	321	309	315	108	86	108	131	123	95	213	91	131	129	262	260	265	260	309	329	284	461	309	302	92	112	77	92	55	88	144	124	55	209	204	83	158	212	0	91	83	162	203	90	145	203	350	
169	215	178	246	221	118	215	352	286	413	359	345	352	196	141	196	110	32	105	172	68	110	219	306	180	187	180	370	381	328	530	370	371	94	23	167	94	44	120	70	72	44	258	258	26	105	133	91	0	26	187	269	162	233	269	303	
150	193	152	221	199	92	193	326	260	388	333	319	326	181	118	181	85	48	79	152	42	85	209	280	204	211	204	346	356	302	507	346	349	68	36	160	68	52	132	95	98	52	233	233	0	131	130	83	26	0	161	247	165	219	247	286	
103	99	27	77	100	70	99	165	104	234	173	158	165	158	82	158	94	202	82	135	120	94	202	123	359	367	359	200	200	144	367	200	217	93	192	195	93	190	250	256	256	190	84	91	161	290	213	162	187	161	0	126	239	181	126	247	
105	56	153	56	50	164	56	150	81	159	152	146	150	122	129	122	208	294	176	261	215	208	152	94	449	456	449	107	134	110	261	107	102	188	283	184	188	252	281	337	324	252	59	44	247	359	332	203	269	247	126	0	240	115	0	364	
148	191	250	252	196	186	191	375	298	398	380	369	375	119	157	119	221	193	184	303	181	221	106	318	295	297	295	345	374	339	478	345	326	182	185	56	182	118	66	189	157	118	265	256	165	179	294	90	162	165	239	240	0	141	240	440	
85	89	204	150	90	172	89	264	191	266	266	260	264	38	123	38	223	264	179	298	205	223	39	207	404	409	404	212	246	224	337	212	187	187	253	88	187	200	197	289	266	200	161	148	219	297	336	145	233	219	181	115	141	0	115	425	
105	56	153	56	50	164	56	150	81	159	152	146	150	122	129	122	208	294	176	261	215	208	152	94	449	456	449	107	134	110	261	107	102	188	283	184	188	252	281	337	324	252	59	44	247	359	332	203	269	247	126	0	240	115	0	364	
341	345	221	309	347	262	345	308	306	407	317	303	308	396	307	396	219	288	261	138	260	219	438	311	380	390	380	401	375	321	554	401	434	260	287	414	260	338	418	341	365	338	308	322	286	388	194	350	303	286	247	364	440	425	364	0	
TIME_WINDOW_SECTION
1	0	720
2	151	182
3	285	287
4	348	369
5	489	495
6	0	720
7	107	142
8	272	285
9	376	577
10	593	631
11	0	720
12	94	305
13	0	720
14	133	137
15	260	304
16	429	458
17	581	601
18	0	720
19	0	720
20	0	720
21	194	304
22	0	720
23	151	166
24	225	278
25	516	518
26	0	720
27	0	720
28	157	216
29	405	506
30	0	720
31	84	136
32	265	479
33	514	533
34	0	720
35	0	720
36	0	720
37	141	143
38	341	355
39	567	570
40	661	665
41	0	720
42	0	720
43	367	368
44	509	537
45	0	720
46	157	159
47	489	504
48	528	531
49	0	720
50	0	720
51	0	720
52	124	142
53	229	293
54	320	376
55	488	562
56	0	720
CLUSTER_SECTION
1	1	
2	2	
3	7	
4	12	
5	14	
6	23	
7	24	
8	21	
9	23	
10	33	
11	28	
12	31	
13	43	
14	44	
15	37	
16	51	
17	43	
18	46	
19	61	
20	62	
21	52	
DEMAND_SECTION
1	0
2	65
3	82
4	54
5	61
6	74
7	63
8	38
9	26
10	53
11	46
12	58
13	32
14	61
15	35
16	34
17	36
18	78
19	18
20	36
21	51
DEPOT_SECTION
1
EOF