NAME:	instance_8-triangle
TYPE:	VRPRDL
DIMENSION:	60
CAPACITY:	750
TIME_HORIZON:	720
NUM_CUSTOMERS:	21
NODE_COORD_SECTION
1	0.0	0.0
2	131.747605334	-23.2744549973
3	82.0698144637	27.5672238151
4	98.8226757517	56.4785498652
5	64.4973312679	-32.4418985687
6	33.8665659241	-65.3608803747
7	112.539154007	-102.137890338
8	26.6224960962	31.7048922203
9	-77.6839540737	-1.45117715181
10	-41.0016864211	18.2391754924
11	-54.7584033691	-162.344537283
12	21.4652616447	-44.4416340591
13	93.3257890717	31.6880983644
14	26.2772676924	-49.4918432941
15	-13.4037670352	-54.9796976737
16	-68.7390390317	13.771947066
17	-47.4725147382	43.1817068072
18	-33.5832753633	47.0249534669
19	-30.7213348429	-0.562444093322
20	118.982546579	-26.3138341433
21	73.7830990392	93.9153009282
22	-80.8056911273	-6.814196762
23	-33.077280981	-19.881319613
24	-12.30343874	1.91257200547
25	-24.6129318487	39.0920234011
26	-40.9749514175	-15.9333241663
27	49.5281385795	149.108223818
28	64.5853476723	72.0920385016
29	80.2573801864	118.064215853
30	116.871468433	107.870493739
31	80.7848911318	123.241435913
32	-154.227174046	-46.4488536856
33	-0.557893719149	2.63988632582
34	-115.016975989	55.9383275113
35	-68.1601268323	53.254994719
36	-63.040636099	62.7901456008
37	-60.2824175909	76.1003448697
38	-63.4776094892	54.6441265908
39	-59.7950731869	80.3359581239
40	1.76059686091	-19.6448576569
41	-18.6081643432	-8.19958800447
42	93.2068480001	-61.8425757225
43	-18.1408676472	-14.0613701261
44	1.79213468066	-19.5072428454
45	-106.182225762	56.1048835187
46	-14.4876171396	19.4647588849
47	69.3912816804	-60.8731102701
48	53.8108742568	-77.5965209384
49	74.2493983981	-68.0633182389
50	57.5481382325	-61.1505011981
51	-81.3838699354	-56.3378999595
52	-18.6572904606	24.9547971559
53	40.3509188239	-76.7768116003
54	27.0336645	67.4402747952
55	83.385181971	59.6607121538
56	38.0254073636	60.3984413783
57	39.9858648367	144.420193718
58	58.2168186169	77.9691074301
59	60.9184371863	71.6797516011
60	27.4911268837	-3.54315669351
EDGE_WEIGHT_SECTION
0	134	87	114	72	73	152	41	77	45	171	49	99	56	57	70	64	58	31	122	119	81	39	12	46	44	157	96	142	159	147	161	3	128	86	89	97	84	100	20	20	112	23	20	120	24	92	94	101	84	99	31	86	73	103	71	150	97	94	28	
134	0	71	86	68	107	81	119	210	178	233	112	67	109	148	204	191	180	164	13	131	213	165	146	168	173	191	117	150	132	155	287	135	259	214	213	216	210	218	130	151	55	150	130	251	152	73	95	73	83	216	158	106	139	96	126	191	125	118	106	
87	71	0	33	63	105	133	56	162	123	234	94	12	95	126	151	130	117	116	65	67	166	125	98	107	130	126	48	90	87	95	247	86	199	152	149	150	148	151	93	107	90	109	93	190	97	89	109	96	92	184	101	112	68	32	55	124	56	49	63	
114	86	33	0	95	138	159	76	185	145	267	127	25	128	158	173	147	133	142	85	45	190	152	124	125	157	105	38	64	54	69	273	113	214	167	162	160	162	160	123	134	118	137	123	205	119	121	141	127	124	213	122	145	73	16	61	106	46	41	93	
72	68	63	95	0	45	85	74	146	117	176	45	70	42	81	141	135	126	100	55	127	147	98	84	114	107	182	105	151	149	156	219	74	200	158	159	165	155	168	64	87	41	85	64	192	95	29	46	37	30	148	101	50	107	94	97	179	111	104	47	
73	107	105	138	45	0	87	97	129	112	131	24	114	18	48	130	135	131	91	94	164	129	81	81	119	90	215	141	189	192	194	189	76	192	156	160	169	154	173	56	78	59	73	56	185	97	36	23	40	24	116	104	13	133	134	126	210	145	140	62	
152	81	133	159	85	87	0	159	215	195	178	108	135	101	134	215	216	209	175	76	200	216	167	162	197	176	259	181	222	210	227	273	154	276	238	240	248	235	251	138	161	45	158	138	269	176	60	64	51	69	199	182	77	190	164	179	257	188	181	130	
41	119	56	76	74	97	159	0	109	69	210	76	67	81	95	97	75	62	66	109	78	114	79	49	52	83	120	55	102	118	106	197	40	144	97	95	98	93	99	57	60	115	64	57	135	43	102	113	111	98	139	46	109	36	63	31	114	56	53	35	
77	210	162	185	146	129	215	109	0	42	163	108	174	114	84	18	54	66	47	198	179	6	48	65	67	39	197	160	198	223	202	89	77	68	56	66	79	58	83	82	59	181	61	82	64	67	158	152	165	147	55	65	140	125	172	131	187	157	157	105	
45	178	123	145	117	112	195	69	42	0	181	88	135	95	78	28	26	30	21	166	137	47	39	33	27	34	159	119	157	182	161	130	43	83	44	50	61	43	65	57	35	156	39	57	75	27	136	134	144	127	85	23	125	84	131	90	150	116	115	72	
171	233	234	267	176	131	178	210	163	181	0	140	244	139	115	177	206	210	163	220	287	158	144	170	203	147	328	263	311	320	316	153	174	226	216	225	239	217	243	153	158	179	153	153	224	186	160	138	160	151	109	191	128	244	261	241	321	266	261	179	
49	112	94	127	45	24	108	76	108	88	140	0	105	7	36	107	111	107	68	99	148	109	60	57	95	69	195	124	173	180	178	176	52	169	132	136	145	130	149	32	54	74	50	32	162	73	51	46	58	40	104	80	37	112	121	106	189	128	123	41	
99	67	12	25	70	114	135	67	174	135	244	105	0	105	137	163	141	128	128	63	65	178	136	110	118	142	125	50	87	79	92	259	98	210	163	159	160	158	161	105	119	94	120	105	201	109	96	116	102	99	196	112	120	75	30	62	125	58	51	75	
56	109	95	128	42	18	101	81	114	95	139	7	105	0	40	114	118	114	75	96	151	115	66	64	102	75	200	127	176	182	181	181	59	176	139	143	152	137	156	39	61	68	57	39	169	80	45	39	51	33	108	87	31	117	123	111	194	131	126	46	
57	148	126	158	81	48	134	95	84	78	115	36	137	40	0	88	104	104	57	135	172	83	40	57	95	48	213	149	196	209	201	141	59	150	121	128	139	120	143	38	47	107	41	38	145	74	83	71	88	71	68	80	58	129	150	126	206	151	147	66	
70	204	151	173	141	130	215	97	18	28	177	107	163	114	88	0	36	48	41	192	164	24	49	58	51	41	180	146	182	208	185	105	69	63	39	49	63	41	67	78	55	179	58	78	57	55	157	153	165	147	71	51	142	110	159	117	170	142	142	98	
64	191	130	147	135	135	216	75	54	26	206	111	141	118	104	36	0	14	47	180	131	60	65	54	23	59	144	115	148	176	151	139	62	69	23	25	35	20	39	80	59	176	64	80	60	41	156	157	165	148	105	34	148	78	132	87	134	111	112	88	
58	180	117	133	126	131	209	62	66	30	210	107	128	114	104	48	14	0	48	169	117	72	67	50	12	63	132	101	134	162	137	153	55	82	35	33	39	31	42	75	57	167	63	75	73	34	149	152	158	141	114	27	144	64	118	73	122	97	98	79	
31	164	116	142	100	91	175	66	47	21	163	68	128	75	57	41	47	48	0	152	141	50	19	19	40	18	170	120	162	183	166	132	30	101	65	71	82	64	86	37	14	138	18	37	94	26	116	114	124	107	75	28	104	89	129	92	161	119	117	58	
122	13	65	85	55	94	76	109	198	166	220	99	63	96	135	192	180	169	152	0	128	201	152	134	158	160	188	112	149	134	154	274	123	248	203	202	206	200	208	117	139	44	138	117	240	141	60	83	61	71	203	147	93	131	93	119	188	121	114	94	
119	131	67	45	127	164	200	78	179	137	287	148	65	151	172	164	131	117	141	128	0	184	156	126	113	159	60	24	25	45	30	267	118	192	148	140	135	143	134	134	137	157	142	134	184	115	155	173	162	156	216	115	174	54	36	49	61	22	26	108	
81	213	166	190	147	129	216	114	6	47	158	109	178	115	83	24	60	72	50	201	184	0	49	69	73	41	203	165	204	228	207	83	80	71	61	72	85	64	89	84	62	182	63	84	68	71	159	152	166	148	50	70	140	131	177	137	193	163	162	108	
39	165	125	152	98	81	167	79	48	39	144	60	136	66	40	49	65	67	19	152	156	49	0	30	59	9	188	134	178	197	183	124	40	112	81	88	100	80	104	35	19	133	16	35	105	44	110	104	117	99	61	47	93	106	141	107	180	134	131	63	
12	146	98	124	84	81	162	49	65	33	170	57	110	64	57	58	54	50	19	134	126	69	30	0	39	34	160	104	148	167	153	150	12	116	76	79	88	73	92	26	12	123	17	26	108	18	103	103	111	94	90	24	94	76	112	77	152	104	101	40	
46	168	107	125	114	119	197	52	67	27	203	95	118	102	95	51	23	12	40	158	113	73	59	39	0	57	133	95	131	157	135	155	44	92	46	45	51	42	54	64	48	155	54	64	83	22	137	140	146	130	111	15	132	59	110	66	124	91	92	67	
44	173	130	157	107	90	176	83	39	34	147	69	142	75	48	41	59	63	18	160	159	41	9	34	57	0	188	137	180	200	184	117	44	103	74	82	94	74	98	43	24	142	23	43	97	44	119	113	126	108	57	46	102	107	145	110	179	137	134	70	
157	191	126	105	182	215	259	120	197	159	328	195	125	200	213	180	144	132	170	188	60	203	188	160	133	188	0	78	44	79	41	282	155	189	152	142	132	147	129	175	171	215	177	175	181	145	211	227	218	210	244	142	226	85	96	89	11	72	78	154	
96	117	48	38	105	141	181	55	160	119	263	124	50	127	149	146	115	101	120	112	24	165	134	104	95	137	78	0	49	63	54	248	95	180	134	128	125	129	125	111	115	137	119	111	172	95	133	150	140	133	194	96	151	38	23	29	76	9	4	84	
142	150	90	64	151	189	222	102	198	157	311	173	87	176	196	182	148	134	162	149	25	204	178	148	131	180	44	49	0	38	5	286	140	205	162	154	147	157	145	158	160	180	164	158	196	136	179	197	186	181	237	135	199	73	58	71	48	46	50	132	
159	132	87	54	149	192	210	118	223	182	320	180	79	182	209	208	176	162	183	134	45	228	197	167	157	200	79	63	38	0	39	311	158	237	193	185	180	188	179	172	178	171	182	172	229	158	175	195	181	178	257	159	199	99	59	92	85	66	67	143	
147	155	95	69	156	194	227	106	202	161	316	178	92	181	201	185	151	137	166	154	30	207	183	153	135	184	41	54	5	39	0	290	145	207	165	156	149	160	147	163	165	185	169	163	199	140	184	202	191	186	241	139	204	77	63	76	46	51	55	137	
161	287	247	273	219	189	273	197	89	130	153	176	259	181	141	105	139	153	132	274	267	83	124	150	155	117	282	248	286	311	290	0	161	110	132	142	154	136	158	158	141	248	140	158	113	154	224	210	229	212	74	153	197	214	260	220	272	246	245	187	
3	135	86	113	74	76	154	40	77	43	174	52	98	59	59	69	62	55	30	123	118	80	40	12	44	44	155	95	140	158	145	161	0	126	84	87	94	82	97	22	21	114	24	22	118	22	94	97	103	86	100	29	89	70	101	69	147	96	92	29	
128	259	199	214	200	192	276	144	68	83	226	169	210	176	150	63	69	82	101	248	192	71	112	116	92	103	189	180	205	237	207	110	126	0	47	52	58	52	60	138	115	239	119	138	9	107	217	215	225	208	117	101	204	142	198	153	178	174	176	154	
86	214	152	167	158	156	238	97	56	44	216	132	163	139	121	39	23	35	65	203	148	61	81	76	46	74	152	134	162	193	165	132	84	47	0	11	24	5	28	101	79	198	83	101	38	63	178	178	187	170	110	57	169	96	151	106	141	129	130	111	
89	213	149	162	159	160	240	95	66	50	225	136	159	143	128	49	25	33	71	202	140	72	88	79	45	82	142	128	154	185	156	142	87	52	11	0	14	8	18	105	84	200	89	105	44	65	181	182	189	173	120	58	173	90	146	101	131	122	124	112	
97	216	150	160	165	169	248	98	79	61	239	145	160	152	139	63	35	39	82	206	135	85	100	88	51	94	132	125	147	180	149	154	94	58	24	14	0	22	4	114	94	206	99	114	50	73	188	191	197	180	134	66	182	88	145	100	121	119	121	118	
84	210	148	162	155	154	235	93	58	43	217	130	158	137	120	41	20	31	64	200	143	64	80	73	42	74	147	129	157	188	160	136	82	52	5	8	22	0	26	99	77	195	82	99	43	60	176	176	184	167	112	54	167	91	147	102	137	124	125	108	
100	218	151	160	168	173	251	99	83	65	243	149	161	156	143	67	39	42	86	208	134	89	104	92	54	98	129	125	145	179	147	158	97	60	28	18	4	26	0	117	98	209	103	117	52	76	191	194	200	183	138	69	186	88	145	100	119	118	121	121	
20	130	93	123	64	56	138	57	82	57	153	32	105	39	38	78	80	75	37	117	134	84	35	26	64	43	175	111	158	172	163	158	22	138	101	105	114	99	117	0	23	101	21	0	131	42	79	78	87	70	91	49	69	91	114	88	168	113	109	30	
20	151	107	134	87	78	161	60	59	35	158	54	119	61	47	55	59	57	14	139	137	62	19	12	48	24	171	115	160	178	165	141	21	115	79	84	94	77	98	23	0	124	6	23	108	28	102	100	110	93	79	33	90	88	122	89	163	115	113	46	
112	55	90	118	41	59	45	115	181	156	179	74	94	68	107	179	176	167	138	44	157	182	133	123	155	142	215	137	180	171	185	248	114	239	198	200	206	195	209	101	124	0	121	101	231	135	24	42	20	36	175	142	55	145	122	134	213	144	137	88	
23	150	109	137	85	73	158	64	61	39	153	50	120	57	41	58	64	63	18	138	142	63	16	17	54	23	177	119	164	182	169	140	24	119	83	89	99	82	103	21	6	121	0	21	112	34	99	96	107	89	76	39	86	93	125	93	169	120	116	47	
20	130	93	123	64	56	138	57	82	57	153	32	105	39	38	78	80	75	37	117	134	84	35	26	64	43	175	111	158	172	163	158	22	138	101	105	114	99	117	0	23	101	21	0	131	42	79	78	87	70	91	49	69	91	114	88	168	113	109	30	
120	251	190	205	192	185	269	135	64	75	224	162	201	169	145	57	60	73	94	240	184	68	105	108	83	97	181	172	196	229	199	113	118	9	38	44	50	43	52	131	108	231	112	131	0	99	210	208	218	201	115	93	198	134	189	144	171	166	168	146	
24	152	97	119	95	97	176	43	67	27	186	73	109	80	74	55	41	34	26	141	115	71	44	18	22	44	145	95	136	158	140	154	22	107	63	65	73	60	76	42	28	135	34	42	99	0	116	118	125	108	101	7	110	63	106	67	136	93	92	48	
92	73	89	121	29	36	60	102	158	136	160	51	96	45	83	157	156	149	116	60	155	159	110	103	137	119	211	133	179	175	184	224	94	217	178	181	188	176	191	79	102	24	99	79	210	116	0	23	9	12	151	123	33	135	121	125	207	139	133	71	
94	95	109	141	46	23	64	113	152	134	138	46	116	39	71	153	157	152	114	83	173	152	104	103	140	113	227	150	197	195	202	210	97	215	178	182	191	176	194	78	100	42	96	78	208	118	23	0	23	17	136	125	13	147	140	139	222	156	149	79	
101	73	96	127	37	40	51	111	165	144	160	58	102	51	88	165	165	158	124	61	162	166	117	111	146	126	218	140	186	181	191	229	103	225	187	189	197	184	200	87	110	20	107	87	218	125	9	23	0	18	156	131	35	143	128	133	215	147	140	80	
84	83	92	124	30	24	69	98	147	127	151	40	99	33	71	147	148	141	107	71	156	148	99	94	130	108	210	133	181	178	186	212	86	208	170	173	180	167	183	70	93	36	89	70	201	108	12	17	18	0	139	115	23	132	124	123	206	139	133	65	
99	216	184	213	148	116	199	139	55	85	109	104	196	108	68	71	105	114	75	203	216	50	61	90	111	57	244	194	237	257	241	74	100	117	110	120	134	112	138	91	79	175	76	91	115	101	151	136	156	139	0	103	123	164	201	167	235	194	191	121	
31	158	101	122	101	104	182	46	65	23	191	80	112	87	80	51	34	27	28	147	115	70	47	24	15	46	142	96	135	159	139	153	29	101	57	58	66	54	69	49	33	142	39	49	93	7	123	125	131	115	103	0	117	62	108	67	133	93	92	54	
86	106	112	145	50	13	77	109	140	125	128	37	120	31	58	142	148	144	104	93	174	140	93	94	132	102	226	151	199	199	204	197	89	204	169	173	182	167	186	69	90	55	86	69	198	110	33	13	35	23	123	117	0	145	143	137	221	156	150	74	
73	139	68	73	107	133	190	36	125	84	244	112	75	117	129	110	78	64	89	131	54	131	106	76	59	107	85	38	73	99	77	214	70	142	96	90	88	91	88	91	88	145	93	91	134	63	135	147	143	132	164	62	145	0	57	13	78	33	34	71	
103	96	32	16	94	134	164	63	172	131	261	121	30	123	150	159	132	118	129	93	36	177	141	112	110	145	96	23	58	59	63	260	101	198	151	146	145	147	145	114	122	122	125	114	189	106	121	140	128	124	201	108	143	57	0	45	95	31	25	84	
71	126	55	61	97	126	179	31	131	90	241	106	62	111	126	117	87	73	92	119	49	137	107	77	66	110	89	29	71	92	76	220	69	153	106	101	100	102	100	88	89	134	93	88	144	67	125	139	133	123	167	67	137	13	45	0	84	27	26	65	
150	191	124	106	179	210	257	114	187	150	321	189	125	194	206	170	134	122	161	188	61	193	180	152	124	179	11	76	48	85	46	272	147	178	141	131	121	137	119	168	163	213	169	168	171	136	207	222	215	206	235	133	221	78	95	84	0	69	76	148	
97	125	56	46	111	145	188	56	157	116	266	128	58	131	151	142	111	97	119	121	22	163	134	104	91	137	72	9	46	66	51	246	96	174	129	122	119	124	118	113	115	144	120	113	166	93	139	156	147	139	194	93	156	33	31	27	69	0	7	87	
94	118	49	41	104	140	181	53	157	115	261	123	51	126	147	142	112	98	117	114	26	162	131	101	92	134	78	4	50	67	55	245	92	176	130	124	121	125	121	109	113	137	116	109	168	92	133	149	140	133	191	92	150	34	25	26	76	7	0	82	
28	106	63	93	47	62	130	35	105	72	179	41	75	46	66	98	88	79	58	94	108	108	63	40	67	70	154	84	132	143	137	187	29	154	111	112	118	108	121	30	46	88	47	30	146	48	71	79	80	65	121	54	74	71	84	65	148	87	82	0	
EDGE_TRAVEL_TIME_SECTION
0	228	267	173	228	304	144	147	304	90	83	155	90	343	112	99	197	112	61	113	140	128	115	61	239	244	239	88	162	77	25	92	88	295	314	194	286	318	295	5	322	5	167	256	173	178	194	167	41	200	39	41	39	224	46	39	49	240	49	201	
228	0	173	67	0	318	191	276	318	290	153	371	290	535	257	254	51	257	283	316	346	294	265	283	90	170	90	315	381	305	248	249	315	138	210	75	129	109	138	226	546	226	325	428	334	324	320	325	268	321	246	268	246	237	273	246	238	410	238	254	
267	173	0	142	173	162	136	213	162	355	237	421	355	465	217	224	134	217	328	297	407	382	359	328	261	26	261	346	426	330	292	337	346	310	382	233	301	264	310	269	574	269	420	518	428	426	432	420	302	435	260	302	260	109	300	260	305	502	305	146	
173	67	142	0	67	266	125	209	266	247	111	325	247	468	190	188	24	190	232	252	303	261	235	232	134	131	134	261	333	249	196	215	261	191	252	96	181	175	191	173	495	173	296	398	305	299	301	296	214	303	186	214	186	180	217	186	194	381	194	192	
228	0	173	67	0	318	191	276	318	290	153	371	290	535	257	254	51	257	283	316	346	294	265	283	90	170	90	315	381	305	248	249	315	138	210	75	129	109	138	226	546	226	325	428	334	324	320	325	268	321	246	268	246	237	273	246	238	410	238	254	
304	318	162	266	318	0	169	174	0	390	318	430	390	356	202	216	270	202	351	269	430	432	417	351	400	152	400	352	431	334	325	393	352	455	518	361	445	420	455	308	545	308	471	554	476	481	496	471	323	501	276	323	276	89	315	276	351	540	351	103	
144	191	136	125	191	169	0	90	169	234	149	291	234	353	84	89	141	84	201	162	282	270	252	201	253	110	253	214	295	197	168	229	214	313	364	209	303	300	313	148	438	148	309	400	316	318	331	309	173	336	128	173	128	82	169	128	189	384	189	74	
147	276	213	209	276	174	90	0	174	224	195	257	224	263	35	49	228	35	183	97	259	271	262	183	328	187	328	179	258	162	163	239	179	388	430	282	378	384	388	152	378	152	309	384	313	321	340	309	155	346	112	155	112	119	146	112	195	371	195	81	
304	318	162	266	318	0	169	174	0	390	318	430	390	356	202	216	270	202	351	269	430	432	417	351	400	152	400	352	431	334	325	393	352	455	518	361	445	420	455	308	545	308	471	554	476	481	496	471	323	501	276	323	276	89	315	276	351	540	351	103	
90	290	355	247	290	390	234	224	390	0	138	83	0	362	191	177	270	191	43	156	56	52	59	43	275	332	275	68	94	78	66	53	68	322	318	237	314	363	322	87	261	87	86	166	89	99	122	86	69	130	114	69	114	313	79	114	53	151	53	288	
83	153	237	111	153	318	149	195	318	138	0	219	138	421	162	153	133	162	132	191	194	150	124	132	156	218	156	165	228	158	98	104	165	213	239	111	203	236	213	80	394	80	186	287	194	190	195	186	121	198	114	121	114	230	128	114	86	270	86	221	
155	371	421	325	371	430	291	257	430	83	219	0	83	325	229	216	348	229	94	167	35	108	131	94	358	396	358	79	12	97	131	134	79	403	394	320	396	446	403	154	178	154	116	137	111	132	159	116	119	167	163	119	163	362	122	163	133	128	133	332	
90	290	355	247	290	390	234	224	390	0	138	83	0	362	191	177	270	191	43	156	56	52	59	43	275	332	275	68	94	78	66	53	68	322	318	237	314	363	322	87	261	87	86	166	89	99	122	86	69	130	114	69	114	313	79	114	53	151	53	288	
343	535	465	468	535	356	353	263	356	362	421	325	362	0	278	281	488	278	327	230	353	411	421	327	573	441	573	294	315	288	339	407	294	632	657	526	622	640	632	347	305	347	434	453	432	450	477	434	317	485	307	317	307	358	305	307	372	449	372	320	
112	257	217	190	257	202	84	35	202	191	162	229	191	278	0	14	211	0	150	80	228	236	227	150	302	191	302	150	231	133	128	204	150	362	400	255	352	363	362	117	361	117	275	353	279	286	305	275	122	311	77	122	77	136	114	77	160	339	160	103	
99	254	224	188	254	216	89	49	216	177	153	216	177	281	14	0	209	14	136	73	215	222	213	136	296	198	296	137	218	120	114	191	137	356	391	249	346	359	356	104	351	104	261	339	265	272	291	261	108	297	63	108	63	148	100	63	147	325	147	116	
197	51	134	24	51	270	141	228	270	270	133	348	270	488	211	209	0	211	256	275	326	282	256	256	130	127	130	285	357	273	219	236	285	185	250	99	175	159	185	197	519	197	317	419	326	319	320	317	238	321	210	238	210	187	241	210	217	402	217	203	
112	257	217	190	257	202	84	35	202	191	162	229	191	278	0	14	211	0	150	80	228	236	227	150	302	191	302	150	231	133	128	204	150	362	400	255	352	363	362	117	361	117	275	353	279	286	305	275	122	311	77	122	77	136	114	77	160	339	160	103	
61	283	328	232	283	351	201	183	351	43	132	94	43	327	150	136	256	150	0	114	81	94	95	0	282	304	282	37	101	39	37	80	37	333	339	240	325	366	333	61	264	61	128	203	131	142	164	128	29	172	75	29	75	276	37	75	52	189	52	249	
113	316	297	252	316	269	162	97	269	156	191	167	156	230	80	73	275	80	114	0	177	208	208	114	345	271	345	96	166	80	114	189	96	403	427	298	394	417	403	118	282	118	241	301	242	255	278	241	94	286	77	94	77	213	82	77	149	289	149	177	
140	346	407	303	346	430	282	259	430	56	194	35	56	353	228	215	326	228	81	177	0	73	97	81	327	384	327	81	47	98	115	102	81	371	359	291	364	416	371	138	209	138	82	125	79	98	125	82	109	134	156	109	156	357	115	156	109	113	109	329	
128	294	382	261	294	432	270	271	432	52	150	108	52	411	236	222	282	236	94	208	73	0	29	94	263	361	263	119	120	129	108	46	119	302	287	231	296	353	302	124	279	124	39	137	46	50	71	39	118	78	159	118	159	351	129	159	81	120	81	329	
115	265	359	235	265	417	252	262	417	59	124	131	59	421	227	213	256	227	95	208	97	29	0	95	234	339	234	127	143	134	100	24	127	275	263	202	268	325	275	110	305	110	62	164	70	67	79	62	114	85	151	114	151	334	126	151	67	146	67	315	
61	283	328	232	283	351	201	183	351	43	132	94	43	327	150	136	256	150	0	114	81	94	95	0	282	304	282	37	101	39	37	80	37	333	339	240	325	366	333	61	264	61	128	203	131	142	164	128	29	172	75	29	75	276	37	75	52	189	52	249	
239	90	261	134	90	400	253	328	400	275	156	358	275	573	302	296	130	302	282	345	327	263	234	282	0	257	0	318	369	312	252	225	318	60	121	47	50	91	60	235	535	235	286	385	295	281	270	286	275	269	268	275	268	314	284	268	231	368	231	324	
244	170	26	131	170	152	110	187	152	332	218	396	332	441	191	198	127	191	304	271	384	361	339	304	257	0	257	321	401	304	269	316	321	308	377	225	299	268	308	246	548	246	399	496	407	405	413	399	278	416	235	278	235	88	275	235	282	479	282	122	
239	90	261	134	90	400	253	328	400	275	156	358	275	573	302	296	130	302	282	345	327	263	234	282	0	257	0	318	369	312	252	225	318	60	121	47	50	91	60	235	535	235	286	385	295	281	270	286	275	269	268	275	268	314	284	268	231	368	231	324	
88	315	346	261	315	352	214	179	352	68	165	79	68	294	150	137	285	150	37	96	81	119	127	37	318	321	318	0	82	18	68	115	0	370	376	275	361	401	370	89	235	89	148	206	149	164	188	148	47	196	86	47	86	284	46	86	88	194	88	253	
162	381	426	333	381	431	295	258	431	94	228	12	94	315	231	218	357	231	101	166	47	120	143	101	369	401	369	82	0	99	138	145	82	415	406	331	408	457	415	162	167	162	128	143	123	144	171	128	124	179	167	124	167	365	126	167	143	136	143	333	
77	305	330	249	305	334	197	162	334	78	158	97	78	288	133	120	273	133	39	80	98	129	134	39	312	304	312	18	99	0	60	119	18	366	376	268	357	394	366	79	248	79	161	223	162	176	200	161	37	207	70	37	70	266	32	70	87	211	87	235	
25	248	292	196	248	325	168	163	325	66	98	131	66	339	128	114	219	128	37	114	115	108	100	37	252	269	252	68	138	60	0	78	68	306	319	208	297	334	306	24	300	24	147	232	152	158	177	147	24	183	51	24	51	247	34	51	35	217	35	223	
92	249	337	215	249	393	229	239	393	53	104	134	53	407	204	191	236	204	80	189	102	46	24	80	225	316	225	115	145	119	78	0	115	270	265	190	263	315	270	87	311	87	84	183	92	90	103	84	95	108	128	95	128	310	107	128	44	166	44	291	
88	315	346	261	315	352	214	179	352	68	165	79	68	294	150	137	285	150	37	96	81	119	127	37	318	321	318	0	82	18	68	115	0	370	376	275	361	401	370	89	235	89	148	206	149	164	188	148	47	196	86	47	86	284	46	86	88	194	88	253	
295	138	310	191	138	455	313	388	455	322	213	403	322	632	362	356	185	362	333	403	371	302	275	333	60	308	60	370	415	366	306	270	370	0	81	107	10	78	0	291	580	291	319	414	329	312	297	319	330	294	326	330	326	371	338	326	282	397	282	382	
314	210	382	252	210	518	364	430	518	318	239	394	318	657	400	391	250	400	339	427	359	287	263	339	121	377	121	376	406	376	319	265	376	81	0	157	87	158	81	310	565	310	295	378	304	284	264	295	343	258	350	343	350	431	353	350	289	363	289	437	
194	75	233	96	75	361	209	282	361	237	111	320	237	526	255	249	99	255	240	298	291	231	202	240	47	225	47	275	331	268	208	190	275	107	157	0	97	127	107	190	497	190	258	360	267	255	250	258	231	249	222	231	222	274	239	222	190	342	190	281	
286	129	301	181	129	445	303	378	445	314	203	396	314	622	352	346	175	352	325	394	364	296	268	325	50	299	50	361	408	357	297	263	361	10	87	97	0	76	10	282	573	282	314	410	324	307	293	314	321	290	317	321	317	361	329	317	273	393	273	372	
318	109	264	175	109	420	300	384	420	363	236	446	363	640	363	359	159	363	366	417	416	353	325	366	91	268	91	401	457	394	334	315	401	78	158	127	76	0	78	315	624	315	376	475	386	371	360	376	357	358	343	357	343	343	364	343	316	458	316	362	
295	138	310	191	138	455	313	388	455	322	213	403	322	632	362	356	185	362	333	403	371	302	275	333	60	308	60	370	415	366	306	270	370	0	81	107	10	78	0	291	580	291	319	414	329	312	297	319	330	294	326	330	326	371	338	326	282	397	282	382	
5	226	269	173	226	308	148	152	308	87	80	154	87	347	117	104	197	117	61	118	138	124	110	61	235	246	235	89	162	79	24	87	89	291	310	190	282	315	291	0	323	0	163	253	169	173	189	163	42	195	44	42	44	228	49	44	44	237	44	206	
322	546	574	495	546	545	438	378	545	261	394	178	261	305	361	351	519	361	264	282	209	279	305	264	535	548	535	235	167	248	300	311	235	580	565	497	573	624	580	323	0	323	272	219	263	285	309	272	282	316	317	282	317	495	280	317	309	227	309	459	
5	226	269	173	226	308	148	152	308	87	80	154	87	347	117	104	197	117	61	118	138	124	110	61	235	246	235	89	162	79	24	87	89	291	310	190	282	315	291	0	323	0	163	253	169	173	189	163	42	195	44	42	44	228	49	44	44	237	44	206	
167	325	420	296	325	471	309	309	471	86	186	116	86	434	275	261	317	275	128	241	82	39	62	128	286	399	286	148	128	161	147	84	148	319	295	258	314	376	319	163	272	163	0	103	10	16	43	0	154	52	198	154	198	390	165	198	120	85	120	368	
256	428	518	398	428	554	400	384	554	166	287	137	166	453	353	339	419	353	203	301	125	137	164	203	385	496	385	206	143	223	232	183	206	414	378	360	410	475	414	253	219	253	103	0	94	105	117	103	232	121	278	232	278	478	239	278	214	18	214	452	
173	334	428	305	334	476	316	313	476	89	194	111	89	432	279	265	326	279	131	242	79	46	70	131	295	407	295	149	123	162	152	92	149	329	304	267	324	386	329	169	263	169	10	94	0	22	48	10	158	57	202	158	202	396	168	202	127	76	127	374	
178	324	426	299	324	481	318	321	481	99	190	132	99	450	286	272	319	286	142	255	98	50	67	142	281	405	281	164	144	176	158	90	164	312	284	255	307	371	312	173	285	173	16	105	22	0	27	16	167	36	209	167	209	400	178	209	130	87	130	379	
194	320	432	301	320	496	331	340	496	122	195	159	122	477	305	291	320	305	164	278	125	71	79	164	270	413	270	188	171	200	177	103	188	297	264	250	293	360	297	189	309	189	43	117	48	27	0	43	188	9	228	188	228	413	199	228	146	100	146	394	
167	325	420	296	325	471	309	309	471	86	186	116	86	434	275	261	317	275	128	241	82	39	62	128	286	399	286	148	128	161	147	84	148	319	295	258	314	376	319	163	272	163	0	103	10	16	43	0	154	52	198	154	198	390	165	198	120	85	120	368	
41	268	302	214	268	323	173	155	323	69	121	119	69	317	122	108	238	122	29	94	109	118	114	29	275	278	275	47	124	37	24	95	47	330	343	231	321	357	330	42	282	42	154	232	158	167	188	154	0	195	47	0	47	248	12	47	56	217	56	221	
200	321	435	303	321	501	336	346	501	130	198	167	130	485	311	297	321	311	172	286	134	78	85	172	269	416	269	196	179	207	183	108	196	294	258	249	290	358	294	195	316	195	52	121	57	36	9	52	195	0	234	195	234	418	206	234	152	105	152	399	
39	246	260	186	246	276	128	112	276	114	114	163	114	307	77	63	210	77	75	77	156	159	151	75	268	235	268	86	167	70	51	128	86	326	350	222	317	343	326	44	317	44	198	278	202	209	228	198	47	234	0	47	0	201	41	0	84	264	84	174	
41	268	302	214	268	323	173	155	323	69	121	119	69	317	122	108	238	122	29	94	109	118	114	29	275	278	275	47	124	37	24	95	47	330	343	231	321	357	330	42	282	42	154	232	158	167	188	154	0	195	47	0	47	248	12	47	56	217	56	221	
39	246	260	186	246	276	128	112	276	114	114	163	114	307	77	63	210	77	75	77	156	159	151	75	268	235	268	86	167	70	51	128	86	326	350	222	317	343	326	44	317	44	198	278	202	209	228	198	47	234	0	47	0	201	41	0	84	264	84	174	
224	237	109	180	237	89	82	119	89	313	230	362	313	358	136	148	187	136	276	213	357	351	334	276	314	88	314	284	365	266	247	310	284	371	431	274	361	343	371	228	495	228	390	478	396	400	413	390	248	418	201	248	201	0	242	201	270	463	270	40	
46	273	300	217	273	315	169	146	315	79	128	122	79	305	114	100	241	114	37	82	115	129	126	37	284	275	284	46	126	32	34	107	46	338	353	239	329	364	338	49	280	49	165	239	168	178	199	165	12	206	41	12	41	242	0	41	67	225	67	214	
39	246	260	186	246	276	128	112	276	114	114	163	114	307	77	63	210	77	75	77	156	159	151	75	268	235	268	86	167	70	51	128	86	326	350	222	317	343	326	44	317	44	198	278	202	209	228	198	47	234	0	47	0	201	41	0	84	264	84	174	
49	238	305	194	238	351	189	195	351	53	86	133	53	372	160	147	217	160	52	149	109	81	67	52	231	282	231	88	143	87	35	44	88	282	289	190	273	316	282	44	309	44	120	214	127	130	146	120	56	152	84	56	84	270	67	84	0	197	0	249	
240	410	502	381	410	540	384	371	540	151	270	128	151	449	339	325	402	339	189	289	113	120	146	189	368	479	368	194	136	211	217	166	194	397	363	342	393	458	397	237	227	237	85	18	76	87	100	85	217	105	264	217	264	463	225	264	197	0	197	438	
49	238	305	194	238	351	189	195	351	53	86	133	53	372	160	147	217	160	52	149	109	81	67	52	231	282	231	88	143	87	35	44	88	282	289	190	273	316	282	44	309	44	120	214	127	130	146	120	56	152	84	56	84	270	67	84	0	197	0	249	
201	254	146	192	254	103	74	81	103	288	221	332	288	320	103	116	203	103	249	177	329	329	315	249	324	122	324	253	333	235	223	291	253	382	437	281	372	362	382	206	459	206	368	452	374	379	394	368	221	399	174	221	174	40	214	174	249	438	249	0	
TIME_WINDOW_SECTION
1	0	720
2	249	266
3	408	609
4	0	720
5	175	230
6	320	429
7	0	720
8	181	232
9	451	599
10	0	720
11	0	720
12	52	170
13	379	411
14	0	720
15	169	188
16	365	392
17	465	551
18	580	597
19	0	720
20	405	443
21	0	720
22	98	101
23	200	268
24	328	387
25	465	523
26	0	720
27	91	135
28	292	295
29	392	491
30	567	588
31	0	720
32	350	355
33	0	720
34	234	271
35	365	409
36	431	482
37	509	535
38	0	720
39	267	287
40	521	536
41	0	720
42	210	212
43	454	568
44	0	720
45	392	497
46	0	720
47	137	195
48	241	487
49	0	720
50	231	234
51	512	513
52	0	720
53	0	720
54	94	112
55	226	232
56	323	346
57	514	566
58	0	720
59	0	720
60	0	720
CLUSTER_SECTION
1	1	
2	2	
3	5	
4	8	
5	14	
6	12	
7	15	
8	20	
9	22	
10	27	
11	32	
12	34	
13	39	
14	42	
15	45	
16	47	
17	50	
18	68	
19	54	
20	75	
21	76	
DEMAND_SECTION
1	0
2	60
3	62
4	74
5	36
6	55
7	45
8	30
9	32
10	63
11	55
12	18
13	46
14	45
15	44
16	82
17	43
18	58
19	43
20	43
21	61
DEPOT_SECTION
1
EOF