NAME:	instance_1-triangle
TYPE:	VRPRDL
DIMENSION:	46
CAPACITY:	750
TIME_HORIZON:	720
NUM_CUSTOMERS:	16
NODE_COORD_SECTION
1	0.0	0.0
2	-116.63481825	81.7666408531
3	-82.8993372691	42.3893789357
4	-143.080531394	21.5932501398
5	-110.573181557	-5.96036964092
6	-121.476772654	16.3014450924
7	84.1481279355	-84.9789864338
8	57.487890345	-79.3368474932
9	62.7731115086	-137.409064968
10	57.8357042854	-124.844888621
11	73.3929477013	-126.640909883
12	51.9505932718	18.466733714
13	36.1656505656	18.6060801893
14	41.755072989	13.8358884033
15	51.9549306204	34.2114316909
16	77.4981066236	110.01880797
17	-11.7900370008	63.0569155587
18	77.6697863925	110.175622249
19	-19.25562726	-131.91654639
20	30.3197770188	-177.082149697
21	4.88527086859	-84.3351034694
22	-116.351904494	92.2313840209
23	-2.75367970818	66.3171708687
24	-81.8154165172	29.8956512287
25	-35.9345546849	47.9935077235
26	9.45614382656	8.39579974859
27	-75.6804131429	21.0608154034
28	-8.76216311322	-27.772170834
29	-52.6494064861	63.0193585611
30	-28.8025941218	43.77865596
31	-28.7739819526	0.57316447013
32	-17.1639048467	-21.8789703464
33	-88.8432706674	11.233647926
34	-103.384843654	19.7992439039
35	-111.882667987	23.6943563759
36	-39.4933615625	-10.3696735936
37	-99.1275792664	-39.0379855793
38	-93.0033058152	-54.7767279955
39	-159.469377284	-24.134406641
40	-106.805261493	-60.276733154
41	-100.562522174	-60.6343777893
42	-7.669648741	-7.31658840629
43	1.81059032813	-9.04895239279
44	-65.3287134487	10.8757896857
45	-60.368312656	24.3013687217
46	-67.3239516564	9.2164448532
EDGE_WEIGHT_SECTION
0	142	93	144	111	122	120	98	151	138	146	55	41	44	62	135	64	135	133	179	84	148	66	87	60	13	79	29	82	52	29	28	90	105	114	41	107	108	161	123	117	11	9	66	65	68	
142	0	52	66	88	66	261	237	283	270	281	180	165	172	175	196	107	196	235	297	205	10	115	62	87	146	73	153	67	95	120	143	76	63	58	120	122	138	114	142	143	141	149	87	80	87	
93	52	0	64	56	46	210	186	231	218	230	137	121	128	135	174	74	174	186	247	154	60	84	13	47	98	23	102	37	54	68	92	32	30	34	68	83	98	101	105	105	90	99	36	29	37	
144	66	64	0	43	22	251	225	260	249	262	195	179	185	195	237	138	237	197	264	182	76	147	62	110	153	67	143	99	116	116	133	55	40	31	108	75	91	49	90	93	138	148	78	83	77	
111	88	56	43	0	25	210	183	218	206	220	164	149	154	167	221	120	221	156	222	140	98	130	46	92	121	44	104	90	96	82	95	28	27	30	71	35	52	52	54	56	103	112	48	59	46	
122	66	46	22	25	0	229	203	240	228	242	173	158	163	174	220	119	220	180	246	162	76	129	42	91	131	46	121	83	96	94	111	33	18	12	86	60	77	55	78	80	116	126	56	61	55	
120	261	210	251	210	229	0	27	57	48	43	108	114	108	123	195	176	195	114	107	79	267	174	202	179	120	192	109	201	171	142	119	198	215	224	144	189	179	251	192	186	120	112	177	181	178	
98	237	186	225	183	203	27	0	58	46	50	98	100	94	114	190	158	190	93	101	53	244	158	177	158	100	167	84	180	150	118	94	172	189	198	119	162	152	224	165	159	97	90	152	157	153	
151	283	231	260	218	240	57	58	0	13	15	156	158	152	172	248	213	248	82	51	79	291	214	221	210	155	210	131	231	203	165	140	212	229	238	163	189	176	249	186	180	148	142	196	203	196	
138	270	218	249	206	228	48	46	13	0	16	143	145	140	159	236	200	236	77	59	67	278	201	208	197	142	197	118	218	190	152	127	200	217	226	150	179	166	239	177	171	135	129	183	190	183	
146	281	230	262	220	242	43	50	15	16	0	147	150	144	162	237	208	237	93	66	81	289	207	220	206	149	210	129	227	198	163	138	213	230	239	162	193	181	254	192	186	144	138	195	201	196	
55	180	137	195	164	173	108	98	156	143	147	0	16	11	16	95	78	95	166	197	113	184	73	134	93	44	128	76	114	85	83	80	141	155	164	96	161	162	216	177	172	65	57	118	112	120	
41	165	121	179	149	158	114	100	158	145	150	16	0	7	22	100	65	100	160	196	108	169	62	119	78	29	112	65	99	70	67	67	125	140	148	81	147	149	200	163	158	51	44	102	97	104	
44	172	128	185	154	163	108	94	152	140	144	11	7	0	23	103	72	103	158	191	105	176	69	125	85	33	118	65	106	77	72	69	131	145	154	85	150	151	205	166	161	54	46	107	103	109	
62	175	135	195	167	174	123	114	172	159	162	16	22	23	0	80	70	80	181	212	128	178	63	134	89	50	128	87	108	81	87	89	143	156	164	102	168	170	219	185	179	73	66	120	113	122	
135	196	174	237	221	220	195	190	248	236	237	95	100	103	80	0	101	0	260	291	207	195	91	178	129	122	177	162	138	125	153	162	193	202	208	168	231	237	272	251	247	145	141	174	162	176	
64	107	74	138	120	119	176	158	213	200	208	78	65	72	70	101	0	101	195	243	148	109	10	77	28	59	76	90	41	26	65	85	92	101	108	78	134	143	171	156	152	70	73	75	62	77	
135	196	174	237	221	220	195	190	248	236	237	95	100	103	80	0	101	0	260	291	207	195	91	178	129	122	177	162	138	125	153	162	193	202	208	168	231	237	272	251	247	145	141	174	162	176	
133	235	186	197	156	180	114	93	82	77	93	166	160	158	181	260	195	260	0	67	53	244	199	173	181	143	163	105	198	176	133	110	159	173	181	123	122	107	177	113	108	125	125	150	162	149	
179	297	247	264	222	246	107	101	51	59	66	197	196	191	212	291	243	291	67	0	96	306	245	235	234	187	224	154	254	228	187	162	223	238	246	181	189	174	244	180	175	174	170	211	221	210	
84	205	154	182	140	162	79	53	79	67	81	113	108	105	128	207	148	207	53	96	0	214	150	143	138	93	132	58	158	132	91	66	134	150	159	86	113	102	175	114	108	78	75	118	126	118	
148	10	60	76	98	76	267	244	291	278	289	184	169	176	178	195	109	195	244	306	214	0	117	71	92	151	82	161	70	100	127	151	86	73	68	128	132	148	124	152	153	147	156	96	88	96	
66	115	84	147	130	129	174	158	214	201	207	73	62	69	63	91	10	91	199	245	150	117	0	87	38	59	86	94	50	34	71	89	102	111	117	85	143	151	181	164	160	74	75	83	71	86	
87	62	13	62	46	42	202	177	221	208	220	134	119	125	134	178	77	178	173	235	143	71	87	0	49	94	11	93	44	55	61	83	20	24	31	58	71	85	95	94	92	83	92	25	22	25	
60	87	47	110	92	91	179	158	210	197	206	93	78	85	89	129	28	129	181	234	138	92	38	49	0	60	48	80	22	8	48	72	64	73	80	58	107	118	143	129	126	62	68	47	34	50	
13	146	98	153	121	131	120	100	155	142	149	44	29	33	50	122	59	122	143	187	93	151	59	94	60	0	86	40	82	52	39	40	98	113	122	52	118	120	172	135	130	23	19	75	72	77	
79	73	23	67	44	46	192	167	210	197	210	128	112	118	128	177	76	177	163	224	132	82	86	11	48	86	0	83	48	52	51	73	16	28	36	48	65	78	95	87	85	74	83	15	16	14	
29	153	102	143	104	121	109	84	131	118	129	76	65	65	87	162	90	162	105	154	58	161	94	93	80	40	83	0	101	74	35	10	89	106	115	35	91	88	151	103	98	20	22	68	73	69	
82	67	37	99	90	83	201	180	231	218	227	114	99	106	108	138	41	138	198	254	158	70	50	44	22	82	48	101	0	30	67	92	63	67	71	75	112	124	138	135	133	83	90	53	39	56	
52	95	54	116	96	96	171	150	203	190	198	85	70	77	81	125	26	125	176	228	132	100	34	55	8	52	52	74	30	0	43	67	68	78	85	55	109	118	147	130	127	55	61	49	37	52	
29	120	68	116	82	94	142	118	165	152	163	83	67	72	87	153	65	153	133	187	91	127	71	61	48	39	51	35	67	43	0	25	61	77	86	15	81	85	133	99	94	23	32	38	40	40	
28	143	92	133	95	111	119	94	140	127	138	80	67	69	89	162	85	162	110	162	66	151	89	83	72	40	73	10	92	67	25	0	79	96	105	25	84	83	142	98	92	17	23	58	63	59	
90	76	32	55	28	33	198	172	212	200	213	141	125	131	143	193	92	193	159	223	134	86	102	20	64	98	16	89	63	68	61	79	0	17	26	54	51	66	79	74	73	83	93	24	31	22	
105	63	30	40	27	18	215	189	229	217	230	155	140	145	156	202	101	202	173	238	150	73	111	24	73	113	28	106	67	78	77	96	17	0	9	71	59	75	71	80	80	99	109	39	43	38	
114	58	34	31	30	12	224	198	238	226	239	164	148	154	164	208	108	208	181	246	159	68	117	31	80	122	36	115	71	85	86	105	26	9	0	80	64	81	67	84	85	108	118	48	52	47	
41	120	68	108	71	86	144	119	163	150	162	96	81	85	102	168	78	168	123	181	86	128	85	58	58	52	48	35	75	55	15	25	54	71	80	0	66	70	121	84	79	32	41	33	40	34	
107	122	83	75	35	60	189	162	189	179	193	161	147	150	168	231	134	231	122	189	113	132	143	71	107	118	65	91	112	109	81	84	51	59	64	66	0	17	62	23	22	97	105	60	74	58	
108	138	98	91	52	77	179	152	176	166	181	162	149	151	170	237	143	237	107	174	102	148	151	85	118	120	78	88	124	118	85	83	66	75	81	70	17	0	73	15	10	98	105	71	85	69	
161	114	101	49	52	55	251	224	249	239	254	216	200	205	219	272	171	272	177	244	175	124	181	95	143	172	95	151	138	147	133	142	79	71	67	121	62	73	0	64	69	153	162	100	110	98	
123	142	105	90	54	78	192	165	186	177	192	177	163	166	185	251	156	251	113	180	114	152	164	94	129	135	87	103	135	130	99	98	74	80	84	84	23	15	64	0	6	112	120	82	96	80	
117	143	105	93	56	80	186	159	180	171	186	172	158	161	179	247	152	247	108	175	108	153	160	92	126	130	85	98	133	127	94	92	73	80	85	79	22	10	69	6	0	107	115	80	94	77	
11	141	90	138	103	116	120	97	148	135	144	65	51	54	73	145	70	145	125	174	78	147	74	83	62	23	74	20	83	55	23	17	83	99	108	32	97	98	153	112	107	0	10	60	61	62	
9	149	99	148	112	126	112	90	142	129	138	57	44	46	66	141	73	141	125	170	75	156	75	92	68	19	83	22	90	61	32	23	93	109	118	41	105	105	162	120	115	10	0	70	71	72	
66	87	36	78	48	56	177	152	196	183	195	118	102	107	120	174	75	174	150	211	118	96	83	25	47	75	15	68	53	49	38	58	24	39	48	33	60	71	100	82	80	60	70	0	14	3	
65	80	29	83	59	61	181	157	203	190	201	112	97	103	113	162	62	162	162	221	126	88	71	22	34	72	16	73	39	37	40	63	31	43	52	40	74	85	110	96	94	61	71	14	0	17	
68	87	37	77	46	55	178	153	196	183	196	120	104	109	122	176	77	176	149	210	118	96	86	25	50	77	14	69	56	52	40	59	22	38	47	34	58	69	98	80	77	62	72	3	17	0	
EDGE_TRAVEL_TIME_SECTION
0	245	285	186	289	221	245	293	239	196	302	275	293	88	110	81	88	124	269	269	128	269	169	267	359	169	297	120	133	174	120	58	25	157	58	164	56	105	58	56	179	82	210	229	82	235	
245	0	131	93	44	50	0	483	458	406	480	456	483	327	347	315	327	349	440	440	238	440	323	360	492	323	152	182	257	84	182	242	262	92	242	166	222	193	188	222	66	172	37	24	172	159	
285	131	0	104	131	176	131	564	522	474	566	541	564	344	360	330	344	350	392	392	213	392	411	470	595	411	21	175	230	125	175	307	292	146	307	133	287	191	239	287	152	240	127	117	240	287	
186	93	104	0	127	111	93	460	420	372	463	437	460	256	274	243	256	270	348	348	148	348	308	371	494	308	120	95	167	25	95	204	197	45	204	73	184	108	137	184	63	137	61	69	137	209	
289	44	131	127	0	85	44	525	502	449	520	497	525	369	389	358	369	391	475	475	275	475	364	394	527	364	151	221	294	124	221	286	306	134	286	199	266	233	232	266	110	216	79	63	216	185	
221	50	176	111	85	0	50	440	420	367	435	412	440	307	329	298	307	335	442	442	241	442	279	311	443	279	196	184	259	92	184	208	242	88	208	180	190	191	164	190	55	142	53	59	142	111	
245	0	131	93	44	50	0	483	458	406	480	456	483	327	347	315	327	349	440	440	238	440	323	360	492	323	152	182	257	84	182	242	262	92	242	166	222	193	188	222	66	172	37	24	172	159	
293	483	564	460	525	440	483	0	86	100	30	31	0	288	293	300	288	324	473	473	416	473	161	186	133	161	579	412	415	441	412	257	299	420	257	455	277	397	326	277	426	324	459	477	324	372	
239	458	522	420	502	420	458	86	0	55	113	96	86	215	217	228	215	247	390	390	353	390	159	227	213	159	535	358	349	404	358	218	239	384	218	403	239	343	283	239	396	289	430	448	289	373	
196	406	474	372	449	367	406	100	55	0	117	91	100	189	196	200	189	227	381	381	317	381	106	186	203	106	488	316	315	354	316	168	200	333	168	360	188	301	235	188	344	238	378	396	238	318	
302	480	566	463	520	435	480	30	113	117	0	27	30	305	313	317	305	344	496	496	427	496	157	164	103	157	582	420	428	442	420	262	310	421	262	463	281	406	331	281	425	326	457	475	326	361	
275	456	541	437	497	412	456	31	96	91	27	0	31	279	287	290	279	318	471	471	401	471	133	155	118	133	557	393	401	417	393	235	284	396	235	436	255	379	304	255	400	301	433	451	301	342	
293	483	564	460	525	440	483	0	86	100	30	31	0	288	293	300	288	324	473	473	416	473	161	186	133	161	579	412	415	441	412	257	299	420	257	455	277	397	326	277	426	324	459	477	324	372	
88	327	344	256	369	307	327	288	215	189	305	279	288	0	22	15	0	46	205	205	145	205	210	316	383	210	353	170	138	249	170	131	66	235	131	213	138	153	144	138	261	170	290	308	170	321	
110	347	360	274	389	329	347	293	217	196	313	287	293	22	0	32	22	31	190	190	156	190	226	333	393	226	367	185	145	269	185	153	87	255	153	227	160	169	165	160	282	192	310	328	192	343	
81	315	330	243	358	298	315	300	228	200	317	290	300	15	32	0	15	44	201	201	131	201	215	321	392	215	339	156	123	237	156	129	57	224	129	199	134	139	135	134	250	162	279	296	162	316	
88	327	344	256	369	307	327	288	215	189	305	279	288	0	22	15	0	46	205	205	145	205	210	316	383	210	353	170	138	249	170	131	66	235	131	213	138	153	144	138	261	170	290	308	170	321	
124	349	350	270	391	335	349	324	247	227	344	318	324	46	31	44	46	0	160	160	140	160	255	361	424	255	356	178	127	268	178	173	99	257	173	217	178	163	175	178	285	203	312	328	203	359	
269	440	392	348	475	442	440	473	390	381	496	471	473	205	190	201	205	160	0	0	202	0	415	521	582	415	389	259	183	357	259	325	245	354	325	277	325	251	305	325	387	336	404	416	336	493	
269	440	392	348	475	442	440	473	390	381	496	471	473	205	190	201	205	160	0	0	202	0	415	521	582	415	389	259	183	357	259	325	245	354	325	277	325	251	305	325	387	336	404	416	336	493	
128	238	213	148	275	241	238	416	353	317	427	401	416	145	156	131	145	140	202	202	0	202	297	390	487	297	217	57	19	155	57	182	117	153	182	82	170	51	130	170	186	157	203	215	157	304	
269	440	392	348	475	442	440	473	390	381	496	471	473	205	190	201	205	160	0	0	202	0	415	521	582	415	389	259	183	357	259	325	245	354	325	277	325	251	305	325	387	336	404	416	336	493	
169	323	411	308	364	279	323	161	159	106	157	133	161	210	226	215	210	255	415	415	297	415	0	107	192	0	428	277	302	287	277	116	186	265	116	316	132	265	183	132	268	173	300	318	173	216	
267	360	470	371	394	311	360	186	227	186	164	155	186	316	333	321	316	361	521	521	390	521	107	0	134	107	489	361	398	347	361	209	286	326	209	395	220	352	266	220	318	246	347	362	246	216	
359	492	595	494	527	443	492	133	213	203	103	118	133	383	393	392	383	424	582	582	487	582	192	134	0	192	613	469	491	471	469	308	373	449	308	508	324	457	374	324	446	361	476	492	361	350	
169	323	411	308	364	279	323	161	159	106	157	133	161	210	226	215	210	255	415	415	297	415	0	107	192	0	428	277	302	287	277	116	186	265	116	316	132	265	183	132	268	173	300	318	173	216	
297	152	21	120	151	196	152	579	535	488	582	557	579	353	367	339	353	356	389	389	217	389	428	489	613	428	0	184	233	143	184	322	302	164	322	140	302	200	254	302	171	256	147	137	256	307	
120	182	175	95	221	184	182	412	358	316	420	393	412	170	185	156	170	178	259	259	57	259	277	361	469	277	184	0	76	99	0	161	120	96	161	45	145	17	96	145	129	117	146	159	117	253	
133	257	230	167	294	259	257	415	349	315	428	401	415	138	145	123	138	127	183	183	19	183	302	398	491	302	233	76	0	174	76	189	118	172	189	100	179	69	141	179	204	170	222	234	170	321	
174	84	125	25	124	92	84	441	404	354	442	417	441	249	269	237	249	268	357	357	155	357	287	347	471	287	143	99	174	0	99	186	187	22	186	88	166	110	121	166	40	117	48	61	117	185	
120	182	175	95	221	184	182	412	358	316	420	393	412	170	185	156	170	178	259	259	57	259	277	361	469	277	184	0	76	99	0	161	120	96	161	45	145	17	96	145	129	117	146	159	117	253	
58	242	307	204	286	208	242	257	218	168	262	235	257	131	153	129	131	173	325	325	182	325	116	209	308	116	322	161	189	186	161	0	81	166	0	202	21	149	69	21	178	71	212	230	71	195	
25	262	292	197	306	242	262	299	239	200	310	284	299	66	87	57	66	99	245	245	117	245	186	286	373	186	302	120	118	187	120	81	0	172	81	165	81	104	78	81	197	105	227	245	105	260	
157	92	146	45	134	88	92	420	384	333	421	396	420	235	255	224	235	257	354	354	153	354	265	326	449	265	164	96	172	22	96	166	172	0	166	96	145	104	102	145	33	96	55	73	96	171	
58	242	307	204	286	208	242	257	218	168	262	235	257	131	153	129	131	173	325	325	182	325	116	209	308	116	322	161	189	186	161	0	81	166	0	202	21	149	69	21	178	71	212	230	71	195	
164	166	133	73	199	180	166	455	403	360	463	436	455	213	227	199	213	217	277	277	82	277	316	395	508	316	140	45	100	88	45	202	165	96	202	0	184	61	134	184	126	149	133	142	149	265	
56	222	287	184	266	190	222	277	239	188	281	255	277	138	160	134	138	178	325	325	170	325	132	220	324	132	302	145	179	166	145	21	81	145	21	184	0	133	51	0	158	50	191	210	50	184	
105	193	191	108	233	191	193	397	343	301	406	379	397	153	169	139	153	163	251	251	51	251	265	352	457	265	200	17	69	110	17	149	104	104	149	61	133	0	86	133	137	110	157	171	110	253	
58	188	239	137	232	164	188	326	283	235	331	304	326	144	165	135	144	175	305	305	130	305	183	266	374	183	254	96	141	121	96	69	78	102	69	134	51	86	0	51	122	31	154	173	31	189	
56	222	287	184	266	190	222	277	239	188	281	255	277	138	160	134	138	178	325	325	170	325	132	220	324	132	302	145	179	166	145	21	81	145	21	184	0	133	51	0	158	50	191	210	50	184	
179	66	152	63	110	55	66	426	396	344	425	400	426	261	282	250	261	285	387	387	186	387	268	318	446	268	171	129	204	40	129	178	197	33	178	126	158	137	122	158	0	108	34	52	108	146	
82	172	240	137	216	142	172	324	289	238	326	301	324	170	192	162	170	203	336	336	157	336	173	246	361	173	256	117	170	117	117	71	105	96	71	149	50	110	31	50	108	0	141	160	0	158	
210	37	127	61	79	53	37	459	430	378	457	433	459	290	310	279	290	312	404	404	203	404	300	347	476	300	147	146	222	48	146	212	227	55	212	133	191	157	154	191	34	141	0	19	141	161	
229	24	117	69	63	59	24	477	448	396	475	451	477	308	328	296	308	328	416	416	215	416	318	362	492	318	137	159	234	61	159	230	245	73	230	142	210	171	173	210	52	160	19	0	160	170	
82	172	240	137	216	142	172	324	289	238	326	301	324	170	192	162	170	203	336	336	157	336	173	246	361	173	256	117	170	117	117	71	105	96	71	149	50	110	31	50	108	0	141	160	0	158	
235	159	287	209	185	111	159	372	373	318	361	342	372	321	343	316	321	359	493	493	304	493	216	216	350	216	307	253	321	185	253	195	260	171	195	265	184	253	189	184	146	158	161	170	158	0	
TIME_WINDOW_SECTION
1	0	720
2	132	245
3	349	356
4	483	514
5	599	632
6	0	720
7	95	97
8	152	161
9	278	316
10	343	436
11	0	720
12	288	464
13	496	533
14	0	720
15	0	720
16	81	175
17	377	443
18	0	720
19	190	303
20	437	437
21	0	720
22	0	720
23	146	194
24	368	377
25	0	720
26	94	157
27	329	408
28	0	720
29	0	720
30	148	160
31	246	435
32	0	720
33	0	720
34	286	304
35	323	393
36	0	720
37	82	148
38	182	278
39	424	427
40	555	665
41	0	720
42	133	203
43	222	259
44	399	420
45	449	523
46	0	720
CLUSTER_SECTION
1	1	
2	2	
3	7	
4	12	
5	18	
6	16	
7	19	
8	27	
9	23	
10	26	
11	36	
12	30	
13	41	
14	34	
15	37	
16	42	
DEMAND_SECTION
1	0
2	69
3	18
4	38
5	37
6	71
7	63
8	30
9	50
10	48
11	48
12	19
13	41
14	75
15	11
16	62
DEPOT_SECTION
1
EOF