NAME:	instance_24-triangle
TYPE:	VRPRDL
DIMENSION:	187
CAPACITY:	750
TIME_HORIZON:	720
NUM_CUSTOMERS:	61
NODE_COORD_SECTION
1	0.0	0.0
2	32.4035914281	-86.4899016141
3	25.271636549	-122.837744124
4	3.06837894635	-88.3110662221
5	75.4721700612	-88.139397569
6	-118.277953147	-77.0705639401
7	-7.79512657453	73.2325938568
8	-80.758537395	-1.55695601911
9	13.9004277475	8.0799079993
10	-51.2308110517	12.3594447888
11	-117.781546068	-50.3312929219
12	-43.4856605441	-16.8515247629
13	-55.77474397	-71.0709024618
14	-85.6594842211	-57.1796219217
15	148.893384733	-34.2585125593
16	57.9533429509	-55.7822923209
17	75.361187812	-54.5197626156
18	90.7080782616	44.2089745377
19	137.929388746	33.6524235456
20	135.122503657	64.8394693477
21	79.0802880601	22.3636106887
22	135.386834959	45.4117482594
23	-70.6340165166	-13.7234936928
24	-74.5667143516	-101.293424565
25	-39.9625952267	-25.0469155867
26	-18.2707266122	28.9932536574
27	67.8785244622	43.8786464678
28	90.3369577283	-9.56607225867
29	-123.704330686	65.4244433474
30	-153.679236134	81.6390218399
31	-125.398500266	92.9925043101
32	-123.398023314	65.4100895732
33	-21.2624445727	-27.3964814904
34	4.51456626041	-25.4882935997
35	28.4754972667	-42.7295518218
36	32.0869342008	-38.3975370413
37	20.3175539242	-16.9230403641
38	120.71056247	43.0340101711
39	65.1121039918	1.16406543977
40	110.68660097	94.4558564676
41	-93.9996387085	-24.4924456074
42	89.7495684288	-69.6152492788
43	36.3368094182	-15.7893790388
44	17.9098295694	-53.9337913638
45	32.2162951841	64.3018087528
46	92.1386512758	28.5845600461
47	63.4968666747	69.8122967792
48	52.9285686811	33.0548015076
49	75.712785868	33.573203856
50	-138.230270054	25.170918071
51	-99.9007863712	-56.5580847471
52	-55.3087741195	44.1569455756
53	-18.3718581633	79.5309405146
54	-47.6360870232	2.36950132621
55	-92.7132829525	71.6725288442
56	-101.210870659	-136.603929984
57	-88.2659381332	-91.8883485775
58	-82.1080094505	-110.383883944
59	-127.716740994	-55.7018353182
60	39.369533656	43.5359681209
61	38.483677774	-47.4861463224
62	-41.8061007878	17.9135660019
63	14.4353276748	20.3365942251
64	-25.2523359938	-53.6865127452
65	-31.0586598759	-119.951967571
66	-38.2754885353	-146.577712489
67	-39.0877077012	-148.045154851
68	57.9181247571	-78.4968516825
69	-57.929707337	-83.7856787616
70	43.6555562796	-42.9254130992
71	33.1082012389	-18.0375970958
72	18.8696014609	-3.80613311156
73	-24.745764325	2.23566527315
74	-3.07181930174	-9.21119282689
75	2.17795499329	-4.66634671562
76	-34.5786431659	-172.148179095
77	-62.1132845071	-142.977231817
78	2.79755186422	-77.9739318141
79	13.7771912065	-136.883078805
80	-67.5383773833	39.4503935921
81	-99.5905880118	-34.4690680517
82	-66.2528544038	-58.3569964415
83	-0.346489759238	-43.3300990889
84	8.69687849773	-75.3155576293
85	18.7324964174	8.97565518981
86	-7.53523381801	-22.2426756384
87	-0.902051120105	-17.2024944116
88	21.723962908	163.102048804
89	-112.826442662	-92.7319808429
90	-43.419664071	-133.687736716
91	-52.2061068468	-141.222362484
92	7.02041137155	-54.569100445
93	32.5013630118	1.70450172784
94	64.1963997192	-51.7808671039
95	29.517395114	-8.53221989776
96	77.3460748445	-92.7535759574
97	38.5922694268	-24.422748563
98	40.737756239	-29.3455812431
99	42.0637076444	-25.1165653411
100	8.31377989711	-68.5534091962
101	15.6240907639	-18.877366425
102	15.8603851795	-21.5860128884
103	16.1377735291	-21.3536029617
104	-78.3761991317	-5.39134150031
105	-77.3330686658	-5.43567777017
106	-97.6901016294	-63.8397527776
107	-38.030292916	-27.0174790872
108	-62.2697290613	-37.3829884989
109	-31.4315649713	-53.8422818834
110	-10.7268759649	-9.22417386292
111	-14.5584467212	-24.7697318121
112	-23.2569310077	-22.6211410285
113	12.5888021291	-43.27120572
114	24.3800889468	-113.276429629
115	13.6622129757	-43.2793234997
116	-61.1980607101	-110.499646345
117	29.2233779471	-132.77489029
118	69.7863804498	-16.6367122734
119	18.6157552433	7.06517539052
120	21.3821436159	48.4629641098
121	0.441412818786	131.353034404
122	17.2232350234	153.481525734
123	-75.8291967081	-71.822923234
124	5.66254937975	18.2172150303
125	-68.644146094	-37.8923476938
126	-72.7119766022	-39.910874148
127	-32.4381216975	-9.96983564951
128	-99.2388332856	-80.2629845613
129	-65.8312408927	-30.2881098624
130	-8.25829965541	-7.90546922666
131	-64.7019365679	50.2652647475
132	-5.22440260677	-13.6220267033
133	38.050803003	83.2484076972
134	4.40586903753	46.7344300358
135	-5.00184091414	42.6333959747
136	-22.9453481537	123.486580385
137	-33.3869082479	1.82805608206
138	-2.59655254069	-59.5740734917
139	36.6824506752	11.3886025263
140	23.0479658402	7.72545180353
141	10.3806691514	7.32956641605
142	-3.13105152994	11.1941657026
143	10.2142122243	7.00797874225
144	-37.6136276138	-79.7596403146
145	-1.59911408867	-37.343434382
146	-11.5384282619	-81.240553309
147	11.6791010419	-11.6570720304
148	-3.85948888817	-31.8663101543
149	-43.880342124	-63.9668179284
150	-31.4847020856	18.1258616975
151	-30.3132722301	51.8826864572
152	0.232741403163	-2.97851620947
153	-85.7977662709	17.2280660257
154	-121.597764195	71.8362961271
155	-72.7604707171	14.1416448676
156	-73.8382480329	82.5852406037
157	11.638527822	116.27119815
158	-53.8601796661	101.800328216
159	-88.6825456882	129.752754304
160	140.654527446	8.82902095657
161	155.423753305	20.0801110758
162	127.221636379	17.324386711
163	-110.355575804	-22.0351260923
164	-61.2454308421	27.397050907
165	-139.53151838	15.1577673762
166	-73.6719662467	33.6024267111
167	-25.154503598	-162.579232921
168	-10.3700762722	-124.192534741
169	8.17297993589	-144.992584127
170	-46.5850077476	13.0072873145
171	-23.9898351866	88.3471279394
172	-27.4602692217	-9.74227721023
173	-79.0762963932	38.0493262153
174	-19.6442373498	-27.8575054876
175	-59.9868719348	48.2453676472
176	-40.5961482645	34.6730230016
177	-56.0505420081	25.4094065841
178	-102.956575351	-31.7833370798
179	-108.274934296	-41.4069426343
180	-149.548755985	-50.2493658467
181	-151.449025403	-51.1053845026
182	-93.2250204787	-39.8774339069
183	50.8919333992	-11.6413489319
184	56.6312937793	-15.4739816
185	41.6901708169	-15.2717183727
186	51.4838604679	-16.47523263
187	56.623323619	-12.2621172327
EDGE_WEIGHT_SECTION
0	92	125	88	116	140	74	80	16	53	128	47	90	102	153	80	93	100	142	149	82	142	72	125	47	34	80	91	139	173	156	139	34	26	51	50	26	128	65	145	97	113	40	56	72	96	94	62	82	140	114	71	82	47	117	169	127	137	139	58	61	45	25	59	124	151	153	97	101	61	38	19	25	10	5	175	155	78	138	78	105	88	43	76	21	23	17	165	145	140	150	55	33	82	31	121	46	50	49	69	25	27	27	79	78	116	46	72	62	14	29	32	45	116	45	126	136	72	20	53	131	154	104	19	78	83	34	127	72	11	82	15	92	47	43	126	33	59	38	24	12	12	12	88	37	82	17	32	77	36	60	3	87	141	74	111	117	115	157	141	156	128	113	67	140	80	164	124	145	48	92	29	87	34	77	53	61	108	116	157	159	101	52	59	44	54	58	
92	0	37	29	43	150	164	141	96	129	154	103	89	122	128	40	54	143	160	183	118	167	126	108	95	126	135	96	217	251	238	217	80	67	44	48	71	157	94	197	140	60	71	36	150	129	158	120	128	204	135	157	173	119	201	143	120	117	163	130	39	128	108	66	72	93	94	27	90	45	68	84	106	85	87	108	110	31	54	160	142	103	54	26	96	76	77	249	145	89	101	41	88	47	78	45	62	57	61	30	70	67	67	137	136	132	92	106	72	88	77	84	48	28	47	97	46	79	95	135	220	240	109	108	112	115	100	131	113	88	167	82	169	136	134	216	110	44	98	95	96	104	96	70	60	44	78	66	80	122	152	89	157	220	146	199	204	207	247	144	163	141	156	147	199	160	95	57	63	127	183	97	166	78	163	141	142	146	148	185	187	134	77	75	71	73	78	
125	37	0	41	61	151	198	161	131	155	160	126	96	129	152	75	85	179	193	217	155	201	145	102	118	157	172	131	239	271	263	239	106	100	80	85	106	191	130	233	154	84	108	69	187	165	195	157	164	220	142	185	207	145	227	127	118	108	167	167	76	155	143	86	56	68	69	55	92	82	105	119	134	117	120	77	90	50	18	187	152	112	83	50	131	105	109	285	141	70	80	71	125	81	114	60	99	94	98	57	104	101	101	156	156	136	115	122	89	118	106	111	81	10	80	87	11	115	130	171	254	276	113	142	127	128	127	132	130	119	195	113	206	170	168	250	137	69	135	131	130	137	130	76	89	56	112	95	91	151	182	122	178	243	168	227	239	237	276	175	193	173	168	173	214	185	64	36	28	154	216	125	191	105	190	170	169	156	156	189	191	144	114	112	108	110	115	
88	29	41	0	72	121	161	120	97	114	126	85	61	94	156	64	80	159	182	202	134	188	105	79	77	119	146	118	199	231	222	199	66	63	52	58	73	176	109	212	116	89	79	37	154	147	169	131	142	181	107	145	169	104	186	115	91	88	135	136	54	115	109	45	47	71	73	56	61	61	76	85	95	79	83	92	85	10	50	146	116	75	45	14	98	67	71	251	116	65	77	34	94	71	84	74	73	70	74	20	70	68	68	116	115	104	74	83	49	80	66	71	46	33	46	68	52	98	96	137	219	241	81	106	88	90	86	102	90	81	154	75	174	134	130	213	97	29	105	97	95	99	95	42	51	16	77	57	53	112	144	85	138	203	127	187	204	198	236	168	187	163	131	132	176	144	79	38	57	113	178	84	150	65	150	130	128	120	120	157	159	108	90	90	82	87	93	
116	43	61	72	0	193	180	178	113	161	197	138	132	164	91	37	34	133	137	164	111	146	164	151	131	150	132	80	251	284	270	251	114	95	65	66	90	139	90	186	180	23	82	67	158	118	158	123	122	241	178	185	191	152	231	183	163	159	205	136	55	158	123	106	111	128	129	20	133	55	81	101	135	111	111	138	148	73	79	191	182	145	88	68	112	106	104	257	188	127	138	76	99	38	91	5	73	68	71	70	92	89	89	174	173	174	129	146	112	117	110	118	77	57	76	138	64	72	110	147	232	248	152	126	152	155	133	174	153	116	196	110	175	151	152	232	141	83	107	108	115	127	115	113	92	87	100	97	122	150	175	113	192	253	180	226	214	229	272	117	134	117	196	179	238	192	125	93	88	158	201	129	199	112	191	169	174	186	190	228	229	175	80	75	80	76	78	
140	150	151	121	193	0	186	84	156	112	27	96	63	38	270	178	195	240	279	289	220	280	79	50	93	146	220	219	143	163	170	143	109	133	151	155	151	266	199	285	58	208	166	138	206	234	233	202	222	104	28	136	186	106	151	62	33	49	23	197	159	122	164	96	97	106	106	176	60	165	162	155	122	133	140	127	87	121	144	127	47	55	123	127	161	123	131	277	17	94	92	127	169	184	163	195	165	166	168	127	146	145	145	82	83	24	94	68	90	126	116	109	135	147	136	66	157	197	160	187	239	267	43	155	63	59	109	19	70	129	138	129	224	174	165	222	116	117	178	164	152	144	152	81	123	106	145	123	76	129	156	139	100	149	102	166	233	190	209	272	290	263	56	119	95	119	126	117	143	115	190	112	122	110	138	136	120	48	37	41	42	45	181	185	171	180	186	
74	164	198	161	180	186	0	104	69	75	165	97	151	151	190	144	152	103	151	143	101	146	107	187	103	45	81	128	116	146	119	116	101	99	121	118	94	132	102	120	130	172	99	129	41	109	71	73	92	139	159	56	12	81	85	230	183	198	176	56	129	65	57	128	194	221	223	164	164	126	99	82	73	82	79	246	222	151	211	69	141	144	116	149	69	95	90	95	196	209	218	128	82	144	89	185	107	112	110	142	94	97	97	106	105	164	104	123	129	83	98	97	118	189	118	191	209	119	71	38	59	84	160	57	126	130	86	178	118	81	61	87	47	29	31	52	76	132	76	72	68	62	68	155	110	154	87	105	141	60	31	77	96	114	88	67	47	54	98	161	172	146	140	70	144	77	236	197	218	72	22	85	79	102	58	51	68	142	152	188	190	142	103	109	101	108	107	
80	141	161	120	178	84	104	0	95	33	61	40	74	56	231	148	163	177	221	225	161	221	16	99	47	70	155	171	79	111	104	79	65	88	116	118	102	206	145	214	26	183	118	112	131	175	161	138	160	63	58	52	102	33	74	136	91	109	72	128	127	44	98	76	128	151	152	158	85	130	115	99	56	78	83	176	142	113	165	43	37	59	91	116	100	76	81	193	96	137	142	102	113	152	110	182	121	124	124	111	98	98	98	5	5	64	50	40	72	70	70	61	101	153	102	111	171	151	99	114	155	183	70	89	38	39	49	80	32	73	54	76	146	98	88	138	47	97	117	103	91	78	91	89	86	105	93	82	72	53	73	81	19	84	18	84	149	107	132	221	236	208	36	35	61	36	170	141	168	37	106	54	40	66	54	54	37	38	48	84	86	40	132	138	123	133	137	
16	96	131	97	113	156	69	95	0	65	144	63	105	118	141	77	87	85	127	134	67	127	87	140	63	38	64	78	149	183	163	149	50	35	53	50	26	112	52	130	113	108	33	62	59	81	79	46	67	152	130	78	78	62	124	184	143	152	155	44	61	56	12	73	135	163	164	97	116	59	32	13	39	24	17	186	169	87	145	87	121	104	53	83	5	37	29	155	161	153	163	63	20	77	23	118	40	45	43	77	27	30	30	93	92	132	62	88	77	30	43	48	51	122	51	140	142	61	5	41	124	145	120	13	94	99	50	143	88	27	89	29	79	40	39	121	48	69	23	9	4	17	4	102	48	92	20	44	92	46	62	18	99	150	86	115	108	116	159	127	142	114	128	77	153	91	174	134	153	60	88	45	98	49	84	61	72	123	132	173	175	117	42	49	36	45	47	
53	129	155	114	161	112	75	33	65	0	91	30	84	78	205	128	142	145	190	193	131	189	33	116	39	37	123	143	90	124	110	90	50	67	97	97	77	175	117	181	56	162	92	95	98	144	128	106	129	88	84	32	75	11	72	157	110	126	102	96	107	11	66	71	134	159	161	141	96	109	89	72	28	52	56	185	155	105	163	32	67	72	75	106	70	56	58	167	122	146	154	88	84	131	83	165	96	100	100	100	73	75	75	32	32	89	42	51	69	46	52	45	84	146	85	123	166	124	70	81	130	157	88	57	53	57	29	104	45	47	40	53	114	65	55	115	21	87	88	74	62	48	62	93	70	102	67	64	77	21	45	54	35	92	22	74	121	89	123	192	206	178	68	18	88	31	177	142	168	5	81	32	38	51	37	25	14	68	78	116	118	67	105	111	97	106	110	
128	154	160	126	197	27	165	61	144	91	0	81	65	33	267	175	192	228	269	277	209	269	60	67	82	127	208	210	116	137	143	116	99	124	146	150	141	255	189	270	35	208	157	135	189	223	217	190	210	78	19	113	163	88	124	88	51	70	11	183	156	102	150	92	111	125	125	178	68	161	153	144	107	122	128	147	108	124	157	103	24	52	118	129	148	113	121	254	43	112	112	124	159	181	153	199	158	160	161	127	136	136	136	60	60	24	83	57	86	115	106	98	131	155	132	83	168	189	148	171	216	244	47	141	51	46	94	35	56	117	114	118	205	156	146	198	99	115	166	152	140	130	140	85	117	110	135	115	75	110	134	127	75	122	79	140	210	165	182	263	281	253	29	96	69	95	145	130	157	95	167	99	96	100	114	114	97	24	13	32	34	27	172	176	162	171	177	
47	103	126	85	138	96	97	40	63	30	81	0	56	58	192	108	123	147	188	196	128	188	27	90	9	52	127	133	115	148	137	115	25	48	76	78	64	174	110	190	51	143	80	72	111	142	138	109	129	103	69	62	100	20	101	133	87	101	92	102	87	35	69	41	104	130	131	118	68	90	76	63	27	41	47	155	127	77	133	61	59	47	51	78	67	36	43	191	102	117	125	63	78	112	73	142	82	84	85	73	59	59	59	37	36	72	12	28	39	34	30	21	61	118	62	95	137	112	67	92	155	181	64	60	33	37	13	84	26	36	70	38	129	80	71	142	21	59	85	71	59	49	59	63	46	72	55	42	47	37	70	46	54	118	43	104	144	119	153	185	201	173	67	48	101	59	147	112	138	30	107	18	65	26	67	52	44	61	69	111	113	55	94	99	85	94	100	
90	89	96	61	132	63	151	74	105	84	65	56	0	33	207	115	132	186	220	233	163	223	59	36	49	106	168	158	152	181	178	152	56	76	89	94	93	209	140	234	60	145	107	75	161	177	184	150	168	126	46	115	155	74	147	79	39	47	74	148	97	90	115	35	55	78	79	114	13	103	103	100	79	81	88	103	72	59	96	111	57	16	62	65	109	69	77	246	61	64	70	65	114	121	105	134	105	105	108	64	88	87	87	69	69	43	47	34	30	76	62	58	74	90	75	40	105	137	108	142	210	235	20	108	36	35	65	44	42	79	122	76	180	132	124	197	76	54	123	111	102	97	102	20	64	45	90	65	14	92	126	88	93	157	87	155	198	172	203	212	230	203	73	99	120	106	96	70	98	85	163	67	111	56	119	107	96	61	60	96	98	49	122	125	112	120	127	
102	122	129	94	164	38	151	56	118	78	33	58	33	0	235	143	160	202	241	251	182	242	46	45	56	109	182	182	128	155	155	128	71	96	115	119	113	228	161	247	34	175	129	103	169	196	196	164	184	98	14	106	152	70	129	81	35	53	42	160	124	87	127	60	83	101	102	145	38	130	125	117	85	95	102	126	89	91	127	98	27	19	86	96	123	85	93	245	45	87	90	92	131	149	125	167	128	129	131	94	108	108	108	52	52	14	56	31	54	89	78	71	99	123	100	59	138	160	122	150	207	234	18	118	26	22	71	27	33	91	109	91	187	137	128	191	79	83	140	126	114	107	114	53	86	78	107	86	42	92	122	101	74	134	72	140	198	162	187	235	253	225	43	88	90	91	121	100	128	80	158	75	95	72	108	102	88	31	28	64	66	19	144	148	134	143	149	
153	128	152	156	91	270	190	231	141	205	267	192	207	235	0	93	76	98	69	100	90	81	219	233	188	179	113	64	290	323	302	290	170	144	121	117	130	82	91	134	242	69	114	132	153	85	135	117	100	292	249	219	202	200	264	270	243	243	277	134	111	197	145	175	199	218	219	101	212	106	117	134	177	154	150	229	237	152	169	228	248	216	150	146	137	156	150	235	267	216	228	143	122	86	122	92	111	108	107	144	134	133	133	228	227	248	186	211	181	162	163	172	137	147	136	223	155	81	137	152	222	229	227	153	217	222	182	251	214	159	229	155	162	166	172	233	186	153	121	133	145	158	145	191	151	167	139	153	195	187	199	152	239	290	226	252	204	244	288	44	55	56	258	218	292	232	216	183	179	201	212	178	239	168	224	202	213	251	257	299	301	242	101	94	109	99	95	
80	40	75	64	37	178	144	148	77	128	175	108	115	143	93	0	17	105	120	143	81	127	135	140	102	114	100	56	218	252	235	218	84	61	32	31	54	117	57	159	155	35	45	40	123	91	125	88	91	211	157	150	155	120	196	178	150	150	185	101	21	124	87	83	110	132	134	23	119	19	45	65	101	77	75	148	148	59	92	157	159	124	60	53	75	73	70	222	174	128	139	51	63	7	55	42	37	32	35	51	56	54	54	145	144	156	100	122	89	83	79	87	47	67	46	131	82	41	74	110	195	213	135	90	128	132	101	159	126	82	161	76	140	115	116	196	108	61	70	72	79	91	79	98	62	74	64	66	102	116	139	78	161	220	148	191	178	193	236	105	123	101	171	145	209	159	135	97	102	125	165	97	166	82	156	133	140	163	167	207	209	152	45	40	44	40	43	
93	54	85	80	34	195	152	163	87	142	192	123	132	160	76	17	0	100	108	133	77	117	150	157	118	125	99	47	232	266	248	232	99	75	48	45	67	108	56	153	171	21	55	57	126	85	125	90	88	226	174	163	163	134	209	195	167	167	202	104	37	138	96	100	125	146	147	30	136	33	55	75	115	91	89	161	163	76	103	171	175	141	76	70	85	87	84	224	191	143	154	68	71	11	65	38	48	43	44	68	70	68	68	160	159	173	116	138	106	97	94	103	63	78	62	148	91	38	84	116	200	215	152	100	144	148	115	176	142	96	174	90	142	124	126	203	122	78	76	81	89	102	89	115	78	91	77	82	119	129	149	91	175	234	162	202	182	202	246	91	109	89	187	159	224	173	148	110	113	139	173	111	180	98	169	146	154	179	184	224	226	169	49	43	52	45	46	
100	143	179	159	133	240	103	177	85	145	228	147	186	202	98	105	100	0	48	49	25	45	171	219	147	110	23	54	215	247	222	215	132	111	107	101	93	30	50	54	196	114	81	122	62	16	37	39	18	229	214	145	115	144	185	263	224	231	239	51	105	135	80	151	204	230	232	127	195	99	85	86	122	108	101	249	241	150	197	158	205	187	126	145	80	118	110	137	244	222	233	129	72	100	81	138	86	89	85	139	98	99	99	176	175	216	146	172	156	114	125	132	117	171	117	217	187	64	81	69	125	132	202	89	178	183	134	226	172	111	155	112	66	86	95	139	131	139	63	77	88	99	88	178	123	161	96	121	172	125	121	102	179	214	166	169	107	156	199	61	69	45	211	153	232	164	237	196	206	141	123	129	169	131	150	131	148	207	216	257	259	201	69	69	77	72	66	
142	160	193	182	137	279	151	221	127	190	269	188	220	241	69	120	108	48	0	31	60	12	213	251	187	156	71	64	263	295	270	263	170	146	133	128	128	20	80	67	238	114	113	148	110	46	83	85	62	276	254	193	163	188	233	293	258	262	280	99	128	180	124	185	228	252	254	138	228	121	117	125	165	147	141	268	267	175	211	205	246	224	158	169	122	156	148	174	280	246	258	158	110	113	116	140	115	116	112	165	133	134	134	219	218	255	186	212	190	155	163	171	147	186	146	245	199	85	122	117	169	170	238	133	218	223	175	263	213	152	203	151	112	134	143	184	174	168	104	118	130	143	130	208	156	188	134	156	206	170	169	142	224	262	211	217	151	204	246	25	22	20	254	199	278	211	255	217	221	185	171	171	217	169	198	178	194	249	257	298	300	242	98	95	108	100	93	
149	183	217	202	164	289	143	225	134	193	277	196	233	251	100	143	133	49	31	0	70	19	219	266	196	157	70	87	259	289	262	259	180	158	151	146	140	26	95	38	245	142	127	166	103	56	72	88	67	276	263	192	154	193	228	310	271	278	288	98	148	183	128	198	248	273	275	163	242	141	131	135	171	157	150	291	285	194	235	204	254	235	173	189	129	166	158	150	292	266	278	175	120	136	128	168	131	133	129	183	145	146	146	224	223	265	195	221	203	163	173	181	163	209	162	263	224	104	130	115	150	148	250	137	227	232	183	274	221	160	200	161	99	132	142	169	179	185	112	126	137	148	137	225	170	206	145	168	219	173	166	151	226	257	213	210	134	193	233	56	49	48	260	200	279	211	278	238	245	189	161	178	216	179	196	178	195	256	265	306	308	250	114	112	123	117	110	
82	118	155	134	111	220	101	161	67	131	209	128	163	182	90	81	77	25	60	70	0	60	153	196	128	98	24	34	207	240	216	207	111	88	82	76	70	46	25	79	179	93	57	97	63	14	50	28	12	217	195	136	113	128	178	240	201	208	220	45	80	121	65	128	179	205	207	103	172	74	61	66	105	88	82	224	216	125	172	147	187	166	103	120	62	97	89	152	222	197	209	105	51	76	58	115	62	64	60	114	75	76	76	159	158	196	127	153	133	95	104	112	93	146	93	193	163	40	62	63	134	145	180	74	159	164	116	205	154	92	146	92	73	78	86	144	114	115	44	58	70	83	70	155	100	137	76	98	149	111	113	83	165	206	152	164	115	155	199	63	76	48	194	140	219	153	212	171	181	126	122	111	159	110	141	120	135	189	197	239	241	183	44	44	53	47	41	
142	167	201	188	146	280	146	221	127	189	269	188	223	242	81	127	117	45	12	19	60	0	213	256	188	154	68	71	260	291	265	260	171	148	139	133	130	15	83	55	239	124	116	154	105	46	76	83	61	274	255	190	157	188	230	298	261	267	280	96	134	179	124	188	234	259	261	146	232	127	120	126	165	148	142	275	272	181	219	203	247	226	162	175	122	157	149	164	282	252	264	163	111	120	118	150	119	121	117	170	135	136	136	219	218	256	187	213	193	155	164	172	151	193	150	251	207	90	122	114	160	160	240	133	219	224	176	265	214	152	200	152	104	131	140	177	174	173	104	118	130	143	130	213	160	194	136	158	209	169	166	143	223	258	210	213	143	197	239	37	32	29	254	197	276	209	262	224	229	185	165	171	214	170	195	176	192	249	257	299	301	243	102	100	112	104	98	
72	126	145	105	164	79	107	16	87	33	60	27	59	46	219	135	150	171	213	219	153	213	0	87	33	67	149	160	95	126	119	95	51	75	103	105	91	199	136	211	26	170	107	97	129	167	158	132	153	78	52	60	107	28	88	127	80	97	71	124	114	43	91	60	113	137	138	144	71	117	103	89	49	67	73	162	129	97	149	53	36	45	76	100	92	63	70	199	90	123	129	88	104	139	100	168	109	111	112	96	86	86	86	11	11	57	35	25	56	60	57	48	88	138	89	97	155	139	91	111	161	189	58	82	24	26	38	72	17	62	64	65	145	96	86	145	40	82	109	95	83	72	83	74	73	90	82	69	57	50	77	71	34	99	28	96	154	117	144	211	227	199	41	42	75	47	155	126	153	36	112	43	52	53	63	57	42	37	47	87	89	35	121	126	112	121	127	
125	108	102	79	151	50	187	99	140	116	67	90	36	45	233	140	157	219	251	266	196	256	87	0	84	142	203	188	173	199	200	173	91	109	118	124	126	242	173	269	79	167	140	104	197	210	219	185	201	141	51	147	189	107	173	44	17	12	70	183	125	124	150	68	47	58	59	134	24	132	136	135	115	116	123	81	44	81	95	140	71	44	94	87	144	103	111	281	39	45	46	94	148	147	138	152	137	136	139	89	122	120	120	95	95	44	83	65	64	112	97	94	105	100	106	16	108	167	142	178	244	271	29	144	64	61	101	32	72	114	151	111	216	168	160	231	111	83	158	146	137	133	137	43	97	66	124	99	48	127	159	123	118	179	115	183	234	204	230	241	260	234	87	129	133	134	79	68	93	118	196	103	138	91	150	140	128	75	68	91	92	64	154	156	145	152	158	
47	95	118	77	131	93	103	47	63	39	82	9	49	56	188	102	118	147	187	196	128	188	33	84	0	58	127	129	123	156	146	123	19	44	71	73	60	174	108	192	54	137	76	65	115	142	140	109	129	110	67	70	107	28	110	127	82	95	93	105	81	43	71	32	95	122	123	111	61	85	72	63	31	40	47	147	120	68	124	70	60	42	44	70	68	32	40	198	99	109	117	55	77	107	71	135	78	80	81	65	55	55	55	43	42	69	3	25	30	33	25	17	55	109	56	88	128	108	67	96	162	187	59	63	31	36	17	81	26	36	79	37	133	84	76	150	28	51	85	71	59	52	59	55	40	63	53	37	39	44	78	46	62	127	51	112	150	128	161	182	200	172	70	56	107	68	138	103	129	39	115	20	74	21	76	60	53	63	70	112	114	55	91	95	81	90	96	
34	126	157	119	150	146	45	70	38	37	127	52	106	109	179	114	125	110	156	157	98	154	67	142	58	0	87	115	111	145	125	111	56	59	85	84	60	140	88	144	93	146	71	90	62	110	91	71	94	120	118	40	51	40	86	185	139	153	138	59	95	26	34	83	149	176	178	131	119	95	70	50	28	41	39	201	177	109	168	50	103	99	74	107	42	52	49	140	154	164	173	87	57	115	61	154	78	83	81	101	58	61	61	69	68	122	59	80	84	39	54	52	78	148	79	146	168	99	43	44	104	129	116	26	84	88	41	136	76	38	51	44	78	29	19	95	31	90	58	46	36	23	36	110	68	110	50	62	96	17	26	37	69	112	56	77	92	81	123	160	174	146	105	43	122	56	191	153	176	33	60	40	61	57	46	23	38	104	114	153	155	102	80	87	74	83	85	
80	135	172	146	132	220	81	155	64	123	208	127	168	182	113	100	99	23	71	70	24	68	149	203	127	87	0	58	192	225	199	192	113	94	95	89	77	53	43	66	175	116	67	109	41	29	26	18	13	207	194	123	93	123	163	247	206	215	219	29	96	113	58	135	191	217	219	123	179	90	71	68	101	88	81	238	227	137	189	135	184	168	110	132	60	100	92	128	225	209	220	116	55	96	65	137	74	78	74	126	82	83	83	154	153	196	126	152	139	94	107	112	103	163	103	201	180	61	61	47	110	121	183	67	158	163	114	207	152	91	133	92	49	64	73	121	109	125	45	57	68	78	68	162	107	148	79	104	155	103	99	82	156	192	143	147	91	135	178	81	91	65	190	130	209	142	225	184	198	119	102	109	147	112	128	109	125	186	195	236	238	181	58	60	65	63	57	
91	96	131	118	80	219	128	171	78	143	210	133	158	182	64	56	47	54	64	87	34	71	160	188	129	115	58	0	226	259	238	226	111	86	70	65	70	61	27	106	183	60	54	85	94	38	84	57	46	230	195	155	140	138	200	229	196	199	221	74	64	134	81	123	164	188	190	76	165	57	57	72	116	93	88	204	203	111	148	164	189	164	96	105	73	97	91	186	219	182	194	95	59	50	61	84	54	53	51	101	75	74	74	168	167	195	128	153	129	101	104	113	84	123	83	182	137	22	73	90	167	179	177	89	159	164	122	202	155	98	165	95	107	103	108	175	124	105	57	69	81	95	81	145	96	124	78	96	144	124	135	90	177	226	164	188	148	182	226	54	72	46	199	155	231	169	191	153	158	138	150	117	175	110	160	138	150	192	199	241	243	184	39	34	49	39	34	
139	217	239	199	251	143	116	79	149	90	116	115	152	128	290	218	232	215	263	259	207	260	95	173	123	111	192	226	0	34	28	0	138	157	186	187	165	245	199	235	95	252	179	185	156	218	187	179	202	43	124	71	106	99	31	202	161	180	121	164	197	94	145	154	207	228	230	231	163	199	177	158	117	141	143	253	217	191	244	62	103	136	164	193	153	145	148	175	158	215	218	177	168	221	170	255	184	189	188	188	162	164	164	84	84	131	126	119	150	135	141	133	174	232	175	186	250	209	153	146	140	166	145	137	117	117	118	147	111	136	61	142	162	129	121	116	110	174	169	157	146	132	146	168	159	184	155	154	151	103	94	141	61	7	72	52	144	78	73	270	282	255	88	73	53	59	248	220	247	93	102	122	52	139	66	88	78	99	107	119	120	110	190	197	183	193	196	
173	251	271	231	284	163	146	111	183	124	137	148	181	155	323	252	266	247	295	289	240	291	126	199	156	145	225	259	34	0	30	34	171	191	220	221	199	277	232	265	122	286	213	218	187	251	217	212	234	59	148	105	135	132	62	224	185	204	140	197	231	128	178	186	236	256	257	265	191	233	211	192	151	175	177	280	242	223	275	96	128	165	197	226	187	179	182	193	179	242	245	210	202	255	204	289	218	223	222	221	196	198	198	115	116	156	159	150	182	169	175	167	208	264	208	213	281	243	187	178	162	185	172	171	147	146	152	171	142	170	94	176	192	162	154	137	144	207	202	191	180	166	180	199	193	216	189	188	182	137	127	175	94	34	105	80	169	102	81	303	315	288	112	107	68	93	276	251	278	127	130	156	86	173	99	122	112	124	131	132	133	136	224	231	217	227	230	
156	238	263	222	270	170	119	104	163	110	143	137	178	155	302	235	248	222	270	262	216	265	119	200	146	125	199	238	28	30	0	28	159	175	205	205	182	251	211	236	121	269	194	205	160	226	190	188	209	69	151	85	108	119	39	230	188	207	149	172	215	112	158	178	232	255	256	250	189	216	193	173	135	159	160	280	244	213	268	79	130	162	185	215	167	164	166	163	186	241	245	198	182	238	185	274	201	206	204	209	180	182	182	109	109	158	148	144	174	153	162	154	193	254	194	213	273	224	168	153	132	155	172	151	142	143	139	174	136	154	74	160	164	138	131	107	129	196	181	171	160	147	160	193	179	208	172	174	176	120	104	158	85	21	95	53	139	72	52	278	290	263	116	92	79	79	274	245	272	112	102	142	72	160	79	103	97	126	135	145	146	136	205	212	199	207	210	
139	217	239	199	251	143	116	79	149	90	116	115	152	128	290	218	232	215	263	259	207	260	95	173	123	111	192	226	0	34	28	0	138	157	186	187	165	245	199	235	95	252	179	185	156	218	187	179	202	43	124	71	106	99	31	202	161	180	121	164	197	94	145	154	207	228	230	231	163	199	177	158	117	141	143	253	217	191	244	62	103	136	164	193	153	145	148	175	158	215	218	177	168	221	170	255	184	189	188	188	162	164	164	84	84	131	126	119	150	135	141	133	174	232	175	186	250	209	153	146	140	166	145	137	117	117	118	147	111	136	61	142	162	129	121	116	110	174	169	157	146	132	146	168	159	184	155	154	151	103	94	141	61	7	72	52	144	78	73	270	282	255	88	73	53	59	248	220	247	93	102	122	52	139	66	88	78	99	107	119	120	110	190	197	183	193	196	
34	80	106	66	114	109	101	65	50	50	99	25	56	71	170	84	99	132	170	180	111	171	51	91	19	56	113	111	138	171	159	138	0	26	52	54	42	157	90	179	73	119	58	47	106	125	128	95	114	128	84	79	107	40	122	135	93	103	110	92	63	49	59	27	93	120	122	94	67	66	54	46	30	26	33	145	122	56	115	81	79	55	26	56	54	14	22	195	112	109	118	39	60	88	54	118	60	62	63	51	37	37	37	61	60	85	17	42	28	21	7	5	37	97	38	92	117	90	53	87	160	185	70	53	48	53	21	94	45	23	89	21	125	78	72	151	31	37	69	56	46	43	46	55	22	55	36	18	43	47	80	33	78	141	66	121	147	133	170	164	182	154	89	68	126	80	135	97	121	48	116	19	87	2	84	65	63	82	88	130	132	73	73	77	63	72	78	
26	67	100	63	95	133	99	88	35	67	124	48	76	96	144	61	75	111	146	158	88	148	75	109	44	59	94	86	157	191	175	157	26	0	30	30	18	134	66	160	98	95	33	31	94	102	112	76	93	151	109	91	107	59	137	153	114	121	135	77	40	63	47	41	100	128	129	75	85	42	29	26	40	18	21	151	135	53	112	97	104	78	18	50	37	12	10	189	135	118	129	29	39	64	30	99	34	36	38	43	13	12	12	85	84	109	42	68	46	22	19	28	20	90	20	107	110	65	35	76	157	179	93	44	74	78	40	117	70	21	102	15	114	72	68	151	47	34	49	38	33	37	33	69	13	57	16	11	62	56	85	23	100	159	87	132	142	140	180	139	157	130	114	84	149	98	139	99	119	64	117	36	105	24	97	74	79	107	114	156	158	99	48	52	38	47	53	
51	44	80	52	65	151	121	116	53	97	146	76	89	115	121	32	48	107	133	151	82	139	103	118	71	85	95	70	186	220	205	186	52	30	0	6	27	126	57	160	124	67	28	15	107	95	118	80	90	179	129	120	131	88	166	160	126	129	157	87	11	93	65	55	97	123	125	46	95	15	25	40	70	46	46	144	134	43	95	126	128	96	29	38	53	41	39	206	150	115	127	25	45	37	34	70	21	18	22	32	27	25	25	113	112	128	68	91	61	52	47	55	16	71	15	112	90	49	51	91	176	196	108	65	97	101	69	133	95	51	131	45	126	93	92	173	76	35	55	51	53	62	53	75	31	55	35	34	75	85	111	49	129	188	116	162	160	166	208	123	142	116	140	114	177	127	131	90	104	93	141	65	134	50	126	104	109	132	137	178	180	122	38	39	30	35	41	
50	48	85	58	66	155	118	118	50	97	150	78	94	119	117	31	45	101	128	146	76	133	105	124	73	84	89	65	187	221	205	187	54	30	6	0	24	120	51	154	127	65	23	21	102	90	112	74	84	181	133	120	128	89	166	166	132	135	161	82	11	93	61	59	103	129	131	48	101	12	20	37	70	46	45	149	140	49	100	126	131	100	33	44	49	42	39	201	155	121	133	30	40	34	30	71	15	13	17	38	26	23	23	115	114	132	71	94	65	52	49	58	20	75	19	118	94	44	47	88	173	192	113	62	100	105	70	138	98	51	131	45	121	89	89	170	77	41	50	47	50	61	50	81	34	61	34	37	80	85	109	47	130	189	117	160	156	164	206	118	136	110	143	114	179	128	137	96	109	94	138	66	135	53	126	103	109	135	140	182	184	125	33	34	25	29	36	
26	71	106	73	90	151	94	102	26	77	141	64	93	113	130	54	67	93	128	140	70	130	91	126	60	60	77	70	165	199	182	165	42	18	27	24	0	116	48	143	114	87	16	37	82	84	97	59	75	164	126	97	104	71	143	170	131	138	152	63	35	71	38	58	114	142	143	72	102	35	13	13	49	25	22	164	150	63	120	104	120	96	33	59	26	28	21	180	152	132	143	40	22	56	12	95	20	24	23	53	5	6	6	99	98	127	59	84	63	32	35	44	27	96	27	124	116	49	24	65	149	170	110	38	90	95	53	135	86	30	108	26	102	66	65	146	57	48	33	25	26	37	26	85	30	71	10	28	79	62	85	24	111	167	98	137	133	140	182	123	140	112	130	93	163	106	152	111	129	73	114	48	113	41	103	79	87	123	130	172	174	115	31	36	21	31	36	
128	157	191	176	139	266	132	206	112	175	255	174	209	228	82	117	108	30	20	26	46	15	199	242	174	140	53	61	245	277	251	245	157	134	126	120	116	0	70	52	225	117	103	141	91	32	63	69	46	259	241	175	144	173	215	285	247	254	266	81	122	164	109	174	222	247	249	137	218	115	107	112	151	134	128	265	260	169	209	188	233	212	149	163	108	143	135	156	268	240	252	150	97	110	104	143	106	108	104	158	121	122	122	205	204	242	173	199	179	141	150	158	138	183	137	238	198	78	108	99	149	151	226	118	205	210	162	251	200	138	185	138	92	116	125	165	160	160	90	104	116	128	116	200	146	181	122	144	195	154	151	129	208	244	195	199	131	184	227	40	42	27	240	183	262	194	252	212	219	170	152	157	199	156	180	161	178	235	243	285	287	229	89	87	98	91	85	
65	94	130	109	90	199	102	145	52	117	189	110	140	161	91	57	56	50	80	95	25	83	136	173	108	88	43	27	199	232	211	199	90	66	57	51	48	70	0	104	161	75	33	72	71	39	69	34	34	204	174	128	114	112	173	216	178	185	200	50	55	108	54	105	154	180	182	80	149	49	37	47	90	69	63	199	191	100	147	138	168	144	79	95	47	76	69	168	200	172	184	80	33	53	37	94	37	39	35	89	53	54	54	144	143	175	107	132	111	77	83	92	69	121	68	168	139	18	47	64	145	159	158	62	138	143	98	183	134	74	138	72	86	76	81	151	98	91	30	43	55	69	55	131	77	112	55	76	126	98	108	65	151	199	138	161	127	156	200	76	92	64	177	129	205	143	187	146	157	112	124	93	149	89	133	111	124	171	178	220	222	163	19	19	29	22	16	
145	197	233	212	186	285	120	214	130	181	270	190	234	247	134	159	153	54	67	38	79	55	211	269	192	144	66	106	235	265	236	235	179	160	160	154	143	52	104	0	237	165	133	175	84	68	53	84	70	258	258	173	130	183	204	313	272	281	281	88	159	170	121	201	256	283	285	180	245	153	137	134	164	154	147	303	293	203	251	186	247	233	176	198	126	166	158	112	290	274	285	181	121	153	131	190	139	142	138	192	148	149	149	213	212	261	191	217	205	159	173	177	169	225	168	267	241	118	127	100	116	111	249	130	222	227	177	272	216	156	181	158	73	116	126	136	171	191	111	123	133	141	133	228	173	213	145	170	221	161	147	147	210	233	200	185	101	165	202	91	87	79	249	184	262	194	291	250	260	177	135	173	198	178	177	162	180	248	257	297	299	244	122	123	130	126	120	
97	140	154	116	180	58	130	26	113	56	35	51	60	34	242	155	171	196	238	245	179	239	26	79	54	93	175	183	95	122	121	95	73	98	124	127	114	225	161	237	0	189	130	116	154	193	184	157	179	67	33	78	128	54	96	111	67	86	46	150	134	67	117	74	114	134	135	160	69	139	126	114	74	92	98	159	123	111	156	69	11	44	96	114	118	86	93	219	71	120	124	105	129	160	124	184	132	134	135	111	109	109	109	25	25	39	56	34	69	85	79	71	108	148	109	92	164	162	117	137	181	209	51	108	29	26	63	55	29	87	80	89	170	121	111	164	66	97	135	121	109	97	109	79	93	100	106	90	64	76	99	96	43	100	44	109	175	133	154	236	252	224	17	61	60	62	154	130	158	60	132	68	64	74	80	79	62	12	22	61	63	15	145	149	135	144	150	
113	60	84	89	23	208	172	183	108	162	208	143	145	175	69	35	21	114	114	142	93	124	170	167	137	146	116	60	252	286	269	252	119	95	67	65	87	117	75	165	189	0	76	74	146	98	142	109	104	246	189	184	184	154	230	202	179	177	217	124	56	158	117	116	131	149	151	33	148	53	76	96	135	111	109	161	169	87	101	191	192	156	94	81	106	107	104	242	203	148	159	84	91	31	86	26	68	63	65	81	90	88	88	180	179	187	135	155	122	117	114	122	82	79	81	156	87	57	105	136	220	234	165	121	161	165	135	189	160	116	195	110	161	144	147	223	142	93	96	102	110	123	110	127	97	102	97	101	133	149	170	111	195	254	182	223	202	223	267	94	111	95	205	179	244	193	148	114	111	159	194	131	200	117	190	166	174	196	200	239	241	185	70	63	73	65	66	
40	71	108	79	82	166	99	118	33	92	157	80	107	129	114	45	55	81	113	127	57	116	107	140	76	71	67	54	179	213	194	179	58	33	28	23	16	103	33	133	130	76	0	42	80	71	90	52	63	179	142	109	110	86	155	183	145	152	168	59	32	85	42	72	124	150	152	66	116	28	4	21	64	40	36	171	160	70	123	118	136	111	46	65	30	44	37	179	167	142	153	49	18	46	10	87	9	14	11	59	21	21	21	115	114	142	75	100	78	48	51	60	36	98	36	136	117	33	29	66	151	170	125	46	106	111	69	150	102	45	120	42	99	70	71	151	72	58	27	27	35	48	35	98	44	81	25	43	93	76	95	38	126	181	113	148	134	148	192	107	124	97	146	107	178	120	158	117	132	87	120	64	127	57	115	92	101	139	146	188	190	131	15	20	5	15	20	
56	36	69	37	67	138	129	112	62	95	135	72	75	103	132	40	57	122	148	166	97	154	97	104	65	90	109	85	185	218	205	185	47	31	15	21	37	141	72	175	116	74	42	0	119	110	132	94	105	175	117	122	138	86	167	145	112	115	145	100	22	93	74	43	82	108	110	47	81	28	39	50	71	49	51	129	119	28	83	126	119	84	21	23	62	41	41	216	136	100	112	11	58	46	47	71	36	33	37	17	35	32	32	108	107	116	62	82	49	53	44	52	12	60	11	97	80	64	61	102	185	207	95	73	88	92	67	119	87	52	133	46	139	101	99	181	76	21	68	62	61	68	61	61	26	40	43	31	63	87	116	53	125	187	113	163	170	171	211	138	156	130	132	113	172	126	116	75	92	93	147	63	133	46	128	105	108	123	127	167	169	112	53	54	45	50	56	
72	150	187	154	158	206	41	131	59	98	189	111	161	169	153	123	126	62	110	103	63	105	129	197	115	62	41	94	156	187	160	156	106	94	107	102	82	91	71	84	154	146	80	119	0	70	32	37	53	175	179	90	53	101	125	240	197	208	200	22	112	87	47	131	194	222	223	145	173	108	82	69	84	81	75	245	227	144	202	103	165	157	112	140	57	95	88	99	213	211	222	121	63	120	73	163	89	94	90	134	84	87	87	130	130	182	115	139	134	85	100	103	109	177	108	198	196	89	59	19	74	90	174	53	143	148	98	195	136	83	98	86	20	33	43	81	91	128	53	57	61	64	61	160	107	151	79	102	149	79	64	74	127	154	116	108	56	94	137	122	131	106	166	100	178	110	233	192	210	94	61	95	114	106	94	79	96	166	176	214	216	163	78	83	80	83	80	
96	129	165	147	118	234	109	175	81	144	223	142	177	196	85	91	85	16	46	56	14	46	167	210	142	110	29	38	218	251	226	218	125	102	95	90	84	32	39	68	193	98	71	110	70	0	50	39	17	230	209	148	121	142	189	254	215	222	234	55	93	134	78	142	192	218	220	112	186	86	75	80	119	102	96	237	229	138	183	160	201	180	117	133	76	111	103	152	236	210	222	119	65	85	72	122	75	77	73	127	89	90	90	173	172	210	141	167	147	109	118	126	107	157	106	207	173	50	76	73	138	146	194	87	173	178	130	219	168	106	158	106	77	89	98	149	128	129	58	72	84	97	84	169	114	150	90	112	163	124	124	97	178	217	165	174	119	163	207	52	64	37	208	153	232	166	224	184	192	139	131	125	171	124	153	133	148	203	211	253	255	197	58	57	67	61	54	
94	158	195	169	158	233	71	161	79	128	217	138	184	196	135	125	125	37	83	72	50	76	158	219	140	91	26	84	187	217	190	187	128	112	118	112	97	63	69	53	184	142	90	132	32	50	0	38	38	207	206	122	82	130	156	263	221	231	228	36	119	117	70	152	211	239	240	148	195	114	93	86	111	103	96	260	246	159	212	135	194	182	130	155	76	116	108	102	239	229	240	136	75	122	85	163	97	101	97	149	101	103	103	160	159	209	140	165	156	108	122	126	124	186	123	218	204	87	77	47	88	96	198	78	170	175	125	221	163	105	130	108	29	63	73	102	118	145	64	74	82	89	82	180	125	168	96	121	171	108	96	96	157	185	147	138	70	122	164	98	105	82	196	131	210	142	248	207	221	124	89	121	146	128	125	109	127	195	204	244	246	191	82	85	88	87	82	
62	120	157	131	123	202	73	138	46	106	190	109	150	164	117	88	90	39	85	88	28	83	132	185	109	71	18	57	179	212	188	179	95	76	80	74	59	69	34	84	157	109	52	94	37	39	38	0	23	191	176	109	85	105	150	229	188	197	201	17	81	96	41	117	173	201	202	111	161	77	55	50	83	70	63	223	209	122	174	121	166	150	92	117	42	82	74	134	207	191	202	99	37	85	48	128	59	63	59	111	64	65	65	137	136	178	108	134	121	76	89	94	86	148	86	183	166	52	43	35	111	125	165	50	140	145	96	189	134	73	119	74	52	50	59	118	92	107	27	39	50	60	50	144	89	130	61	86	137	86	85	64	140	178	127	136	93	127	171	91	103	76	172	114	193	127	210	169	183	102	95	91	132	94	114	94	109	168	177	218	220	163	45	48	50	50	45	
82	128	164	142	122	222	92	160	67	129	210	129	168	184	100	91	88	18	62	67	12	61	153	201	129	94	13	46	202	234	209	202	114	93	90	84	75	46	34	70	179	104	63	105	53	17	38	23	0	214	196	131	104	127	172	245	206	213	221	38	89	118	63	133	187	213	215	113	177	83	67	68	105	90	83	233	223	133	181	143	187	169	108	128	62	100	92	140	226	205	216	112	54	86	63	126	69	72	68	122	80	81	81	159	158	198	128	154	138	96	107	114	99	155	99	199	173	51	63	56	123	133	184	72	160	165	116	208	154	93	141	94	62	73	81	133	114	121	45	59	70	82	70	160	105	144	78	103	154	108	108	84	162	201	149	157	104	146	190	69	81	54	194	137	216	149	221	180	191	124	114	111	155	113	136	116	132	190	198	239	241	183	52	53	60	56	50	
140	204	220	181	241	104	139	63	152	88	78	103	126	98	292	211	226	229	276	276	217	274	78	141	110	120	207	230	43	59	69	43	128	151	179	181	164	259	204	258	67	246	179	175	175	230	207	191	214	0	90	85	132	93	65	166	127	146	82	178	190	97	153	138	180	199	200	221	135	193	176	159	115	139	143	222	184	175	222	72	71	110	154	178	157	139	143	211	121	185	187	165	172	215	170	245	183	186	186	174	160	160	160	67	68	98	113	98	133	132	133	124	164	213	165	156	230	211	157	161	175	201	115	144	94	92	111	112	91	134	78	138	186	144	134	151	107	160	175	161	149	135	149	145	149	165	154	145	130	107	111	141	53	50	66	86	175	114	116	279	293	265	55	77	10	65	219	196	224	92	131	116	61	129	82	98	82	67	73	76	77	79	192	198	184	193	197	
