NAME:	instance_5-triangle
TYPE:	VRPRDL
DIMENSION:	53
CAPACITY:	750
TIME_HORIZON:	720
NUM_CUSTOMERS:	21
NODE_COORD_SECTION
1	0.0	0.0
2	-89.0298030481	66.5765845466
3	-45.4947571916	115.397416084
4	2.9190561026	-24.9756657508
5	-16.5890943663	-134.909848809
6	9.42512395067	-10.7839554344
7	12.3695048108	-41.9005337649
8	34.8200885476	93.7509404409
9	22.409026817	111.786887218
10	45.0543262011	120.432608282
11	40.1244898289	90.4438368121
12	-20.5622566873	13.4448907432
13	49.8812694409	6.17809804809
14	-1.69261026499	0.795651039849
15	67.4469768592	13.8937171119
16	110.155704671	-96.9446985269
17	110.389635962	-97.1577503939
18	141.200782532	8.46632577791
19	72.8837401048	-47.0266021046
20	36.0262650844	47.4728570105
21	80.1244801575	-12.7702134824
22	-39.8383562959	-84.3817550922
23	32.9833332189	-37.4370152708
24	-78.8727731204	-136.196655556
25	-9.9112597541	-82.5754339073
26	-48.4324947332	-27.8059231114
27	-85.4590530229	-92.1761929383
28	-78.6916006613	-18.5163291485
29	-8.06855539378	-19.7619108937
30	9.94355648209	45.5482329066
31	42.2476490995	9.27573665332
32	3.3029771156	-2.26676022321
33	-103.83721842	-68.8733036978
34	-76.2709424117	-42.9396262588
35	-86.0294134507	-63.301379317
36	-77.0562981142	-18.5237620116
37	-87.7052573591	-58.1420625629
38	-67.3739676628	5.45550886378
39	71.3115737721	138.845719064
40	102.47839066	167.250777633
41	112.468730092	152.340282237
42	53.1270276388	131.421724592
43	77.4391030506	50.0197209363
44	3.61485018797	60.3834363992
45	66.9917066163	68.0106724513
46	89.6770987283	48.755634824
47	59.5071728575	36.9747734906
48	-28.7936958526	-24.8486757545
49	94.261932893	118.716803727
50	14.3548158037	28.9508773371
51	153.701150754	108.990849769
52	78.5426399883	74.2604512772
53	75.1273784028	52.0895587393
EDGE_WEIGHT_SECTION
0	111	124	25	136	14	44	100	114	128	99	25	50	2	69	147	147	141	87	60	81	93	50	157	83	56	126	81	21	47	43	4	124	88	107	79	105	68	156	196	189	142	92	60	95	102	70	38	152	32	188	108	91	
111	0	65	130	214	125	148	127	120	144	131	87	151	109	165	257	257	237	198	127	187	159	160	203	169	103	159	86	118	101	143	115	136	110	130	86	125	65	176	216	219	156	167	93	156	179	151	109	191	110	246	168	165	
124	65	0	148	252	137	167	83	68	91	89	105	145	123	152	263	263	215	201	106	179	200	172	254	201	143	211	138	140	89	138	127	193	161	183	138	179	112	119	157	162	100	139	74	122	151	131	141	140	105	199	131	136	
25	130	148	0	112	16	19	123	138	151	121	45	56	26	75	129	129	142	73	80	78	73	33	138	59	51	111	82	12	71	52	23	115	81	97	80	97	76	178	216	208	164	106	85	113	114	84	32	170	55	202	125	106	
136	214	252	112	0	127	97	234	249	262	232	148	156	137	171	132	132	213	125	189	156	56	109	62	53	112	81	132	115	182	156	134	109	110	100	131	105	149	287	324	315	275	207	196	219	212	188	111	277	167	297	230	208	
14	125	137	16	127	0	31	108	123	136	106	39	44	16	63	133	133	133	73	64	71	89	36	153	74	60	125	88	20	56	38	10	127	92	109	87	108	78	162	201	193	149	91	71	98	100	69	41	155	40	187	110	91	
44	148	167	19	97	31	0	137	154	165	135	64	61	45	78	112	112	138	61	92	74	67	21	131	46	62	110	94	30	87	59	41	119	89	101	92	101	93	190	228	218	178	113	102	123	119	92	45	180	71	206	133	113	
100	127	83	123	234	108	137	0	22	29	6	98	89	100	86	205	205	136	146	46	116	193	131	256	182	147	221	160	121	54	85	101	214	176	198	158	195	135	58	100	97	42	61	46	41	71	62	134	64	68	120	48	58	
114	120	68	138	249	123	154	22	0	24	28	107	109	113	108	226	226	157	167	66	137	206	150	268	196	157	231	165	135	67	104	115	220	184	206	164	202	139	56	97	99	36	83	55	62	92	84	146	72	83	131	68	80	
128	144	91	151	262	136	165	29	24	0	30	126	114	128	109	227	227	148	170	73	138	221	158	285	210	175	249	186	149	83	111	129	241	203	226	185	222	161	32	74	75	14	78	73	57	84	85	163	49	96	109	57	75	
99	131	89	121	232	106	135	6	28	30	0	98	85	99	81	200	200	130	141	43	111	192	128	256	180	148	222	161	120	54	81	100	215	177	199	160	196	137	58	99	95	43	55	47	35	65	57	134	61	67	115	42	52	
25	87	105	45	148	39	64	98	107	126	98	0	71	23	88	171	171	162	111	66	104	100	74	161	97	50	124	66	35	44	63	29	117	79	101	65	98	47	155	197	192	139	105	53	103	115	83	39	156	38	199	116	103	
50	151	145	56	156	44	61	89	109	114	85	71	0	52	19	119	119	91	58	44	36	127	47	192	107	104	167	131	63	56	8	47	170	135	152	129	151	117	134	169	159	125	52	71	64	58	32	84	121	42	146	74	52	
2	109	123	26	137	16	45	100	113	128	99	23	52	0	70	149	149	143	89	60	83	93	52	157	84	55	125	79	22	46	45	6	123	86	106	78	104	66	156	196	190	142	93	60	96	103	71	37	152	32	189	109	92	
69	165	152	75	171	63	78	86	108	109	81	88	19	70	0	119	119	74	61	46	30	145	62	209	124	123	186	149	82	66	26	66	189	154	171	148	170	135	125	157	145	118	37	79	54	41	24	103	108	55	128	61	39	
147	257	263	129	132	133	112	205	226	227	200	171	119	149	119	0	0	110	62	162	89	151	97	193	121	173	196	204	141	174	126	143	216	194	199	203	202	205	239	264	249	235	151	190	171	147	143	157	216	158	210	174	153	
147	257	263	129	132	133	112	205	226	227	200	171	119	149	119	0	0	110	62	162	89	151	97	193	121	173	196	204	141	174	126	143	216	194	199	203	202	205	239	264	249	235	151	190	171	147	143	157	216	158	210	174	153	
141	237	215	142	213	133	138	136	157	148	130	162	91	143	74	110	110	0	88	112	65	203	118	263	176	193	248	221	152	136	99	138	257	223	238	220	238	208	148	163	147	151	76	147	95	65	87	173	120	128	101	91	79	
87	198	201	73	125	73	61	146	167	170	141	111	58	89	61	62	62	88	0	101	35	119	41	176	90	123	165	154	85	112	64	83	178	149	160	153	161	149	186	216	203	179	97	128	115	97	85	104	167	96	176	121	99	
60	127	106	80	189	64	92	46	66	73	43	66	44	60	46	162	162	112	101	0	75	152	85	216	138	113	185	132	80	26	39	60	182	144	165	131	163	112	98	137	130	86	41	35	37	53	26	97	92	29	133	50	39	
81	187	179	78	156	71	74	116	137	138	111	104	36	83	30	89	89	65	35	75	0	140	53	201	114	129	183	159	88	91	44	78	192	159	174	157	174	149	152	181	168	147	63	106	82	62	54	109	132	78	142	87	65	
93	159	200	73	56	89	67	193	206	221	192	100	127	93	145	151	151	203	119	152	140	0	87	65	30	57	46	76	72	139	125	93	66	55	51	76	55	94	249	289	281	235	178	151	186	185	157	61	243	125	273	198	178	
50	160	172	33	109	36	21	131	150	158	128	74	47	52	62	97	97	118	41	85	53	87	0	149	62	82	130	113	45	86	48	46	140	109	122	112	122	109	180	216	206	170	98	102	111	103	79	63	168	69	190	121	99	
157	203	254	138	62	153	131	256	268	285	256	161	192	157	209	193	193	263	176	216	201	65	149	0	87	113	45	118	136	202	189	157	72	93	73	117	78	142	313	353	346	298	243	213	251	250	222	122	308	189	337	263	243	
83	169	201	59	53	74	46	182	196	210	180	97	107	84	124	121	121	176	90	138	114	30	62	87	0	67	76	94	63	129	105	81	95	77	79	93	82	105	236	274	264	223	159	143	169	165	138	61	226	114	252	179	159	
56	103	143	51	112	60	62	147	157	175	148	50	104	55	123	173	173	193	123	113	129	57	82	113	67	0	74	32	41	94	98	58	69	32	52	30	50	38	205	247	242	189	148	102	150	158	126	20	205	85	244	163	147	
126	159	211	111	81	125	110	221	231	249	222	124	167	125	186	196	196	248	165	185	183	46	130	45	76	74	0	74	106	168	163	126	30	50	29	74	34	99	279	320	315	263	216	176	221	225	194	88	277	157	312	233	216	
81	86	138	82	132	88	94	160	165	186	161	66	131	79	149	204	204	221	154	132	159	76	113	118	94	32	74	0	71	109	124	84	56	25	45	2	41	27	217	259	256	200	171	114	169	181	149	50	221	104	265	182	169	
21	118	140	12	115	20	30	121	135	149	120	35	63	22	82	141	141	152	85	80	88	72	45	136	63	41	106	71	0	68	58	21	107	72	89	69	88	64	177	217	210	163	110	81	115	119	88	21	172	53	206	128	110	
47	101	89	71	182	56	87	54	67	83	54	44	56	46	66	174	174	136	112	26	91	139	86	202	129	94	168	109	68	0	49	48	161	123	145	108	142	87	112	153	148	96	67	16	61	79	50	80	112	17	157	74	65	
43	143	138	52	156	38	59	85	104	111	81	63	8	45	26	126	126	99	64	39	44	125	48	189	105	98	163	124	58	49	0	41	165	130	147	122	146	110	133	169	159	123	54	64	64	62	33	79	121	34	150	74	54	
4	115	127	23	134	10	41	101	115	129	100	29	47	6	66	143	143	138	83	60	78	93	46	157	81	58	126	84	21	48	41	0	126	89	108	82	107	71	157	196	189	143	91	63	95	100	69	39	151	33	187	107	90	
124	136	193	115	109	127	119	214	220	241	215	117	170	123	189	216	216	257	178	182	192	66	140	72	95	69	30	56	107	161	165	126	0	38	19	57	19	83	272	314	309	254	216	168	219	226	194	87	273	153	312	232	215	
88	110	161	81	110	92	89	176	184	203	177	79	135	86	154	194	194	223	149	144	159	55	109	93	77	32	50	25	72	123	130	89	38	0	23	24	19	49	234	276	271	217	179	131	181	189	157	51	235	116	275	194	178	
107	130	183	97	100	109	101	198	206	226	199	101	152	106	171	199	199	238	160	165	174	51	122	73	79	52	29	45	89	145	147	108	19	23	0	46	5	71	256	298	293	239	199	153	202	208	177	69	256	136	295	214	198	
79	86	138	80	131	87	92	158	164	185	160	65	129	78	148	203	203	220	153	131	157	76	112	117	93	30	74	2	69	108	122	82	57	24	46	0	41	26	216	258	255	199	169	113	168	179	147	49	220	103	264	181	168	
105	125	179	97	105	108	101	195	202	222	196	98	151	104	170	202	202	238	161	163	174	55	122	78	82	50	34	41	88	142	146	107	19	19	5	41	0	67	253	295	290	236	197	150	200	207	175	68	254	134	293	213	196	
68	65	112	76	149	78	93	135	139	161	137	47	117	66	135	205	205	208	149	112	149	94	109	142	105	38	99	27	64	87	110	71	83	49	71	26	67	0	192	234	232	174	152	90	148	162	130	49	197	85	244	161	150	
156	176	119	178	287	162	190	58	56	32	58	155	134	156	125	239	239	148	186	98	152	249	180	313	236	205	279	217	177	112	133	157	272	234	256	216	253	192	0	42	43	20	89	104	71	92	103	192	31	124	88	65	87	
196	216	157	216	324	201	228	100	97	74	99	197	169	196	157	264	264	163	216	137	181	289	216	353	274	247	320	259	217	153	169	196	314	276	298	258	295	234	42	0	18	61	120	146	105	119	137	233	49	164	78	96	118	
189	219	162	208	315	193	218	97	99	75	95	192	159	190	145	249	249	147	203	130	168	281	206	346	264	242	315	256	210	148	159	189	309	271	293	255	290	232	43	18	0	63	108	142	96	106	127	227	38	158	60	85	107	
142	156	100	164	275	149	178	42	36	14	43	139	125	142	118	235	235	151	179	86	147	235	170	298	223	189	263	200	163	96	123	143	254	217	239	199	236	174	20	61	63	0	85	87	65	90	95	176	43	110	103	63	82	
92	167	139	106	207	91	113	61	83	78	55	105	52	93	37	151	151	76	97	41	63	178	98	243	159	148	216	171	110	67	54	91	216	179	199	169	197	152	89	120	108	85	0	75	21	12	22	130	71	67	96	24	3	
60	93	74	85	196	71	102	46	55	73	47	53	71	60	79	190	190	147	128	35	106	151	102	213	143	102	176	114	81	16	64	63	168	131	153	113	150	90	104	146	142	87	75	0	64	87	61	91	108	33	158	76	72	
95	156	122	113	219	98	123	41	62	57	35	103	64	96	54	171	171	95	115	37	82	186	111	251	169	150	221	169	115	61	64	95	219	181	202	168	200	148	71	105	96	65	21	64	0	30	32	133	58	66	96	13	18	
102	179	151	114	212	100	119	71	92	84	65	115	58	103	41	147	147	65	97	53	62	185	103	250	165	158	225	181	119	79	62	100	226	189	208	179	207	162	92	119	106	90	12	87	30	0	32	139	70	78	88	28	15	
70	151	131	84	188	69	92	62	84	85	57	83	32	71	24	143	143	87	85	26	54	157	79	222	138	126	194	149	88	50	33	69	194	157	177	147	175	130	103	137	127	95	22	61	32	32	0	108	89	46	118	42	22	
38	109	141	32	111	41	45	134	146	163	134	39	84	37	103	157	157	173	104	97	109	61	63	122	61	20	88	50	21	80	79	39	87	51	69	49	68	49	192	233	227	176	130	91	133	139	108	0	189	69	226	146	129	
152	191	140	170	277	155	180	64	72	49	61	156	121	152	108	216	216	120	167	92	132	243	168	308	226	205	277	221	172	112	121	151	273	235	256	220	254	197	31	49	38	43	71	108	58	70	89	189	0	120	60	47	69	
32	110	105	55	167	40	71	68	83	96	67	38	42	32	55	158	158	128	96	29	78	125	69	189	114	85	157	104	53	17	34	33	153	116	136	103	134	85	124	164	158	110	67	33	66	78	46	69	120	0	161	79	65	
188	246	199	202	297	187	206	120	131	109	115	199	146	189	128	210	210	101	176	133	142	273	190	337	252	244	312	265	206	157	150	187	312	275	295	264	293	244	88	78	60	103	96	158	96	88	118	226	60	161	0	83	97	
108	168	131	125	230	110	133	48	68	57	42	116	74	109	61	174	174	91	121	50	87	198	121	263	179	163	233	182	128	74	74	107	232	194	214	181	213	161	65	96	85	63	24	76	13	28	42	146	47	79	83	0	22	
91	165	136	106	208	91	113	58	80	75	52	103	52	92	39	153	153	79	99	39	65	178	99	243	159	147	216	169	110	65	54	90	215	178	198	168	196	150	87	118	107	82	3	72	18	15	22	129	69	65	97	22	0	
EDGE_TRAVEL_TIME_SECTION
0	248	222	248	50	87	272	29	87	198	200	228	257	198	4	49	101	4	138	294	293	294	119	283	173	119	100	162	187	100	251	315	166	112	251	162	8	43	93	87	8	210	249	175	214	159	210	135	284	312	392	379	284	
248	0	131	0	297	335	503	275	335	178	166	136	181	178	245	210	290	245	304	527	526	527	212	430	402	212	344	359	400	344	422	508	402	286	422	276	255	280	178	275	255	357	387	322	366	275	357	224	200	238	314	324	200	
222	131	0	131	260	297	428	250	297	263	254	241	289	263	218	173	302	218	330	516	515	516	253	475	395	253	321	373	318	321	317	406	338	205	317	171	230	237	202	286	230	249	273	220	260	172	249	130	312	351	433	438	312	
248	0	131	0	297	335	503	275	335	178	166	136	181	178	245	210	290	245	304	527	526	527	212	430	402	212	344	359	400	344	422	508	402	286	422	276	255	280	178	275	255	357	387	322	366	275	357	224	200	238	314	324	200	
50	297	260	297	0	39	223	31	39	243	246	276	303	243	52	90	113	52	151	259	258	259	159	285	147	159	65	156	146	65	222	276	118	103	222	163	45	24	142	104	45	193	231	162	194	160	193	153	329	355	433	417	329	
87	335	297	335	39	0	195	63	0	270	275	308	331	270	90	129	122	90	157	225	224	225	185	277	121	185	42	148	135	42	220	262	93	125	220	188	81	60	175	119	81	203	238	177	201	185	203	185	356	380	455	436	356	
272	503	428	503	223	195	0	254	195	465	469	499	525	465	273	297	312	273	342	265	265	265	380	426	251	380	219	312	111	219	162	125	106	223	162	264	268	231	365	311	268	209	219	219	199	262	209	299	551	575	649	629	551	
29	275	250	275	31	63	254	0	63	212	215	246	272	212	32	77	88	32	126	266	265	266	128	266	146	128	71	141	177	71	250	307	149	121	250	177	21	39	113	77	21	216	254	183	218	174	216	157	298	324	402	386	298	
87	335	297	335	39	0	195	63	0	270	275	308	331	270	90	129	122	90	157	225	224	225	185	277	121	185	42	148	135	42	220	262	93	125	220	188	81	60	175	119	81	203	238	177	201	185	203	185	356	380	455	436	356	
198	178	263	178	243	270	465	212	270	0	13	55	61	0	198	196	170	198	163	400	400	400	86	260	283	86	256	221	384	256	443	512	360	295	443	322	199	240	108	162	199	392	429	354	398	320	392	274	86	115	198	190	86	
200	166	254	166	246	275	469	215	275	13	0	44	57	13	200	195	178	200	173	411	410	411	93	272	292	93	262	232	386	262	443	513	364	295	443	319	202	243	108	170	202	390	427	352	396	317	390	270	84	116	200	195	84	
228	136	241	136	276	308	499	246	308	55	44	0	48	55	227	215	218	227	216	453	453	453	131	315	333	131	299	275	411	299	461	535	394	313	461	330	231	270	135	208	231	405	441	367	412	328	405	278	73	112	195	197	73	
257	181	289	181	303	331	525	272	331	61	57	48	0	61	257	251	229	257	218	454	454	454	147	295	339	147	317	275	443	317	499	570	421	351	499	372	259	300	165	222	259	445	482	407	451	370	445	322	27	64	148	149	27	
198	178	263	178	243	270	465	212	270	0	13	55	61	0	198	196	170	198	163	400	400	400	86	260	283	86	256	221	384	256	443	512	360	295	443	322	199	240	108	162	199	392	429	354	398	320	392	274	86	115	198	190	86	
4	245	218	245	52	90	273	32	90	198	200	227	257	198	0	45	104	0	141	298	297	298	120	286	177	120	103	166	187	103	250	314	168	110	250	159	12	43	92	90	12	209	247	173	212	156	209	132	283	312	393	379	283	
49	210	173	210	90	129	297	77	129	196	195	215	251	196	45	0	142	45	176	343	342	343	132	324	222	132	148	208	199	148	248	321	193	100	248	133	57	71	89	126	57	196	234	159	202	130	196	95	278	311	394	385	278	
101	290	302	290	113	122	312	88	122	170	178	218	229	170	104	142	0	104	38	239	239	239	87	183	116	87	94	71	255	94	335	384	214	208	335	262	95	127	112	16	95	304	342	271	305	259	304	235	251	269	339	318	251	
4	245	218	245	52	90	273	32	90	198	200	227	257	198	0	45	104	0	141	298	297	298	120	286	177	120	103	166	187	103	250	314	168	110	250	159	12	43	92	90	12	209	247	173	212	156	209	132	283	312	393	379	283	
138	304	330	304	151	157	342	126	157	163	173	216	218	163	141	176	38	141	0	238	238	238	92	148	122	92	124	59	291	124	372	419	247	246	372	299	132	165	131	51	132	342	380	309	343	296	342	270	237	250	314	291	237	
294	527	516	527	259	225	265	266	225	400	411	453	454	400	298	343	239	298	238	0	1	0	325	220	125	325	196	179	302	196	392	386	242	347	392	410	286	283	349	253	286	404	432	389	399	407	404	410	471	478	529	499	471	
293	526	515	526	258	224	265	265	224	400	410	453	454	400	297	342	239	297	238	1	0	1	325	220	125	325	195	179	301	195	391	386	242	346	391	409	286	282	348	252	286	403	432	388	398	406	403	409	471	478	529	499	471	
294	527	516	527	259	225	265	266	225	400	411	453	454	400	298	343	239	298	238	0	1	0	325	220	125	325	196	179	302	196	392	386	242	347	392	410	286	283	349	253	286	404	432	389	399	407	404	410	471	478	529	499	471	
119	212	253	212	159	185	380	128	185	86	93	131	147	86	120	132	87	120	92	325	325	325	0	224	203	0	170	149	304	170	370	433	276	226	370	265	119	161	52	77	119	325	364	288	329	262	325	223	171	196	274	260	171	
283	430	475	430	285	277	426	266	277	260	272	315	295	260	286	324	183	286	148	220	220	220	224	0	176	224	235	129	407	235	496	527	353	386	496	443	277	304	273	198	277	477	513	447	476	440	477	417	302	296	327	293	302	
173	402	395	402	147	121	251	146	121	283	292	333	339	283	177	222	116	177	122	125	125	125	203	176	0	203	82	70	238	82	329	352	180	246	329	308	165	171	224	128	165	322	356	298	319	305	322	300	359	372	432	406	359	
119	212	253	212	159	185	380	128	185	86	93	131	147	86	120	132	87	120	92	325	325	325	0	224	203	0	170	149	304	170	370	433	276	226	370	265	119	161	52	77	119	325	364	288	329	262	325	223	171	196	274	260	171	
100	344	321	344	65	42	219	71	42	256	262	299	317	256	103	148	94	103	124	196	195	196	170	235	82	170	0	106	173	0	261	298	125	164	261	226	92	89	172	95	92	245	280	219	243	223	245	218	340	361	432	411	340	
162	359	373	359	156	148	312	141	148	221	232	275	275	221	166	208	71	166	59	179	179	179	149	129	70	149	106	0	279	106	367	403	228	259	367	318	155	177	182	87	155	348	384	318	347	315	348	297	293	304	362	336	293	
187	400	318	400	146	135	111	177	135	384	386	411	443	384	187	199	255	187	291	302	301	302	304	407	238	304	173	279	0	173	93	130	60	114	93	153	186	144	278	249	186	109	132	110	102	151	109	188	470	499	578	563	470	
100	344	321	344	65	42	219	71	42	256	262	299	317	256	103	148	94	103	124	196	195	196	170	235	82	170	0	106	173	0	261	298	125	164	261	226	92	89	172	95	92	245	280	219	243	223	245	218	340	361	432	411	340	
251	422	317	422	222	220	162	250	220	443	443	461	499	443	250	248	335	250	372	392	391	392	370	496	329	370	261	367	93	261	0	89	152	149	0	148	253	212	335	326	253	68	59	100	58	148	68	198	526	558	641	629	526	
315	508	406	508	276	262	125	307	262	512	513	535	570	512	314	321	384	314	419	386	386	386	433	527	352	433	298	403	130	298	89	0	175	225	89	235	314	273	405	379	314	157	144	187	146	235	157	284	597	626	707	692	597	
166	402	338	402	118	93	106	149	93	360	364	394	421	360	168	193	214	168	247	242	242	242	276	353	180	276	125	228	60	125	152	175	0	134	152	188	163	126	259	211	163	163	190	155	157	186	163	210	446	472	548	529	446	
112	286	205	286	103	125	223	121	125	295	295	313	351	295	110	100	208	110	246	347	346	347	226	386	246	226	164	259	114	164	149	225	134	0	149	63	115	82	187	196	115	99	138	63	103	60	99	77	378	410	493	483	378	
251	422	317	422	222	220	162	250	220	443	443	461	499	443	250	248	335	250	372	392	391	392	370	496	329	370	261	367	93	261	0	89	152	149	0	148	253	212	335	326	253	68	59	100	58	148	68	198	526	558	641	629	526	
162	276	171	276	163	188	264	177	188	322	319	330	372	322	159	133	262	159	299	410	409	410	265	443	308	265	226	318	153	226	148	235	188	63	148	0	167	141	219	248	167	81	113	49	91	3	81	53	399	435	519	512	399	
8	255	230	255	45	81	268	21	81	199	202	231	259	199	12	57	95	12	132	286	286	286	119	277	165	119	92	155	186	92	253	314	163	115	253	167	0	42	97	81	0	213	252	178	216	164	213	142	285	313	393	379	285	
43	280	237	280	24	60	231	39	60	240	243	270	300	240	43	71	127	43	165	283	282	283	161	304	171	161	89	177	144	89	212	273	126	82	212	141	42	0	135	116	42	177	215	144	179	138	177	129	326	355	434	420	326	
93	178	202	178	142	175	365	113	175	108	108	135	165	108	92	89	112	92	131	349	348	349	52	273	224	52	172	182	278	172	335	405	259	187	335	219	97	135	0	97	97	285	323	247	290	216	285	174	192	223	306	296	192	
87	275	286	275	104	119	311	77	119	162	170	208	222	162	90	126	16	90	51	253	252	253	77	198	128	77	95	87	249	95	326	379	211	196	326	248	81	116	97	0	81	293	331	259	295	245	293	219	245	266	338	318	245	
8	255	230	255	45	81	268	21	81	199	202	231	259	199	12	57	95	12	132	286	286	286	119	277	165	119	92	155	186	92	253	314	163	115	253	167	0	42	97	81	0	213	252	178	216	164	213	142	285	313	393	379	285	
210	357	249	357	193	203	209	216	203	392	390	405	445	392	209	196	304	209	342	404	403	404	325	477	322	325	245	348	109	245	68	157	163	99	68	81	213	177	285	293	213	0	39	38	11	82	0	134	472	506	590	581	472	
249	387	273	387	231	238	219	254	238	429	427	441	482	429	247	234	342	247	380	432	432	432	364	513	356	364	280	384	132	280	59	144	190	138	59	113	252	215	323	331	252	39	0	76	37	114	39	166	509	543	627	619	509	
175	322	220	322	162	177	219	183	177	354	352	367	407	354	173	159	271	173	309	389	388	389	288	447	298	288	219	318	110	219	100	187	155	63	100	49	178	144	247	259	178	38	76	0	45	49	38	98	434	468	552	543	434	
214	366	260	366	194	201	199	218	201	398	396	412	451	398	212	202	305	212	343	399	398	399	329	476	319	329	243	347	102	243	58	146	157	103	58	91	216	179	290	295	216	11	37	45	0	91	11	142	478	512	596	586	478	
159	275	172	275	160	185	262	174	185	320	317	328	370	320	156	130	259	156	296	407	406	407	262	440	305	262	223	315	151	223	148	235	186	60	148	3	164	138	216	245	164	82	114	49	91	0	82	52	397	433	517	510	397	
210	357	249	357	193	203	209	216	203	392	390	405	445	392	209	196	304	209	342	404	403	404	325	477	322	325	245	348	109	245	68	157	163	99	68	81	213	177	285	293	213	0	39	38	11	82	0	134	472	506	590	581	472	
135	224	130	224	153	185	299	157	185	274	270	278	322	274	132	95	235	132	270	410	409	410	223	417	300	223	218	297	188	218	198	284	210	77	198	53	142	129	174	219	142	134	166	98	142	52	134	0	349	385	469	464	349	
284	200	312	200	329	356	551	298	356	86	84	73	27	86	283	278	251	283	237	471	471	471	171	302	359	171	340	293	470	340	526	597	446	378	526	399	285	326	192	245	285	472	509	434	478	397	472	349	0	39	122	126	0	
312	238	351	238	355	380	575	324	380	115	116	112	64	115	312	311	269	312	250	478	478	478	196	296	372	196	361	304	499	361	558	626	472	410	558	435	313	355	223	266	313	506	543	468	512	433	506	385	39	0	84	87	39	
392	314	433	314	433	455	649	402	455	198	200	195	148	198	393	394	339	393	314	529	529	529	274	327	432	274	432	362	578	432	641	707	548	493	641	519	393	434	306	338	393	590	627	552	596	517	590	469	122	84	0	36	122	
379	324	438	324	417	436	629	386	436	190	195	197	149	190	379	385	318	379	291	499	499	499	260	293	406	260	411	336	563	411	629	692	529	483	629	512	379	420	296	318	379	581	619	543	586	510	581	464	126	87	36	0	126	
284	200	312	200	329	356	551	298	356	86	84	73	27	86	283	278	251	283	237	471	471	471	171	302	359	171	340	293	470	340	526	597	446	378	526	399	285	326	192	245	285	472	509	434	478	397	472	349	0	39	122	126	0	
TIME_WINDOW_SECTION
1	0	720
2	190	247
3	0	720
4	0	720
5	231	275
6	529	552
7	0	720
8	92	98
9	142	350
10	398	425
11	0	720
12	59	169
13	311	425
14	0	720
15	0	720
16	63	358
17	0	720
18	257	262
19	438	502
20	0	720
21	149	186
22	465	500
23	0	720
24	111	154
25	329	372
26	506	529
27	0	720
28	0	720
29	134	248
30	383	469
31	566	566
32	0	720
33	140	269
34	345	359
35	404	425
36	516	557
37	0	720
38	0	720
39	66	93
40	177	180
41	216	303
42	0	720
43	50	170
44	319	392
45	520	545
46	605	640
47	0	720
48	0	720
49	0	720
50	0	720
51	223	236
52	402	443
53	0	720
CLUSTER_SECTION
1	1	
2	2	
3	5	
4	5	
5	8	
6	12	
7	19	
8	16	
9	18	
10	21	
11	24	
12	36	
13	29	
14	33	
15	48	
16	39	
17	43	
18	60	
19	61	
20	62	
21	51	
DEMAND_SECTION
1	0
2	31
3	52
4	80
5	60
6	69
7	40
8	29
9	62
10	36
11	56
12	68
13	46
14	35
15	31
16	64
17	55
18	28
19	56
20	49
21	33
DEPOT_SECTION
1
EOF