NAME:	instance_4-triangle
TYPE:	VRPRDL
DIMENSION:	41
CAPACITY:	750
TIME_HORIZON:	720
NUM_CUSTOMERS:	16
NODE_COORD_SECTION
1	0.0	0.0
2	95.0073526015	-110.030614943
3	113.528442038	-29.2959208711
4	87.0815761444	-131.481658896
5	140.720165554	-102.862592164
6	-104.707030729	-51.3834568498
7	-175.481522597	-38.3026761088
8	-82.4858783539	-80.7321519394
9	-75.1262860752	108.604681913
10	-71.3360884503	122.887826222
11	-6.29078966998	54.0632589983
12	-29.211580081	91.7787942759
13	9.49442808823	16.0193969893
14	3.65702802258	29.4983600024
15	95.4820004246	55.4551428732
16	94.016574983	50.350089024
17	60.0502919363	-116.0793971
18	-30.205508381	-108.004616697
19	82.5238418633	-110.937119441
20	150.664796706	-54.2295036502
21	0.648253351169	153.510910638
22	-100.496683804	-30.6714445418
23	-31.1006734857	-20.5294696383
24	-54.0095069137	-12.2732494939
25	-56.194994885	-2.00703906338
26	-64.8253068038	-17.99705875
27	-44.702335275	-27.6523425345
28	-55.2925526279	-25.9334192179
29	0.497730499821	-49.7347425197
30	-22.0408909369	-36.2071988395
31	-25.9258163375	139.262629145
32	-0.865910078566	-13.0035011848
33	10.4121422365	-29.1373729196
34	-3.63396669827	-35.3266794344
35	11.372859652	-25.9663344225
36	32.3153758922	-128.932987762
37	-36.1552975276	-151.909819657
38	19.701043223	-150.083618272
39	-63.1592085632	-152.506140654
40	-63.4041305671	-139.5294418
41	-56.9130364249	17.6237702607
EDGE_WEIGHT_SECTION
0	145	117	158	174	117	179	115	132	142	54	96	19	30	110	107	130	112	138	160	154	105	37	55	56	67	52	61	50	42	141	13	31	35	28	133	156	151	165	153	60	
145	0	83	23	46	208	280	180	277	286	193	237	152	167	165	160	35	125	13	79	280	211	155	178	186	184	162	172	112	138	277	136	117	124	119	65	137	85	163	161	198	
117	83	0	106	78	219	288	203	234	239	146	187	113	125	87	82	102	164	87	45	215	214	145	168	172	179	158	169	115	135	219	116	103	117	102	129	193	153	215	208	177	
158	23	106	0	61	208	279	177	290	300	208	251	167	181	187	182	31	120	21	100	298	213	162	185	193	189	168	177	119	145	293	148	128	132	130	55	125	70	152	151	207	
174	46	78	61	0	251	323	224	302	310	215	258	177	191	165	160	81	171	59	50	292	252	190	214	221	222	200	211	150	176	294	168	150	159	150	111	183	130	209	207	231	
117	208	219	208	251	0	72	37	163	177	144	162	133	135	227	223	177	94	196	255	230	21	80	64	69	52	65	56	105	84	206	111	117	102	119	157	122	159	109	97	84	
179	280	288	279	323	72	0	102	178	192	193	196	193	192	287	284	248	161	268	326	260	75	145	124	125	113	131	120	176	153	232	176	186	171	187	227	180	225	160	151	131	
115	180	203	177	224	37	102	0	189	204	155	180	133	140	224	220	147	59	168	235	249	53	79	74	83	65	65	61	89	75	227	106	106	91	109	125	85	123	74	62	101	
132	277	234	290	302	163	178	189	0	15	88	49	125	112	179	179	262	221	270	278	88	142	136	122	112	127	140	136	175	154	58	142	162	161	160	260	263	275	261	248	93	
142	286	239	300	310	177	192	204	15	0	95	52	134	120	180	181	272	234	280	284	78	156	149	136	126	141	153	150	187	167	48	153	173	172	170	272	277	288	276	263	106	
54	193	146	208	215	144	193	155	88	95	0	44	41	27	102	100	182	164	187	191	100	127	79	82	75	93	90	94	104	92	87	67	85	89	82	187	208	205	214	202	62	
96	237	187	251	258	162	196	180	49	52	44	0	85	70	130	130	226	199	231	232	69	142	112	107	98	115	120	121	145	128	48	109	127	130	124	229	243	247	246	233	79	
19	152	113	167	177	133	193	133	125	134	41	85	0	15	95	91	141	130	146	158	138	119	55	70	68	82	70	77	66	61	128	31	45	53	42	147	174	166	184	172	66	
30	167	125	181	191	135	192	140	112	120	27	70	15	0	95	93	156	142	161	169	124	120	61	71	68	83	75	81	79	71	114	43	59	65	56	161	186	180	194	182	62	
110	165	87	187	165	227	287	224	179	180	102	130	95	95	0	5	175	206	167	123	136	214	147	164	162	176	162	171	142	149	148	118	120	134	117	195	246	219	261	252	157	
107	160	82	182	160	223	284	220	179	181	100	130	91	93	5	0	170	201	162	119	139	210	144	161	159	173	159	168	137	145	149	114	115	130	112	190	241	214	256	247	154	
130	35	102	31	81	177	248	147	262	272	182	226	141	156	175	170	0	91	23	110	276	182	132	154	163	158	137	146	89	115	269	120	100	103	102	31	103	53	128	126	178	
112	125	164	120	171	94	161	59	221	234	164	199	130	142	206	201	91	0	113	189	263	105	87	99	109	96	82	86	66	72	247	99	89	77	92	66	44	65	55	46	128	
138	13	87	21	59	196	268	168	270	280	187	231	146	161	167	162	23	113	0	89	277	200	145	168	176	174	152	162	102	128	273	129	109	115	111	53	125	74	151	149	190	
160	79	45	100	50	255	326	235	278	284	191	232	158	169	123	119	110	189	89	0	256	252	184	208	213	218	197	208	150	173	262	157	142	155	142	140	211	162	235	230	220	
154	280	215	298	292	230	260	249	88	78	100	69	138	124	136	139	276	263	277	256	0	210	177	175	166	184	187	188	203	191	30	167	183	189	180	284	307	304	313	300	148	
105	211	214	213	252	21	75	53	142	156	127	142	119	120	214	210	182	105	200	252	210	0	70	50	53	38	56	45	103	79	186	101	111	97	112	165	137	169	127	115	65	
37	155	145	162	190	80	145	79	136	149	79	112	55	61	147	144	132	87	145	184	177	70	0	24	31	34	15	25	43	18	160	31	42	31	43	125	131	139	136	123	46	
55	178	168	185	214	64	124	74	122	136	82	107	70	71	164	161	154	99	168	208	175	50	24	0	10	12	18	14	66	40	154	53	66	55	67	145	141	156	141	128	30	
56	186	172	193	221	69	125	83	112	126	75	98	68	68	162	159	163	109	176	213	166	53	31	10	0	18	28	24	74	48	144	56	72	62	72	155	151	166	151	138	20	
67	184	179	189	222	52	113	65	127	141	93	115	82	83	176	173	158	96	174	218	184	38	34	12	18	0	22	12	72	46	162	64	76	64	77	147	137	157	135	122	36	
52	162	158	168	200	65	131	65	140	153	90	120	70	75	162	159	137	82	152	197	187	56	15	18	28	22	0	11	50	24	168	46	55	42	56	127	125	138	126	113	47	
61	172	169	177	211	56	120	61	136	150	94	121	77	81	171	168	146	86	162	208	188	45	25	14	24	12	11	0	61	35	168	56	66	53	67	135	127	145	127	114	44	
50	112	115	119	150	105	176	89	175	187	104	145	66	79	142	137	89	66	102	150	203	103	43	66	74	72	50	61	0	26	191	37	23	15	26	85	109	102	121	110	89	
42	138	135	145	176	84	153	75	154	167	92	128	61	71	149	145	115	72	128	173	191	79	18	40	48	46	24	35	26	0	176	31	33	18	35	107	116	121	123	111	64	
141	277	219	293	294	206	232	227	58	48	87	48	128	114	148	149	269	247	273	262	30	186	160	154	144	162	168	168	191	176	0	154	172	176	169	274	291	292	294	281	126	
13	136	116	148	168	111	176	106	142	153	67	109	31	43	118	114	120	99	129	157	167	101	31	53	56	64	46	56	37	31	154	0	20	22	18	121	143	139	153	141	64	
31	117	103	128	150	117	186	106	162	173	85	127	45	59	120	115	100	89	109	142	183	111	42	66	72	76	55	66	23	33	172	20	0	15	3	102	131	121	144	133	82	
35	124	117	132	159	102	171	91	161	172	89	130	53	65	134	130	103	77	115	155	189	97	31	55	62	64	42	53	15	18	176	22	15	0	18	100	121	117	131	120	75	
28	119	102	130	150	119	187	109	160	170	82	124	42	56	117	112	102	92	111	142	180	112	43	67	72	77	56	67	26	35	169	18	3	18	0	105	134	124	147	136	81	
133	65	129	55	111	157	227	125	260	272	187	229	147	161	195	190	31	66	53	140	284	165	125	145	155	147	127	135	85	107	274	121	102	100	105	0	72	25	98	96	171	
156	137	193	125	183	122	180	85	263	277	208	243	174	186	246	241	103	44	125	211	307	137	131	141	151	137	125	127	109	116	291	143	131	121	134	72	0	56	27	30	171	
151	85	153	70	130	159	225	123	275	288	205	247	166	180	219	214	53	65	74	162	304	169	139	156	166	157	138	145	102	121	292	139	121	117	124	25	56	0	83	84	184	
165	163	215	152	209	109	160	74	261	276	214	246	184	194	261	256	128	55	151	235	313	127	136	141	151	135	126	127	121	123	294	153	144	131	147	98	27	83	0	13	170	
153	161	208	151	207	97	151	62	248	263	202	233	172	182	252	247	126	46	149	230	300	115	123	128	138	122	113	114	110	111	281	141	133	120	136	96	30	84	13	0	157	
60	198	177	207	231	84	131	101	93	106	62	79	66	62	157	154	178	128	190	220	148	65	46	30	20	36	47	44	89	64	126	64	82	75	81	171	171	184	170	157	0	
EDGE_TRAVEL_TIME_SECTION
0	349	291	234	315	349	231	233	359	231	284	264	284	59	109	193	37	59	213	221	213	277	261	224	277	320	307	135	210	75	111	112	135	85	105	122	99	85	26	283	26	
349	0	93	157	122	0	449	502	645	449	619	604	619	381	430	517	354	381	320	329	320	118	163	342	118	99	584	445	504	381	430	442	445	352	400	421	300	352	335	588	335	
291	93	0	166	46	93	360	416	560	360	572	554	572	334	386	474	305	334	321	331	321	25	71	250	25	158	560	369	422	309	356	371	369	277	324	344	224	277	273	554	273	
234	157	166	0	211	157	405	439	578	405	479	467	479	249	292	374	227	249	164	173	164	175	204	328	175	89	430	357	428	290	337	344	357	271	316	337	230	271	231	438	231	
315	122	46	211	0	122	354	416	557	354	599	579	599	362	415	503	333	362	364	374	364	42	62	239	42	200	596	379	426	324	369	386	379	290	336	354	238	290	295	587	295	
349	0	93	157	122	0	449	502	645	449	619	604	619	381	430	517	354	381	320	329	320	118	163	342	118	99	584	445	504	381	430	442	445	352	400	421	300	352	335	588	335	
231	449	360	405	354	449	0	74	204	0	408	379	408	280	310	361	267	280	440	448	440	336	294	118	336	469	497	130	106	158	148	166	130	150	130	122	177	150	212	454	212	
233	502	416	439	416	502	74	0	144	74	355	325	355	270	288	324	265	270	446	454	446	393	354	187	393	510	461	104	42	160	128	138	104	168	129	111	210	168	221	413	221	
359	645	560	578	557	645	204	144	0	204	384	356	384	383	386	391	385	383	567	573	567	536	496	322	536	653	521	225	151	291	248	249	225	307	262	242	353	307	353	464	353	
231	449	360	405	354	449	0	74	204	0	408	379	408	280	310	361	267	280	440	448	440	336	294	118	336	469	497	130	106	158	148	166	130	150	130	122	177	150	212	454	212	
284	619	572	479	599	619	408	355	384	408	0	30	0	240	189	105	268	240	361	360	361	560	545	469	560	568	156	282	313	298	272	251	282	333	306	299	374	333	306	97	306	
264	604	554	467	579	604	379	325	356	379	30	0	30	223	176	98	251	223	358	357	358	541	524	442	541	556	176	254	283	273	245	224	254	308	279	272	351	308	285	116	285	
284	619	572	479	599	619	408	355	384	408	0	30	0	240	189	105	268	240	361	360	361	560	545	469	560	568	156	282	313	298	272	251	282	333	306	299	374	333	306	97	306	
59	381	334	249	362	381	280	270	383	280	240	223	240	0	53	141	29	0	185	191	185	322	312	283	322	338	248	166	241	122	142	135	166	141	150	162	158	141	85	227	85	
109	430	386	292	415	430	310	288	386	310	189	176	189	53	0	88	82	53	201	204	201	375	365	328	375	381	199	186	253	157	163	150	186	183	181	188	208	183	135	175	135	
193	517	474	374	503	517	361	324	391	361	105	98	105	141	88	0	170	141	260	260	260	463	452	400	463	463	137	231	283	225	214	195	231	256	241	241	289	256	217	95	217	
37	354	305	227	333	354	267	265	385	267	268	251	268	29	82	170	0	29	182	189	182	293	283	260	293	315	276	163	239	109	139	136	163	122	139	154	133	122	62	256	62	
59	381	334	249	362	381	280	270	383	280	240	223	240	0	53	141	29	0	185	191	185	322	312	283	322	338	248	166	241	122	142	135	166	141	150	162	158	141	85	227	85	
213	320	321	164	364	320	440	446	567	440	361	358	361	185	201	260	182	185	0	11	0	323	340	403	323	238	278	345	421	288	321	318	345	290	318	335	274	290	228	299	228	
221	329	331	173	374	329	448	454	573	448	360	357	360	191	204	260	189	191	11	0	11	334	350	412	334	246	273	352	428	295	328	324	352	298	326	343	283	298	236	295	236	
213	320	321	164	364	320	440	446	567	440	361	358	361	185	201	260	182	185	0	11	0	323	340	403	323	238	278	345	421	288	321	318	345	290	318	335	274	290	228	299	228	
277	118	25	175	42	118	336	393	536	336	560	541	560	322	375	463	293	322	323	334	323	0	46	226	0	177	554	348	400	290	337	352	348	257	304	324	205	257	257	545	257	
261	163	71	204	62	163	294	354	496	294	545	524	545	312	365	452	283	312	340	350	340	46	0	181	46	219	552	318	364	264	308	326	318	229	274	293	178	229	239	539	239	
224	342	250	328	239	342	118	187	322	118	469	442	469	283	328	400	260	283	403	412	403	226	181	0	226	377	527	193	209	175	197	218	193	145	163	172	132	145	199	495	199	
277	118	25	175	42	118	336	393	536	336	560	541	560	322	375	463	293	322	323	334	323	0	46	226	0	177	554	348	400	290	337	352	348	257	304	324	205	257	257	545	257	
320	99	158	89	200	99	469	510	653	469	568	556	568	338	381	463	315	338	238	246	238	177	219	377	177	0	512	437	504	370	418	427	437	347	394	415	300	347	314	524	314	
307	584	560	430	596	584	497	461	521	497	156	176	156	248	199	137	276	248	278	273	278	554	552	527	554	512	0	367	420	354	349	331	367	382	374	376	406	382	333	60	333	
135	445	369	357	379	445	130	104	225	130	282	254	282	166	186	231	163	166	345	352	345	348	318	193	348	437	367	0	76	68	24	36	0	93	45	25	145	93	128	324	128	
210	504	422	428	426	504	106	42	151	106	313	283	313	241	253	283	239	241	421	428	421	400	364	209	400	504	420	76	0	140	100	106	76	157	112	91	206	157	202	371	202	
75	381	309	290	324	381	158	160	291	158	298	273	298	122	157	225	109	122	288	295	288	290	264	175	290	370	354	68	140	0	49	62	68	36	31	50	86	36	62	320	62	
111	430	356	337	369	430	148	128	248	148	272	245	272	142	163	214	139	142	321	328	321	337	308	197	337	418	349	24	100	49	0	21	24	80	36	27	132	80	106	308	106	
112	442	371	344	386	442	166	138	249	166	251	224	251	135	150	195	136	135	318	324	318	352	326	218	352	427	331	36	106	62	21	0	36	97	56	48	148	97	113	289	113	
135	445	369	357	379	445	130	104	225	130	282	254	282	166	186	231	163	166	345	352	345	348	318	193	348	437	367	0	76	68	24	36	0	93	45	25	145	93	128	324	128	
85	352	277	271	290	352	150	168	307	150	333	308	333	141	183	256	122	141	290	298	290	257	229	145	257	347	382	93	157	36	80	97	93	0	48	69	53	0	63	351	63	
105	400	324	316	336	400	130	129	262	130	306	279	306	150	181	241	139	150	318	326	318	304	274	163	304	394	374	45	112	31	36	56	45	48	0	21	101	48	92	336	92	
122	421	344	337	354	421	122	111	242	122	299	272	299	162	188	241	154	162	335	343	335	324	293	172	324	415	376	25	91	50	27	48	25	69	21	0	121	69	112	335	112	
99	300	224	230	238	300	177	210	353	177	374	351	374	158	208	289	133	158	274	283	274	205	178	132	205	300	406	145	206	86	132	148	145	53	101	121	0	53	74	382	74	
85	352	277	271	290	352	150	168	307	150	333	308	333	141	183	256	122	141	290	298	290	257	229	145	257	347	382	93	157	36	80	97	93	0	48	69	53	0	63	351	63	
26	335	273	231	295	335	212	221	353	212	306	285	306	85	135	217	62	85	228	236	228	257	239	199	257	314	333	128	202	62	106	113	128	63	92	112	74	63	0	309	0	
283	588	554	438	587	588	454	413	464	454	97	116	97	227	175	95	256	227	299	295	299	545	539	495	545	524	60	324	371	320	308	289	324	351	336	335	382	351	309	0	309	
26	335	273	231	295	335	212	221	353	212	306	285	306	85	135	217	62	85	228	236	228	257	239	199	257	314	333	128	202	62	106	113	128	63	92	112	74	63	0	309	0	
TIME_WINDOW_SECTION
1	0	720
2	105	123
3	289	302
4	513	523
5	0	720
6	102	162
7	306	500
8	0	720
9	95	377
10	0	720
11	258	345
12	433	453
13	623	627
14	0	720
15	467	498
16	0	720
17	47	74
18	255	431
19	0	720
20	0	720
21	0	720
22	175	231
23	371	388
24	437	489
25	510	550
26	0	720
27	57	235
28	256	287
29	408	607
30	0	720
31	318	347
32	0	720
33	87	260
34	291	384
35	0	720
36	0	720
37	134	218
38	330	399
39	565	636
40	0	720
41	0	720
CLUSTER_SECTION
1	1	
2	2	
3	6	
4	9	
5	11	
6	15	
7	17	
8	26	
9	27	
10	22	
11	27	
12	31	
13	33	
14	46	
15	37	
16	52	
DEMAND_SECTION
1	0
2	49
3	45
4	39
5	67
6	71
7	38
8	34
9	32
10	57
11	63
12	66
13	64
14	73
15	68
16	80
DEPOT_SECTION
1
EOF