NAME:	instance_27-triangle
TYPE:	VRPRDL
DIMENSION:	171
CAPACITY:	750
TIME_HORIZON:	720
NUM_CUSTOMERS:	61
NODE_COORD_SECTION
1	0.0	0.0
2	-66.9541288275	-15.9432755639
3	-122.284009585	-47.0691828857
4	-67.4288068689	-17.0752966603
5	67.575092898	18.0733213394
6	-33.4645238286	69.960563825
7	-4.95770102647	3.304346124
8	143.145335963	-88.1958264393
9	2.08026320496	-10.6047137892
10	-4.72962465988	-56.0761909695
11	10.862328164	19.1456069527
12	-8.53870495983	-113.032837806
13	-8.79301652722	-123.085885786
14	68.853817556	-134.558816248
15	38.3315673884	-110.971416422
16	29.7840075043	-126.388424101
17	-103.412964336	-18.2261882974
18	-89.7129104947	-34.9680465956
19	-115.33460436	-44.5805840509
20	-170.910781979	-56.8909467918
21	-102.657257445	-41.2862893798
22	46.8763408365	52.6660300201
23	24.4656268543	31.6608148416
24	0.204646842133	0.771580066826
25	7.68056854645	23.7856264427
26	35.9517556085	-5.97075744003
27	6.79750957585	14.9934951519
28	40.9692095743	-52.6749109682
29	75.9352333582	21.7729487787
30	-11.2587487819	62.9602871784
31	-6.11825872261	11.103401472
32	-9.67470686893	38.8855182655
33	-33.2355358319	6.71206436036
34	-116.920516918	71.828316956
35	-71.0589819413	15.3271004211
36	-24.6425631965	-158.530227344
37	-50.0594594556	-50.5951901909
38	-9.80478482626	61.9570112555
39	-23.546935591	11.8914842494
40	-67.7106579344	53.0293276956
41	-159.335373619	-135.471845571
42	-80.0986683402	-137.807890136
43	-53.2901800638	-168.684326914
44	-32.8437403086	-137.510999708
45	-100.504037073	-131.302312809
46	-0.238981815111	-24.7446416206
47	34.0111057799	121.890001816
48	60.1148162711	154.000128142
49	3.59806034755	128.290653511
50	38.8367763508	152.129628427
51	-38.9574316129	148.875738037
52	-5.4400011196	44.0231798637
53	-13.6191843701	45.197443678
54	-163.859217895	-18.6031608551
55	-36.0866447421	-87.822570322
56	-9.75524826322	1.93628023934
57	-27.7855345366	14.3373033954
58	-13.7417047743	9.95971698998
59	20.3475112639	-134.666624973
60	47.6820745566	-167.393347647
61	-15.5109274747	-112.079587
62	46.8181331134	-173.337915269
63	-156.911793431	52.9959454149
64	-83.8130557147	-56.1873088832
65	-116.268576295	19.1588113099
66	51.4211544131	42.9627418971
67	22.308442703	-21.910288075
68	42.6771172499	57.9285022971
69	24.5812820972	-14.1597987081
70	-6.99016245038	-14.4194793821
71	-48.7990193136	-47.9891768661
72	44.2876488748	-95.2111586236
73	14.3047020096	-87.7197734595
74	0.937259309918	60.9821764016
75	-104.31915456	10.4531177398
76	13.6906168931	4.12158739313
77	-0.808763345171	-15.8091661124
78	0.247767130519	-11.9803349409
79	95.8519970871	-59.0003318847
80	33.9036344246	-59.2095861421
81	4.28833529196	-14.9495348612
82	60.5923315976	-45.2689921925
83	-15.2147491971	9.33298922905
84	40.9962486312	-61.814038497
85	-4.16073717281	-13.7736079917
86	-91.6183709242	124.578568778
87	-149.512284731	8.03448349957
88	-62.8249765393	66.2692049145
89	-117.197608097	19.5997333161
90	152.390909105	-63.2596130943
91	-5.11461727565	-30.8938665735
92	17.3985631177	-165.603384583
93	13.7304721607	-166.753603464
94	-111.947236691	-93.1939940957
95	-146.502938788	-123.61950646
96	-144.323631541	-88.01809528
97	-139.87951432	-112.465954109
98	-130.914699345	-102.341220824
99	29.3381890725	83.2308947907
100	46.8101684441	-32.8546951228
101	24.9974296051	12.9565976361
102	18.9019344464	65.8532449206
103	-62.2104185839	22.1622735286
104	-49.8063744789	57.5906837967
105	-79.2028232467	69.1996922029
106	-59.2501259394	41.1999526602
107	-26.2446976867	-4.80024759507
108	-3.4750375147	-13.0777511902
109	-55.7100611272	-49.2536492634
110	-6.90972527612	68.2175308412
111	-8.80456153022	67.4627700356
112	-144.890405621	-95.0246759438
113	-126.455437616	-112.638770717
114	-1.85576249922	29.9432064017
115	-28.4099812792	72.960442139
116	-57.0079723723	69.1284546354
117	-19.776535648	100.821351351
118	-21.289701039	91.6254079583
119	29.5103663676	-89.3587472878
120	-127.43118765	47.1126876462
121	-36.9786049936	113.302946682
122	-87.2450144442	-2.21665096533
123	-95.809729509	67.4588487695
124	91.8209756393	133.088998192
125	13.024039037	-2.55795266757
126	137.696378685	-87.0139056646
127	99.4472199581	-75.0044094234
128	122.051997089	-109.406650592
129	127.365659068	-94.3116298194
130	132.791122793	-90.0730757729
131	-55.8574440927	-4.37187655921
132	-13.1956445954	7.39959759513
133	-24.5503424994	42.1189342596
134	-4.76114753779	8.04546460588
135	-1.14220504868	42.8081479373
136	0.0129182201376	18.2909196302
137	4.71648801321	19.082680908
138	-0.0556353470712	10.979673587
139	-7.75649392332	-35.740241736
140	-10.6961442386	21.1877950626
141	86.1443605823	-0.0911327305481
142	10.1176104063	-1.98948394695
143	121.578398671	-55.0938327095
144	171.817672723	-46.4468351926
145	-27.6731599177	-62.6672883315
146	42.3970200666	66.5216075557
147	21.5186020269	-28.1924393826
148	-76.5810868323	19.8804718464
149	8.35465107202	-41.7141065724
150	34.6301685493	1.46739000217
151	-3.47128930162	1.14160871295
152	30.5246606565	-65.8645178787
153	25.9553017026	2.66305523288
154	18.5514930175	-76.7534063951
155	66.004908038	-48.2114093479
156	56.7497382124	-30.6619946194
157	14.493847734	45.5562137073
158	-23.8671933781	108.544565281
159	-29.1040612555	33.9273700084
160	10.7168321207	71.0041034787
161	5.9869078058	51.2711553052
162	23.226723745	47.5101170213
163	87.6512971978	22.0977892637
164	56.7604486133	9.73458610892
165	36.7334388226	42.0417682828
166	105.975891554	81.2270911392
167	127.523652948	-89.5368386415
168	-170.805772058	8.10277743062
169	-154.003879679	-29.0475982647
170	-100.096088084	19.7299229654
171	-141.261745917	-34.6598975349
EDGE_WEIGHT_SECTION
0	69	130	70	70	77	6	168	11	56	22	113	123	151	117	130	105	96	123	180	110	71	40	1	25	36	16	66	79	64	12	40	34	137	73	160	71	62	26	86	208	159	177	141	165	25	126	165	128	157	154	44	47	165	95	10	31	17	136	174	113	180	166	101	118	67	31	72	28	16	68	105	89	61	105	14	16	12	112	68	16	76	18	74	14	154	150	91	119	165	31	167	167	145	191	169	179	166	88	57	28	68	66	75	105	72	27	14	74	68	68	173	169	30	78	89	102	94	94	136	119	87	117	162	13	162	124	164	158	160	56	15	48	9	43	18	20	11	36	23	86	10	133	178	68	79	35	79	43	35	4	73	26	79	82	64	48	111	44	72	52	52	90	57	56	134	156	171	157	102	145	
69	0	63	1	139	92	65	221	69	74	85	113	122	180	141	147	37	30	56	112	44	133	103	69	84	103	80	113	148	97	67	79	41	101	32	149	39	97	52	69	150	122	153	126	120	67	170	211	161	199	167	86	81	97	78	60	50	59	147	190	109	194	113	43	60	132	89	132	91	60	37	137	108	102	45	83	66	67	168	110	71	131	58	117	63	143	86	82	61	224	64	172	171	89	133	106	121	107	138	115	96	118	38	76	86	57	42	64	35	103	102	111	113	79	97	85	126	117	121	87	132	24	88	217	81	216	176	211	209	212	16	59	72	67	88	75	80	72	62	67	154	78	193	240	61	136	89	37	79	103	66	110	95	105	137	124	102	132	63	116	99	110	159	126	118	198	207	107	88	49	77	
130	63	0	62	200	147	127	269	129	118	148	131	137	210	173	171	34	34	7	50	20	196	165	131	147	163	142	163	209	156	129	142	104	119	81	148	72	157	115	114	96	100	140	127	87	124	230	271	215	256	213	148	142	50	95	122	113	122	167	208	125	211	106	40	67	194	146	195	150	119	73	173	143	163	60	144	125	127	218	156	130	182	121	164	122	174	61	128	67	275	118	183	181	47	80	47	68	56	199	169	158	181	92	127	124	108	104	123	67	163	161	53	66	142	152	133	179	171	158	94	181	57	118	279	142	263	223	252	254	258	79	121	132	129	151	138	142	135	115	130	213	139	244	293	96	199	145	81	130	164	127	154	156	144	188	179	165	184	123	177	162	173	220	187	181	260	253	73	36	70	23	
70	1	62	0	139	93	66	222	70	74	86	112	121	180	141	146	36	29	55	111	43	134	103	70	85	104	80	114	148	98	67	80	42	102	33	148	38	98	53	70	149	121	152	125	119	68	171	212	162	200	168	87	82	96	77	61	51	60	147	189	108	193	114	42	61	132	90	133	91	60	36	136	108	103	46	84	66	68	169	110	71	131	59	117	63	144	86	83	62	225	64	171	170	88	132	105	120	106	139	115	97	119	39	77	87	58	43	64	34	104	103	110	112	80	98	86	127	118	121	88	133	25	89	218	82	217	177	210	209	213	17	60	73	68	89	76	80	73	63	68	154	79	193	241	60	137	90	38	80	104	67	109	95	105	137	125	103	133	64	117	100	111	159	127	119	198	208	106	87	49	76	
70	139	200	139	0	114	74	130	71	103	57	152	160	152	132	149	175	166	193	250	180	40	45	70	60	40	61	76	9	91	74	80	101	192	138	199	136	89	91	140	274	214	222	185	224	80	109	136	127	137	169	77	85	234	148	79	95	82	160	187	154	193	226	168	183	30	60	47	54	81	134	116	118	79	172	56	76	73	82	84	71	64	83	84	78	191	217	139	184	118	88	190	192	211	257	236	245	232	75	55	43	68	130	123	155	128	97	77	140	90	91	240	234	70	111	134	120	115	114	196	141	156	170	118	58	126	98	139	127	126	125	81	95	73	73	68	63	68	93	78	26	61	91	123	124	55	65	144	84	37	73	91	44	107	66	50	60	128	98	78	70	53	20	14	39	74	123	238	226	167	215	
77	92	147	93	114	0	72	237	88	129	67	184	194	227	194	206	113	119	140	187	131	82	69	77	62	102	68	143	119	23	65	39	63	83	66	228	122	25	59	38	241	213	239	207	212	100	85	126	69	109	79	38	32	157	158	72	56	63	211	250	183	256	125	135	97	89	107	77	101	88	119	181	164	35	92	80	92	88	182	145	92	148	63	151	88	80	131	30	97	228	104	241	241	181	224	192	211	198	64	130	81	53	56	20	46	39	75	88	121	27	25	198	205	51	6	24	34	25	171	97	43	90	62	140	86	232	196	236	229	230	78	66	29	68	42	62	63	68	109	54	138	84	199	235	133	76	112	66	119	96	75	149	89	155	154	134	54	40	36	44	44	61	130	108	75	140	226	150	155	83	150	
6	65	127	66	74	72	0	174	16	59	22	116	126	155	122	134	101	93	120	177	107	71	40	6	24	42	17	72	83	60	8	36	28	131	67	163	70	59	20	80	207	160	179	144	165	28	125	163	125	155	149	41	43	160	96	5	25	11	140	178	116	184	160	99	112	69	37	72	34	18	67	109	93	58	99	19	20	16	118	73	20	82	12	80	17	149	144	86	113	171	34	170	171	144	190	167	178	164	86	63	31	67	60	70	99	66	23	16	73	65	64	171	168	27	73	84	99	90	99	130	114	82	111	161	19	168	130	170	164	166	51	9	43	5	40	16	18	9	39	19	91	16	139	184	70	79	41	73	47	40	3	77	31	83	88	70	46	107	39	69	49	52	94	62	56	135	162	165	152	96	141	
168	221	269	222	130	237	174	0	161	151	170	154	156	88	107	120	256	239	262	316	250	170	169	168	176	135	171	108	129	216	179	198	200	305	238	182	197	214	194	253	306	228	212	183	247	157	236	256	257	262	299	199	205	314	179	177	199	185	131	124	160	129	331	229	281	160	138	177	140	167	196	99	129	206	266	159	161	162	56	113	157	93	186	106	165	316	307	257	282	27	159	148	151	255	291	287	284	274	205	111	156	198	233	241	272	240	189	165	202	217	218	288	271	187	235	254	249	244	114	302	270	245	285	227	156	6	46	30	17	11	216	183	212	176	195	178	175	174	159	189	105	159	40	51	173	185	136	245	142	141	172	115	148	125	87	104	186	258	211	207	196	181	123	131	168	173	16	328	302	266	289	
11	69	129	70	71	88	16	161	0	46	31	103	113	140	106	119	106	95	122	179	109	78	48	12	35	34	26	57	80	75	23	51	39	145	78	150	65	73	34	94	203	151	167	131	158	14	136	175	139	167	165	55	58	166	86	17	39	26	125	163	103	169	171	97	122	73	23	80	23	10	63	94	78	72	108	19	6	2	105	58	5	68	26	64	7	164	152	100	123	159	22	156	157	140	186	165	174	161	98	50	33	78	72	85	113	80	29	6	69	79	79	169	163	41	89	99	113	105	83	141	130	89	125	169	14	155	117	155	151	153	58	23	59	20	54	29	30	22	27	34	85	12	127	173	60	87	26	84	32	35	13	62	27	68	74	58	58	122	54	82	62	62	91	58	63	139	148	173	157	107	145	
56	74	118	74	103	129	59	151	46	0	77	57	67	108	70	78	106	88	111	166	99	120	92	57	80	64	72	46	112	119	67	95	69	170	97	104	46	118	71	126	174	111	123	86	122	32	182	219	184	212	208	100	101	163	45	58	74	67	82	123	57	128	187	79	134	114	43	123	51	42	45	63	37	117	119	63	40	44	101	39	42	66	66	46	42	200	158	135	135	157	25	112	112	113	157	143	146	134	143	57	75	124	97	122	146	112	56	43	51	124	123	145	134	86	131	136	157	148	48	160	172	98	153	212	56	146	106	138	138	141	73	64	100	64	99	74	75	67	21	77	107	56	126	177	24	131	38	104	19	69	57	37	66	31	71	67	103	165	93	127	107	107	121	90	106	176	136	178	151	122	138	
22	85	148	86	57	67	22	170	31	77	0	134	144	164	132	146	120	114	141	196	128	49	18	21	6	35	6	78	65	49	19	28	46	138	82	181	92	48	35	86	229	181	198	162	187	45	105	144	109	136	139	30	35	178	117	27	39	26	154	189	134	195	171	121	127	47	42	50	36	38	89	118	107	43	115	15	37	33	115	81	35	81	28	86	36	146	160	87	128	163	53	185	186	166	212	188	200	186	67	63	15	47	73	72	103	73	44	35	95	52	52	193	190	17	66	84	87	79	110	141	106	100	117	140	22	165	129	169	162	163	70	27	42	19	27	11	6	14	58	22	78	21	133	173	90	57	48	87	61	30	23	87	22	96	87	67	27	96	43	52	32	31	77	47	34	113	159	181	171	111	161	
113	113	131	112	152	184	116	154	103	57	134	0	10	80	47	41	134	112	127	172	118	174	148	114	137	116	129	78	159	175	124	151	122	214	143	48	75	174	126	176	152	76	71	34	94	89	238	275	241	269	263	156	158	181	37	115	129	123	36	78	7	82	223	94	170	167	96	178	104	98	76	56	34	174	156	119	97	101	118	68	99	97	123	71	99	251	186	187	171	168	82	59	58	105	138	138	131	123	199	97	130	181	145	176	195	162	110	100	79	180	180	137	118	143	187	188	214	205	45	199	227	136	200	266	112	148	114	131	137	143	119	120	156	121	156	131	132	124	77	134	147	113	142	192	54	186	90	149	73	122	114	61	121	45	99	105	160	222	148	184	164	163	165	139	161	226	138	202	167	161	154	
123	122	137	121	160	194	126	156	113	67	144	10	0	78	49	39	141	120	132	175	125	184	158	124	147	125	139	86	167	185	134	161	132	222	152	39	83	184	136	185	151	73	64	28	92	99	248	285	251	279	273	166	168	187	45	125	139	133	31	72	13	75	230	101	178	176	106	188	114	108	85	60	42	184	164	129	107	111	123	76	109	104	133	79	109	260	192	197	179	172	92	50	49	107	138	140	131	124	209	105	140	191	155	185	205	172	120	110	87	190	190	139	118	153	197	198	224	215	51	207	237	144	209	275	122	150	118	132	139	145	128	130	166	131	166	141	142	134	87	144	155	123	147	196	63	196	100	158	83	132	124	69	130	54	106	113	170	232	158	194	174	173	173	148	171	234	140	208	173	169	159	
151	180	210	180	152	227	155	88	140	108	164	80	78	0	39	40	207	187	205	252	195	189	172	151	170	133	162	87	156	213	163	190	174	278	205	97	145	211	172	231	228	149	127	102	169	129	259	288	270	288	303	193	197	260	115	157	176	166	49	39	87	45	293	172	240	178	122	194	128	141	146	46	72	207	225	149	137	140	80	83	135	90	166	78	141	303	260	239	241	110	127	60	64	185	216	218	209	202	221	104	154	206	204	225	251	217	161	141	151	216	216	217	196	179	228	238	251	243	60	267	269	204	260	268	143	84	67	59	71	78	180	163	198	160	190	167	166	161	125	174	136	145	95	136	120	203	116	212	110	140	153	78	144	77	86	105	188	260	194	214	196	187	158	145	179	219	74	279	246	229	233	
117	141	173	141	132	194	122	107	106	70	132	47	49	39	0	18	169	149	167	216	157	164	143	118	138	105	129	58	138	180	129	157	137	240	167	79	107	179	137	195	199	121	108	76	140	94	232	265	241	263	270	161	164	222	78	122	141	131	30	57	54	63	254	134	201	154	90	169	98	106	108	17	33	175	186	117	102	106	78	52	102	69	131	49	106	268	222	204	202	124	91	59	61	151	185	184	178	169	194	79	124	177	167	190	214	180	124	106	112	184	184	184	165	146	195	203	219	210	23	228	236	165	223	249	111	102	71	84	91	97	142	128	165	126	158	135	134	128	88	140	121	112	100	148	82	177	84	174	75	112	119	46	114	40	69	82	158	227	159	184	164	159	142	122	153	203	92	241	209	190	195	
130	147	171	146	149	206	134	120	119	78	146	41	39	40	18	0	172	150	166	212	157	180	158	130	152	120	143	75	155	193	141	169	147	247	174	63	110	191	148	204	189	110	93	64	130	106	248	282	255	278	283	173	176	221	76	134	152	143	13	45	48	50	259	133	206	171	105	184	112	118	111	34	42	189	192	131	114	118	94	67	114	87	143	66	118	278	224	213	207	138	102	41	43	146	176	178	170	162	209	95	139	192	175	200	224	190	134	118	115	197	197	177	157	159	207	214	231	223	37	234	248	171	231	266	125	114	87	94	103	109	149	140	177	138	172	147	148	140	98	152	138	126	116	163	86	193	99	181	87	128	131	61	129	51	86	99	172	240	171	198	178	174	159	139	168	221	104	241	207	195	194	
105	37	34	36	175	113	101	256	106	106	120	134	141	207	169	172	0	22	29	78	23	166	137	105	118	140	114	148	183	123	101	110	74	91	47	161	62	123	85	80	130	122	159	139	113	103	196	237	181	222	179	116	110	60	97	96	82	94	170	212	129	216	89	43	40	166	126	165	127	96	62	166	136	131	29	119	102	104	203	143	107	166	92	151	99	143	53	94	40	259	99	191	189	75	114	81	101	88	167	151	132	148	58	93	91	74	78	100	57	130	128	87	97	112	118	99	145	137	150	69	147	23	86	247	117	250	210	243	243	246	50	94	99	102	119	109	114	107	97	100	190	114	228	276	87	169	125	47	114	139	102	142	131	135	172	160	134	150	91	145	130	143	195	162	152	231	241	72	52	38	41	
96	30	34	29	166	119	93	239	95	88	114	112	120	187	149	150	22	0	27	84	14	162	131	97	113	129	108	132	175	125	95	109	70	110	54	140	43	126	81	90	122	103	139	117	97	90	199	240	188	227	190	116	111	76	75	88	79	88	148	190	107	194	111	22	60	160	113	162	116	85	43	147	117	132	48	110	91	93	187	126	96	150	87	133	88	160	74	104	61	244	85	169	168	62	105	76	92	79	168	137	124	148	63	101	105	82	70	89	37	132	130	82	86	109	124	109	152	144	131	90	157	33	103	247	108	233	193	224	225	229	46	87	101	95	118	104	108	101	82	97	179	105	212	261	68	166	111	56	98	130	93	124	122	116	156	146	132	158	92	146	129	140	186	153	147	226	224	92	65	56	52	
123	56	7	55	193	140	120	262	122	111	141	127	132	205	167	166	29	27	0	57	13	189	158	124	140	156	135	157	202	150	122	135	97	116	74	146	66	150	108	109	101	100	139	124	88	117	223	264	209	249	208	141	136	55	90	115	106	115	163	204	121	207	106	34	64	187	139	188	143	112	67	167	137	157	56	137	118	120	212	150	123	176	114	157	115	171	63	123	64	268	111	180	178	49	85	52	72	60	193	163	151	174	85	121	119	102	97	116	60	156	155	58	69	135	146	128	174	165	152	92	176	51	114	273	135	256	217	246	248	252	72	114	126	122	144	131	135	128	108	123	206	132	237	287	90	192	138	75	124	157	120	147	149	138	181	173	158	178	117	171	155	166	213	180	174	253	247	77	42	66	28	
180	112	50	111	250	187	177	316	179	166	196	172	175	252	216	212	78	84	57	0	70	243	214	181	195	213	191	212	259	199	178	188	151	140	123	178	121	200	162	150	79	122	162	160	102	174	272	313	254	295	244	194	187	39	138	172	160	170	206	245	165	247	111	87	94	243	196	242	200	169	122	219	188	208	95	194	175	177	267	205	180	231	169	212	172	198	68	164	93	323	168	217	215	69	71	41	64	61	244	218	208	226	134	167	155	149	154	173	115	206	204	46	71	190	193	169	218	210	203	113	216	100	145	324	192	310	271	298	301	305	126	170	177	178	197	186	191	184	165	178	263	189	292	342	143	246	195	122	179	214	177	201	206	191	237	228	212	220	168	222	207	220	270	237	229	309	300	65	33	104	37	
110	44	20	43	180	131	107	250	109	99	128	118	125	195	157	157	23	14	13	70	0	176	145	111	127	143	122	144	189	139	109	123	84	114	65	141	53	139	95	100	110	99	137	119	90	104	212	253	200	240	200	129	124	65	81	102	93	102	154	196	112	199	109	24	62	174	126	176	130	99	54	157	126	145	52	124	105	107	199	137	110	163	101	145	102	166	68	114	63	256	98	173	171	53	93	63	80	67	181	150	138	162	75	112	113	93	84	103	48	145	144	68	75	123	136	119	164	156	141	92	167	42	109	261	122	244	204	235	236	240	60	101	114	109	132	118	122	115	95	111	193	119	225	274	78	180	125	66	111	144	107	135	136	126	169	160	146	169	105	159	143	154	200	167	161	240	235	84	53	61	39	
71	133	196	134	40	82	71	170	78	120	49	174	184	189	164	180	166	162	189	243	176	0	31	70	49	60	55	106	42	59	67	58	92	164	124	222	141	57	81	115	278	228	243	206	236	90	70	102	87	100	129	53	61	222	162	76	84	74	189	220	176	226	204	170	166	11	78	7	70	86	138	148	144	47	157	59	83	80	122	113	80	99	76	115	84	156	201	110	167	156	98	220	222	215	261	237	249	235	35	86	45	31	113	97	127	107	93	83	144	56	58	242	239	54	78	105	82	79	143	174	103	145	143	92	65	166	138	179	167	166	117	75	72	68	49	58	54	63	103	66	66	66	131	159	136	15	84	128	102	53	72	120	54	132	103	84	33	90	78	41	41	24	51	44	15	66	163	222	217	150	207	
40	103	165	103	45	69	40	169	48	92	18	148	158	172	143	158	137	131	158	214	145	31	0	39	19	39	24	86	52	47	36	35	63	147	97	196	110	46	52	95	247	199	215	178	205	62	91	127	99	121	133	32	40	195	134	45	55	44	166	200	149	206	182	139	141	29	54	32	46	56	107	128	120	38	130	30	54	50	115	91	51	85	45	95	54	148	175	94	142	159	69	197	199	184	230	206	218	204	52	68	19	35	87	78	110	84	62	53	113	48	49	211	208	26	67	89	82	75	121	152	102	117	125	122	36	164	130	171	162	163	88	44	50	37	28	28	23	32	75	37	69	37	130	166	108	39	60	101	75	32	41	98	29	109	90	70	17	91	54	42	27	16	64	39	16	95	159	196	188	125	178	
1	69	131	70	70	77	6	168	12	57	21	114	124	151	118	130	105	97	124	181	111	70	39	0	24	36	16	67	79	63	12	39	34	137	73	161	72	61	26	86	209	160	177	142	166	26	126	164	127	156	153	43	46	165	96	10	31	17	136	174	114	180	166	102	118	66	32	71	29	17	69	105	89	60	105	14	17	13	113	69	16	76	18	75	15	154	150	91	119	165	32	167	168	146	192	170	180	167	87	57	28	68	66	75	105	72	27	14	75	67	67	174	170	29	77	89	101	93	95	136	118	87	117	161	13	163	124	164	158	160	56	15	48	9	42	17	19	10	37	23	86	10	133	178	69	78	36	79	43	34	4	73	26	79	82	65	47	110	44	71	51	52	90	57	55	133	156	171	157	102	146	
25	84	147	85	60	62	24	176	35	80	6	137	147	170	138	152	118	113	140	195	127	49	19	24	0	41	9	83	68	44	18	23	44	133	79	184	94	42	33	81	230	184	201	166	189	49	102	140	105	132	133	24	30	176	120	28	37	25	159	195	137	201	167	121	124	48	48	49	42	41	91	124	112	38	113	21	40	37	121	87	39	87	27	92	39	141	158	82	125	168	56	190	191	167	213	188	200	187	63	69	20	44	70	66	98	69	44	38	96	47	47	193	191	11	61	79	82	74	115	137	100	98	112	138	27	171	135	175	168	169	69	26	37	20	21	9	6	15	61	19	82	26	138	178	93	55	54	84	66	35	25	93	28	101	93	73	23	90	38	47	28	28	80	51	34	114	165	179	170	108	159	
36	103	163	104	40	102	42	135	34	64	35	116	125	133	105	120	140	129	156	213	143	60	39	36	41	0	36	47	49	84	45	63	70	170	109	164	97	82	62	119	234	175	185	148	185	41	128	162	138	158	172	65	70	200	109	46	67	52	129	162	118	168	201	130	154	51	21	64	14	44	95	90	85	76	141	24	38	36	80	53	33	46	53	56	41	181	186	122	155	130	48	160	162	172	217	198	206	193	89	29	22	74	102	106	137	105	62	40	101	86	86	201	194	52	101	119	120	113	83	171	140	123	150	150	23	130	94	134	127	128	92	51	77	43	61	43	40	39	53	54	51	26	99	142	85	73	26	115	45	8	40	60	13	73	52	32	56	129	76	81	65	55	59	26	48	112	124	207	191	138	179	
16	80	142	80	61	68	17	171	26	72	6	129	139	162	129	143	114	108	135	191	122	55	24	16	9	36	0	76	69	51	13	29	40	136	78	176	87	50	30	84	223	175	193	157	181	40	110	149	113	141	141	32	36	173	111	21	35	21	150	186	129	192	168	115	123	53	40	56	34	32	84	116	103	46	111	13	32	28	116	79	30	81	22	84	30	147	156	86	124	165	47	181	182	160	206	182	194	181	72	62	18	52	69	71	102	71	38	30	90	55	55	187	184	17	67	83	90	81	106	138	107	95	115	146	19	166	129	169	163	164	65	21	41	13	29	8	5	8	52	19	81	17	134	176	84	63	46	84	57	31	17	84	23	92	87	68	32	98	41	56	36	36	81	50	40	119	160	177	166	107	155	
66	113	163	114	76	143	72	108	57	46	78	78	86	87	58	75	148	132	157	212	144	106	86	67	83	47	76	0	82	127	78	104	95	201	131	125	91	125	91	151	217	148	149	112	162	50	175	207	184	205	216	107	111	208	85	74	96	83	84	115	82	121	224	125	173	96	36	111	42	61	90	43	44	120	158	63	56	58	55	10	53	21	83	9	60	220	199	157	174	112	51	115	117	158	200	188	190	179	136	21	67	120	127	141	170	137	83	60	97	130	130	191	178	93	142	155	165	157	38	196	183	137	182	192	57	103	63	99	96	99	108	80	114	75	104	82	80	75	51	89	69	59	81	131	69	119	31	138	34	55	70	17	57	33	25	27	101	173	110	127	110	102	88	64	95	149	94	220	196	158	183	
79	148	209	148	9	119	83	129	80	112	65	159	167	156	138	155	183	175	202	259	189	42	52	79	68	49	69	82	0	96	82	87	109	199	147	206	145	95	99	147	283	223	230	193	233	89	109	133	129	136	171	84	92	242	157	88	104	90	166	191	162	197	234	177	192	32	69	49	63	90	143	121	125	84	180	65	85	82	83	91	80	69	91	91	87	196	225	146	193	114	97	196	198	220	266	245	254	241	77	62	52	72	138	130	162	136	106	86	149	95	96	249	243	78	116	141	124	119	120	204	145	164	177	112	67	125	99	139	127	125	134	90	102	82	80	76	71	77	102	87	24	70	89	118	133	56	74	152	93	46	82	98	53	114	71	56	66	132	106	81	76	59	12	23	44	67	123	246	235	176	224	
64	97	156	98	91	23	60	216	75	119	49	175	185	213	180	193	123	125	150	199	139	59	47	63	44	84	51	127	96	0	52	24	60	106	76	222	120	2	53	57	247	212	235	202	213	88	74	115	67	102	90	20	18	173	153	61	51	53	199	237	175	243	146	139	114	66	91	54	85	77	117	167	152	12	107	64	79	76	162	130	79	130	54	135	77	101	148	52	114	206	94	230	231	185	230	201	217	204	45	112	62	30	65	39	68	53	69	76	120	7	5	207	209	34	20	46	39	30	157	117	57	100	85	125	70	211	177	218	209	210	81	56	25	55	23	46	47	53	98	42	116	68	177	213	127	54	97	78	106	77	62	135	71	142	135	116	31	47	34	23	21	38	107	86	52	118	206	169	170	99	162	
12	67	129	67	74	65	8	179	23	67	19	124	134	163	129	141	101	95	122	178	109	67	36	12	18	45	13	78	82	52	0	28	27	126	65	171	76	51	17	75	212	166	186	151	171	36	118	157	117	148	142	33	35	160	103	10	22	8	147	185	124	191	157	103	110	65	43	67	40	26	73	117	100	50	98	21	27	24	123	80	28	87	9	86	25	142	143	79	111	175	42	178	179	149	195	170	182	169	80	69	31	60	57	63	93	61	26	24	78	57	56	175	173	19	66	77	91	82	106	127	107	82	106	156	24	173	136	176	170	171	52	8	36	3	32	9	13	6	47	11	93	21	144	187	77	73	47	71	54	42	10	85	33	90	93	75	40	99	32	62	42	46	94	63	52	131	167	164	153	94	142	
40	79	142	80	80	39	36	198	51	95	28	151	161	190	157	169	110	109	135	188	123	58	35	39	23	63	29	104	87	24	28	0	40	112	66	198	98	23	30	60	229	190	212	178	192	64	94	135	90	123	114	7	7	165	129	37	31	29	175	213	151	219	148	121	108	61	68	55	62	53	95	144	128	25	99	41	55	52	143	107	55	109	30	112	53	118	143	60	109	191	70	206	207	167	212	185	200	186	59	91	43	39	55	44	76	50	47	52	99	29	29	190	191	12	38	56	63	54	134	118	79	88	91	138	47	193	157	197	190	191	63	32	15	31	9	23	24	30	74	18	103	45	161	200	103	59	74	70	82	58	38	112	50	118	115	95	25	71	20	38	20	34	99	73	47	122	187	164	160	92	151	
34	41	104	42	101	63	28	200	39	69	46	122	132	174	137	147	74	70	97	151	84	92	63	34	44	70	40	95	109	60	27	40	0	106	39	165	60	60	11	58	189	152	177	144	153	46	133	174	127	162	142	46	43	133	95	24	9	20	151	191	120	197	132	81	84	92	62	92	61	34	57	128	105	64	71	47	39	38	144	94	43	107	18	101	36	132	116	67	85	198	47	180	180	127	172	146	160	146	98	89	58	78	33	54	77	43	13	36	60	67	65	151	151	39	66	67	95	86	114	102	106	55	87	177	47	194	155	193	189	192	25	20	36	28	48	35	40	33	49	27	119	44	166	212	70	96	65	45	64	68	30	96	59	98	113	97	62	102	28	77	59	70	121	90	78	158	187	137	126	68	115	
137	101	119	102	192	83	131	305	145	170	138	214	222	278	240	247	91	110	116	140	114	164	147	137	133	170	136	201	199	106	126	112	106	0	73	248	139	107	111	53	211	213	249	226	204	151	159	195	133	175	110	115	107	102	179	128	106	120	248	290	210	294	44	132	53	170	168	160	165	140	138	232	207	118	63	146	145	144	249	200	149	212	119	206	142	59	72	54	52	300	152	272	271	165	198	162	186	175	147	194	153	136	74	69	38	65	119	142	136	110	108	169	185	122	89	60	101	98	218	27	90	80	22	217	149	299	261	299	295	297	98	122	97	129	119	129	133	131	153	118	215	147	269	311	161	159	171	66	169	167	133	202	158	201	218	201	134	100	96	127	124	142	210	184	156	223	292	83	107	55	109	
73	32	81	33	138	66	67	238	78	97	82	143	152	205	167	174	47	54	74	123	65	124	97	73	79	109	78	131	147	76	65	66	39	73	0	180	69	77	48	38	175	153	185	157	150	81	150	191	135	175	137	72	65	99	109	63	43	58	176	218	139	222	94	73	45	126	100	121	100	71	67	160	134	85	34	85	77	76	182	129	81	145	56	136	73	111	79	52	46	236	81	201	201	116	158	126	145	132	121	127	96	103	11	47	54	28	49	73	66	83	81	132	139	71	72	56	100	91	145	65	103	24	58	201	86	232	193	230	226	229	25	58	54	66	75	71	76	71	81	61	157	83	205	251	89	124	102	7	98	106	69	130	97	128	151	136	91	104	46	99	85	100	158	128	111	188	224	100	94	29	86	
160	149	148	148	199	228	163	182	150	104	181	48	39	97	79	63	161	140	146	178	141	222	196	161	184	164	176	125	206	222	171	198	165	248	180	0	111	221	170	215	137	59	30	23	80	136	286	323	288	316	307	203	204	197	72	161	173	169	51	73	47	73	249	118	200	215	144	226	152	145	113	94	81	221	187	167	144	148	156	115	146	142	168	117	146	290	208	228	201	201	129	43	39	109	127	139	124	120	247	144	178	228	184	218	234	203	154	147	114	227	226	136	112	190	231	230	259	250	88	230	271	168	237	314	160	177	150	155	165	172	157	166	200	168	203	178	179	171	124	180	193	160	179	226	96	234	138	186	121	170	161	108	169	92	143	152	207	266	193	231	211	211	212	187	209	273	167	221	183	193	170	
71	39	72	38	136	122	70	197	65	46	92	75	83	145	107	110	62	43	66	121	53	141	110	72	94	97	87	91	145	120	76	98	60	139	69	111	0	119	68	105	138	92	118	89	95	56	192	232	187	221	200	105	102	118	40	66	69	71	110	152	71	156	149	34	96	138	78	142	83	56	3	104	74	123	82	84	60	63	146	84	65	111	69	92	59	180	115	117	97	203	49	133	132	75	121	101	109	96	155	98	98	135	74	108	123	92	52	60	6	126	125	105	98	94	125	120	154	145	88	125	164	61	126	231	79	191	151	182	183	187	47	69	96	74	105	85	88	79	45	82	145	77	172	222	25	149	75	75	59	99	70	82	92	73	116	108	116	161	87	136	116	122	156	123	126	204	182	134	106	86	92	
62	97	157	98	89	25	59	214	73	118	48	174	184	211	179	191	123	126	150	200	139	57	46	61	42	82	50	125	95	2	51	23	60	107	77	221	119	0	52	58	247	211	235	201	213	87	74	115	68	102	92	18	17	174	152	60	51	52	197	235	174	241	147	139	115	64	89	53	83	76	117	165	150	11	108	62	78	74	161	128	77	128	53	133	76	103	149	53	115	204	93	228	229	185	230	201	218	204	44	110	60	29	66	40	70	54	69	75	120	7	6	207	209	33	22	48	40	32	156	118	58	101	86	124	68	210	175	216	208	208	81	55	25	54	21	44	45	51	97	41	114	67	176	211	126	52	95	79	104	75	61	134	69	140	134	114	29	49	34	22	19	36	105	84	51	117	204	170	171	100	163	
26	52	115	53	91	59	20	194	34	71	35	126	136	172	137	148	85	81	108	162	95	81	52	26	33	62	30	91	99	53	17	30	11	111	48	170	68	52	0	60	200	160	183	150	162	43	124	165	119	153	138	37	35	143	100	17	5	10	153	192	124	198	140	91	93	81	57	81	54	31	65	126	106	55	81	38	36	34	138	91	39	102	9	98	32	131	126	67	94	191	47	182	182	137	183	157	170	157	88	83	48	68	40	53	80	46	17	32	69	59	57	162	161	28	61	66	89	80	114	110	102	65	91	167	39	188	150	189	184	186	36	11	30	19	38	24	29	23	50	16	110	36	159	204	75	85	60	54	62	59	23	94	50	98	108	90	51	96	23	68	49	59	111	80	67	147	182	147	137	77	126	
86	69	114	70	140	38	80	253	94	126	86	176	185	231	195	204	80	90	109	150	100	115	95	86	81	119	84	151	147	57	75	60	58	53	38	215	105	58	60	0	210	191	222	193	187	103	123	163	104	145	100	63	55	120	144	77	56	69	207	249	173	254	89	110	59	120	117	110	114	91	102	185	163	69	56	95	96	94	198	151	99	161	68	158	92	75	93	14	60	248	105	234	234	152	193	161	180	167	101	143	101	87	31	18	20	15	71	92	103	62	60	167	175	70	44	19	68	60	172	60	68	59	32	178	98	248	210	249	244	246	58	71	45	77	67	76	80	80	107	65	163	95	218	259	122	110	120	34	121	114	82	154	106	156	167	150	83	70	43	80	74	91	158	132	105	175	241	112	119	46	114	
208	150	96	149	274	241	207	306	203	174	229	152	151	228	199	189	130	122	101	79	110	278	247	209	230	234	223	217	283	247	212	229	189	211	175	137	138	247	200	210	0	79	111	126	59	194	320	361	310	349	309	235	231	117	132	203	198	205	179	209	146	209	188	109	161	275	214	279	220	194	141	208	180	252	156	222	198	201	266	208	203	238	204	213	197	269	144	224	161	319	186	179	176	63	17	50	30	43	287	230	236	267	185	222	220	203	186	198	134	253	252	43	40	227	246	229	274	266	194	185	277	152	213	366	217	300	265	283	289	295	166	204	222	210	237	221	225	216	181	215	280	215	292	343	150	284	210	176	192	237	207	202	230	187	241	240	250	279	213	266	248	258	293	260	263	342	290	144	107	166	102	
159	122	100	121	214	213	160	228	151	111	181	76	73	149	121	110	122	103	100	122	99	228	199	160	184	175	175	148	223	212	166	190	152	213	153	59	92	211	160	191	79	0	41	47	21	138	283	323	279	313	289	196	194	145	67	156	161	162	100	131	70	131	206	82	161	223	154	231	162	143	95	131	107	214	150	170	146	149	193	138	149	168	161	143	145	263	161	204	162	244	131	101	98	55	68	81	65	62	246	165	183	226	160	198	207	179	143	146	92	218	217	78	53	185	217	207	246	237	120	191	254	136	206	320	164	223	190	204	212	218	136	160	188	164	197	175	178	169	125	173	216	163	218	268	92	238	149	158	130	180	159	132	176	116	171	174	206	253	179	227	207	211	232	201	214	287	213	172	131	159	120	
177	153	140	152	222	239	179	212	167	123	198	71	64	127	108	93	159	139	139	162	137	243	215	177	201	185	193	149	230	235	186	212	177	249	185	30	118	235	183	222	111	41	0	37	60	153	303	341	302	333	318	218	218	186	83	176	185	183	81	101	68	100	245	117	198	236	165	246	173	161	121	122	105	236	186	185	162	166	185	139	164	168	182	142	163	296	201	235	199	231	146	71	67	96	104	122	103	102	264	168	198	245	191	226	239	210	166	163	119	241	240	117	92	205	243	237	271	262	115	228	282	170	240	335	179	207	179	185	195	202	164	181	213	183	218	194	196	187	141	195	218	178	208	256	109	254	159	190	141	191	177	132	189	116	170	176	224	279	204	248	228	229	236	209	229	296	197	212	172	194	160	
141	126	127	125	185	207	144	183	131	86	162	34	28	102	76	64	139	117	124	160	119	206	178	142	166	148	157	112	193	202	151	178	144	226	157	23	89	201	150	193	126	47	37	0	68	117	267	305	268	298	286	183	184	177	50	141	152	149	53	86	31	87	227	96	177	199	128	209	136	126	91	88	68	201	164	149	126	130	151	102	128	131	148	105	127	268	187	206	178	200	110	58	55	91	115	122	110	104	229	131	161	209	162	196	211	181	133	128	91	207	206	120	97	170	210	208	238	229	79	207	250	146	214	298	142	177	146	157	166	172	135	146	180	148	183	159	161	152	105	160	181	142	175	224	75	217	122	163	104	154	142	95	152	79	133	139	189	246	171	213	193	193	199	172	192	259	167	200	163	171	149	
165	120	87	119	224	212	165	247	158	122	187	94	92	169	140	130	113	97	88	102	90	236	205	166	189	185	181	162	233	213	171	192	153	204	150	80	95	213	162	187	59	21	60	68	0	146	286	326	280	315	287	199	196	129	78	161	162	165	121	152	87	152	193	77	151	231	164	237	171	150	98	149	123	217	142	177	153	156	209	153	157	182	164	157	152	256	148	201	152	262	138	122	119	40	47	62	44	42	249	177	191	229	158	196	202	177	146	153	93	220	218	57	32	188	217	205	246	237	137	180	252	130	199	326	172	242	208	224	231	237	135	164	189	169	200	180	183	174	133	176	228	170	235	285	100	244	160	153	141	189	164	146	184	131	185	187	210	252	180	230	210	217	243	211	221	296	232	156	115	151	105	
25	67	124	68	80	100	28	157	14	32	45	89	99	129	94	106	103	90	117	174	104	90	62	26	49	41	40	50	89	88	36	64	46	151	81	136	56	87	43	103	194	138	153	117	146	0	150	189	153	181	177	69	71	163	72	28	47	37	112	150	89	156	175	89	124	85	23	93	27	12	54	83	65	86	110	32	9	13	102	49	11	64	37	55	12	174	153	110	125	157	8	142	143	131	177	157	165	152	112	48	45	92	78	96	122	88	33	12	61	93	92	161	154	55	101	109	127	118	71	146	142	90	133	182	26	151	112	149	145	148	59	34	71	33	68	43	44	36	13	47	90	25	126	173	46	101	22	88	19	44	26	51	38	55	70	57	72	135	65	96	76	76	100	67	76	150	143	174	154	109	141	
126	170	230	171	109	85	125	236	136	182	105	238	248	259	232	248	196	199	223	272	212	70	91	126	102	128	110	175	109	74	118	94	133	159	150	286	192	74	124	123	320	283	303	267	286	150	0	41	31	31	78	87	90	242	221	128	124	122	256	289	239	295	203	213	182	81	144	65	136	142	189	217	210	69	177	119	142	138	191	181	140	169	123	184	140	126	215	111	182	220	157	287	289	259	303	275	291	277	39	155	109	58	139	105	125	123	140	140	193	67	69	280	283	99	79	105	58	63	211	178	72	174	141	59	126	233	207	247	235	234	155	124	99	120	87	109	107	116	162	110	133	126	197	218	194	56	150	150	165	120	126	187	119	199	173	154	79	59	108	56	76	75	113	114	80	83	231	234	240	168	235	
165	211	271	212	136	126	163	256	175	219	144	275	285	288	265	282	237	240	264	313	253	102	127	164	140	162	149	207	133	115	157	135	174	195	191	323	232	115	165	163	361	323	341	305	326	189	41	0	62	21	99	128	131	282	259	167	165	161	291	321	276	327	239	254	222	111	180	98	172	180	229	249	246	110	218	157	180	176	216	215	178	199	163	216	179	154	255	151	222	236	196	322	324	300	344	316	332	318	77	187	145	97	180	146	163	164	180	178	233	108	110	321	324	138	120	145	96	103	245	215	105	215	178	38	163	253	232	271	257	255	196	163	140	159	127	148	145	154	201	150	156	164	218	229	232	89	186	191	202	155	164	222	155	234	202	184	117	95	149	97	116	113	135	144	114	86	253	273	281	209	276	
128	161	215	162	127	69	125	257	139	184	109	241	251	270	241	255	181	188	209	254	200	87	99	127	105	138	113	184	129	67	117	90	127	133	135	288	187	68	119	104	310	279	302	268	280	153	31	62	0	43	47	85	85	222	219	127	118	119	263	298	241	304	177	204	162	97	151	80	144	143	184	226	216	67	160	124	144	140	208	189	143	182	120	193	142	95	195	91	162	242	159	294	295	250	293	261	280	267	52	166	117	64	125	88	102	107	136	141	187	61	62	267	274	98	64	85	36	44	219	154	43	159	117	88	131	253	224	265	254	253	145	122	91	120	85	110	109	117	164	108	152	130	217	243	193	73	157	134	170	130	127	196	127	205	187	167	83	34	100	58	77	83	135	130	92	113	250	212	223	150	218	
157	199	256	200	137	109	155	262	167	212	136	269	279	288	263	278	222	227	249	295	240	100	121	156	132	158	141	205	136	102	148	123	162	175	175	316	221	102	153	145	349	313	333	298	315	181	31	21	43	0	78	117	119	265	251	158	153	151	287	319	269	325	219	241	204	110	175	94	167	172	218	247	241	99	201	150	172	168	219	211	170	199	152	214	171	133	237	133	205	243	188	318	320	287	332	301	319	306	70	185	140	89	165	129	144	148	170	170	222	96	97	307	311	129	104	127	78	85	241	196	85	199	159	56	157	259	235	274	262	260	183	153	127	150	116	139	137	146	193	140	159	157	223	239	224	86	181	175	196	151	156	218	150	230	202	184	109	76	136	86	106	106	139	144	110	98	257	254	264	191	259	
154	167	213	168	169	79	149	299	165	208	139	263	273	303	270	283	179	190	208	244	200	129	133	153	133	172	141	216	171	90	142	114	142	110	137	307	200	92	138	100	309	289	318	286	287	177	78	99	47	78	0	110	107	209	237	150	135	141	289	327	262	333	152	210	151	139	181	122	175	166	197	257	242	97	153	154	169	165	247	220	169	217	142	225	166	58	179	86	151	285	183	319	320	252	293	259	280	267	95	200	150	101	129	92	89	110	154	165	199	87	87	266	275	124	77	82	52	60	247	135	36	159	99	132	160	295	263	304	294	294	154	144	108	145	113	136	137	143	187	131	194	158	259	287	212	116	187	134	196	164	152	225	160	232	223	203	116	43	115	92	107	119	179	169	131	160	291	193	212	143	210	
44	86	148	87	77	38	41	199	55	100	30	156	166	193	161	173	116	116	141	194	129	53	32	43	24	65	32	107	84	20	33	7	46	115	72	203	105	18	37	63	235	196	218	183	199	69	87	128	85	117	110	0	8	170	135	42	37	35	179	217	156	223	152	127	114	57	71	50	65	58	102	147	132	18	104	44	60	56	144	110	59	111	36	115	58	118	148	62	114	191	75	210	211	173	218	192	206	192	52	93	43	33	61	46	78	54	53	57	106	24	24	197	197	15	37	57	58	50	138	122	76	94	93	132	50	194	158	199	191	192	70	37	19	36	4	26	27	33	79	23	101	49	161	198	109	53	77	75	86	58	43	116	52	122	117	97	20	67	26	31	14	29	95	71	42	117	188	169	166	98	157	
47	81	142	82	85	32	43	205	58	101	35	158	168	197	164	176	110	111	136	187	124	61	40	46	30	70	36	111	92	18	35	7	43	107	65	204	102	17	35	55	231	194	218	184	196	71	90	131	85	119	107	8	0	163	135	43	34	35	182	220	157	226	144	123	106	65	75	58	69	60	100	151	135	21	97	48	62	59	150	114	62	116	36	119	60	111	140	54	106	198	76	213	213	169	214	187	202	188	57	98	50	39	54	38	70	46	52	59	103	24	23	192	193	19	31	50	56	47	141	114	72	87	85	137	54	200	164	204	197	198	65	38	11	38	12	30	31	37	81	24	109	52	168	206	109	60	81	68	89	65	45	119	57	125	122	102	28	64	19	35	21	37	103	79	50	125	194	161	159	90	150	
165	97	50	96	234	157	160	314	166	163	178	181	187	260	222	221	60	76	55	39	65	222	195	165	176	200	173	208	242	173	160	165	133	102	99	197	118	174	143	120	117	145	186	177	129	163	242	282	222	265	209	170	163	0	145	155	140	153	217	258	175	261	72	88	61	224	186	220	187	156	119	222	191	183	66	178	162	164	263	202	167	226	151	209	159	160	30	132	60	319	159	233	231	91	106	72	97	90	218	211	191	201	110	137	122	120	138	160	112	179	177	79	101	169	163	138	187	180	206	75	183	78	110	297	177	309	269	300	301	304	109	153	152	161	174	167	172	166	157	158	250	174	288	336	143	222	185	95	174	199	161	200	190	191	232	220	190	189	145	196	183	198	254	221	209	287	299	28	14	74	28	
95	78	95	77	148	158	96	179	86	45	117	37	45	115	78	76	97	75	90	138	81	162	134	96	120	109	111	85	157	153	103	129	95	179	109	72	40	152	100	144	132	67	83	50	78	72	221	259	219	251	237	135	135	145	0	94	102	100	73	115	32	119	186	57	134	157	88	165	95	79	42	81	50	153	120	104	80	84	135	76	83	106	99	81	81	219	149	156	135	190	65	94	93	76	116	108	107	96	182	99	117	163	113	146	163	131	84	82	43	158	157	109	94	122	161	158	189	180	65	163	201	100	166	254	98	173	136	160	163	168	86	98	130	101	135	112	114	105	59	112	150	97	161	212	27	173	83	115	64	114	95	70	110	56	109	109	142	196	122	165	145	147	166	135	148	220	163	165	131	125	118	
