NAME:	instance_0-triangle
TYPE:	VRPRDL
DIMENSION:	50
CAPACITY:	750
TIME_HORIZON:	720
NUM_CUSTOMERS:	16
NODE_COORD_SECTION
1	0.0	0.0
2	56.2532144748	-69.2578896847
3	-14.1870798974	-52.9823885101
4	22.574492206	-57.980851672
5	-16.289416621	-67.6834834203
6	-6.78723062505	-5.68872101662
7	104.176465928	-42.3455818347
8	110.365389878	-12.92023567
9	32.2839185697	-0.802938568322
10	-31.9655938151	-20.3051117806
11	-57.7078226465	-9.25363002844
12	-10.4808019598	76.2279521551
13	-14.5949040015	19.1364080626
14	156.141387273	3.65131718547
15	137.601196021	34.7740008891
16	142.989453624	22.4091379457
17	2.96105105681	12.7763915194
18	73.5108633682	-6.4869676261
19	4.91896723279	-8.768345145
20	15.1757240844	-15.5994881676
21	2.29964167791	-2.57845262884
22	-32.1824702832	139.093712237
23	17.1282250862	25.6983610993
24	-7.04456023971	-5.09460313557
25	23.3566253986	-11.7090887706
26	-0.911724038009	3.03035573664
27	-9.85374519095	-45.0702713541
28	12.4155897465	-28.9012896547
29	11.653012294	-28.1089341402
30	-14.6382934583	-40.812524617
31	-16.4415450486	-41.8633984681
32	-63.0780252326	17.2328264044
33	-85.5979985797	130.698385684
34	-50.9922403836	12.1974856666
35	-47.5257401183	65.2347557408
36	-8.88119517924	166.802719642
37	-27.9202784068	121.985596166
38	22.770881803	122.341797788
39	-35.2727060808	162.005644099
40	77.3666438012	-51.6681319363
41	68.7476764304	-69.877067444
42	7.80096513036	-69.6131392372
43	76.0002567646	-54.1646257802
44	-72.2891312988	24.6514353909
45	47.0501724498	77.5566283235
46	-11.6219882222	101.520696886
47	5.29130983859	-51.3654896731
48	16.379445541	8.92172309327
49	11.230377127	8.68850457301
50	-41.5747462216	22.0260583138
EDGE_WEIGHT_SECTION
0	89	55	62	70	9	112	111	32	38	58	77	24	156	142	145	13	74	10	21	3	143	31	9	26	3	46	31	30	43	45	65	156	52	81	167	125	124	166	93	97	70	93	76	91	102	52	19	14	47	
89	0	72	36	72	90	55	78	73	101	129	160	113	123	132	126	98	65	79	68	86	226	103	90	66	92	70	60	61	76	77	147	245	135	170	245	209	195	249	27	13	48	25	159	147	184	54	88	90	134	
55	72	0	37	15	48	119	131	70	37	62	129	72	179	175	174	68	99	48	48	53	193	85	48	56	58	9	36	36	12	11	86	197	75	123	219	175	179	216	92	85	28	90	97	144	154	20	69	67	80	
62	36	37	0	40	60	83	99	58	66	94	138	86	147	148	145	73	72	52	43	59	204	84	61	46	65	35	31	32	41	42	114	217	102	142	227	186	180	227	55	48	19	54	126	138	163	19	67	68	103	
70	72	15	40	0	63	123	138	82	50	72	144	87	187	185	183	82	109	63	61	68	207	99	63	68	72	24	48	48	27	26	97	210	87	137	234	190	193	230	95	85	24	93	108	158	169	27	83	81	93	
9	90	48	60	63	0	117	117	39	29	51	82	26	163	150	152	21	80	12	24	10	147	39	1	31	11	40	30	29	36	37	61	158	48	82	172	129	131	170	96	99	65	96	72	99	107	47	27	23	44	
112	55	119	83	123	117	0	30	83	138	165	165	134	69	84	75	115	47	105	93	109	227	110	117	86	114	114	93	94	119	121	177	257	164	186	238	211	184	247	28	45	100	31	188	133	185	99	102	106	159	
111	78	131	99	138	117	30	0	79	142	168	150	129	49	55	48	110	37	106	95	108	208	101	118	87	112	124	99	100	128	130	176	243	163	176	215	193	161	228	51	71	117	54	186	110	167	112	96	101	155	
32	73	70	58	82	39	83	79	0	67	90	88	51	124	111	113	32	42	29	23	30	154	31	40	14	33	61	34	34	62	64	97	177	84	104	173	137	124	176	68	78	73	69	108	80	111	57	19	23	77	
38	101	37	66	50	29	138	142	67	0	28	99	43	189	178	180	48	106	39	47	39	159	67	29	56	39	33	45	44	27	27	49	160	38	87	189	142	153	182	114	112	63	113	60	126	124	49	56	52	43	
58	129	62	94	72	51	165	168	90	28	0	97	52	214	200	203	65	131	63	73	60	150	83	51	81	58	59	73	72	53	53	27	143	22	75	182	134	154	173	142	140	89	141	37	136	120	75	76	71	35	
77	160	129	138	144	82	165	150	88	99	97	0	57	182	154	163	65	118	86	95	80	67	58	81	94	74	121	107	106	117	118	79	93	76	39	90	49	57	89	155	166	147	156	81	58	25	129	72	71	62	
24	113	72	86	87	26	134	129	51	43	52	57	0	171	153	158	19	92	34	45	27	121	32	25	49	21	64	55	54	60	61	49	132	37	57	147	104	110	144	116	121	91	117	58	85	82	73	33	28	27	
156	123	179	147	187	163	69	49	124	189	214	182	171	0	36	23	153	83	152	142	154	232	141	163	133	157	173	147	148	176	178	219	273	207	213	232	219	179	248	96	114	165	99	229	132	194	161	140	145	198	
142	132	175	148	185	150	84	55	111	178	200	154	153	36	0	13	136	76	140	132	140	199	121	150	123	142	168	140	141	170	172	201	243	190	188	197	187	144	214	105	125	167	108	210	100	163	158	124	129	180	
145	126	174	145	183	152	75	48	113	180	203	163	158	23	13	0	140	75	142	133	143	210	126	153	124	145	167	140	141	170	172	206	253	194	195	210	198	156	226	99	118	164	102	215	111	174	156	127	132	185	
13	98	68	73	82	21	115	110	32	48	65	65	19	153	136	140	0	73	22	31	15	131	19	20	32	10	59	43	42	56	58	66	147	54	73	154	113	111	154	98	106	82	99	76	78	90	64	14	9	45	
74	65	99	72	109	80	47	37	42	106	131	118	92	83	76	75	73	0	69	59	71	180	65	81	50	75	92	65	66	95	97	139	210	126	141	192	164	138	201	45	64	91	48	149	88	138	82	59	64	118	
10	79	48	52	63	12	105	106	29	39	63	86	34	152	140	142	22	69	0	12	7	152	37	13	19	13	39	21	20	38	39	73	166	60	91	176	135	132	175	84	88	61	84	84	96	111	43	21	19	56	
21	68	48	43	61	24	93	95	23	47	73	95	45	142	132	133	31	59	12	0	18	162	41	25	9	24	39	14	13	39	41	85	177	72	102	184	144	138	184	72	76	55	72	96	98	120	37	25	25	68	
3	86	53	59	68	10	109	108	30	39	60	80	27	154	140	143	15	71	7	18	0	146	32	10	23	6	44	28	27	42	44	68	159	55	84	169	128	126	169	90	94	67	90	79	92	105	49	18	14	50	
143	226	193	204	207	147	227	208	154	159	150	67	121	232	199	210	131	180	152	162	146	0	124	146	161	140	185	173	172	181	182	125	54	128	75	36	18	57	23	220	232	212	221	121	100	43	194	139	137	117	
31	103	85	84	99	39	110	101	31	67	83	58	32	141	121	126	19	65	37	41	32	124	0	39	38	29	76	55	54	74	75	81	147	69	76	143	106	97	146	98	109	96	99	89	60	81	78	17	18	59	
9	90	48	61	63	1	117	118	40	29	51	81	25	163	150	153	20	81	13	25	10	146	39	0	31	10	40	31	30	37	38	60	157	47	81	171	129	131	169	96	100	66	96	72	98	106	48	27	23	44	
26	66	56	46	68	31	86	87	14	56	81	94	49	133	123	124	32	50	19	9	23	161	38	31	0	28	47	20	20	48	50	91	179	78	105	181	143	134	183	67	74	60	68	102	92	119	44	22	24	73	
3	92	58	65	72	11	114	112	33	39	58	74	21	157	142	145	10	75	13	24	6	140	29	10	28	0	49	34	33	46	48	64	153	51	78	164	122	121	163	95	100	73	96	75	88	99	55	18	13	45	
46	70	9	35	24	40	114	124	61	33	59	121	64	173	168	167	59	92	39	39	44	185	76	40	47	49	0	28	27	6	7	82	191	70	117	211	168	170	208	87	82	30	86	93	135	146	16	60	58	74	
31	60	36	31	48	30	93	99	34	45	73	107	55	147	140	140	43	65	21	14	28	173	55	31	20	34	28	0	1	30	32	88	187	75	112	197	156	152	196	69	70	41	68	100	112	132	24	38	38	74	
30	61	36	32	48	29	94	100	34	44	72	106	54	148	141	141	42	66	20	13	27	172	54	30	20	33	27	1	0	29	31	87	186	74	111	196	155	151	195	70	71	42	69	99	111	131	24	37	37	73	
43	76	12	41	27	36	119	128	62	27	53	117	60	176	170	170	56	95	38	39	42	181	74	37	48	46	6	30	29	0	2	76	185	64	111	207	163	167	204	93	88	36	92	87	133	142	22	59	56	68	
45	77	11	42	26	37	121	130	64	27	53	118	61	178	172	172	58	97	39	41	44	182	75	38	50	48	7	32	31	2	0	75	186	64	112	208	164	168	205	94	89	37	93	87	135	143	23	60	58	69	
65	147	86	114	97	61	177	176	97	49	27	79	49	219	201	206	66	139	73	85	68	125	81	60	91	64	82	88	87	76	75	0	116	13	50	159	110	136	147	156	158	112	156	12	126	99	97	80	75	22	
156	245	197	217	210	158	257	243	177	160	143	93	132	273	243	253	147	210	166	177	159	54	147	157	179	153	191	187	186	185	186	116	0	123	76	85	58	109	59	245	253	221	246	107	143	80	203	159	156	117	
52	135	75	102	87	48	164	163	84	38	22	76	37	207	190	194	54	126	60	72	55	128	69	47	78	51	70	75	74	64	64	13	123	0	53	160	112	133	151	143	145	100	143	25	118	98	85	67	62	14	
81	170	123	142	137	82	186	176	104	87	75	39	57	213	188	195	73	141	91	102	84	75	76	81	105	78	117	112	111	111	112	50	76	53	0	109	60	91	98	171	178	146	172	48	95	51	128	85	82	44	
167	245	219	227	234	172	238	215	173	189	182	90	147	232	197	210	154	192	176	184	169	36	143	171	181	164	211	197	196	207	208	159	85	160	109	0	49	55	27	235	249	236	237	156	105	65	218	160	159	148	
125	209	175	186	190	129	211	193	137	142	134	49	104	219	187	198	113	164	135	144	128	18	106	129	143	122	168	156	155	163	164	110	58	112	60	49	0	51	41	203	215	194	205	107	87	26	176	121	120	101	
124	195	179	180	193	131	184	161	124	153	154	57	110	179	144	156	111	138	132	138	126	57	97	131	134	121	170	152	151	167	168	136	109	133	91	55	51	0	70	182	198	192	184	136	51	40	174	114	114	119	
166	249	216	227	230	170	247	228	176	182	173	89	144	248	214	226	154	201	175	184	169	23	146	169	183	163	208	196	195	204	205	147	59	151	98	27	41	70	0	242	254	235	243	142	118	65	217	161	160	140	
93	27	92	55	95	96	28	51	68	114	142	155	116	96	105	99	98	45	84	72	90	220	98	96	67	95	87	69	70	93	94	156	245	143	171	235	203	182	242	0	20	72	3	168	133	177	72	86	90	140	
97	13	85	48	85	99	45	71	78	112	140	166	121	114	125	118	106	64	88	76	94	232	109	100	74	100	82	70	71	88	89	158	253	145	178	249	215	198	254	20	0	61	17	170	149	189	66	95	97	143	
70	48	28	19	24	65	100	117	73	63	89	147	91	165	167	164	82	91	61	55	67	212	96	66	60	73	30	41	42	36	37	112	221	100	146	236	194	192	235	72	61	0	70	123	152	172	18	79	78	104	
93	25	90	54	93	96	31	54	69	113	141	156	117	99	108	102	99	48	84	72	90	221	99	96	68	96	86	68	69	92	93	156	246	143	172	237	205	184	243	3	17	70	0	168	135	179	71	87	90	140	
76	159	97	126	108	72	188	186	108	60	37	81	58	229	210	215	76	149	84	96	79	121	89	72	102	75	93	100	99	87	87	12	107	25	48	156	107	136	142	168	170	123	168	0	131	98	109	90	85	31	
91	147	144	138	158	99	133	110	80	126	136	58	85	132	100	111	78	88	96	98	92	100	60	98	92	88	135	112	111	133	135	126	143	118	95	105	87	51	118	133	149	152	135	131	0	63	135	75	78	105	
102	184	154	163	169	107	185	167	111	124	120	25	82	194	163	174	90	138	111	120	105	43	81	106	119	99	146	132	131	142	143	99	80	98	51	65	26	40	65	177	189	172	179	98	63	0	154	97	96	85	
52	54	20	19	27	47	99	112	57	49	75	129	73	161	158	156	64	82	43	37	49	194	78	48	44	55	16	24	24	22	23	97	203	85	128	218	176	174	217	72	66	18	71	109	135	154	0	61	60	87	
19	88	69	67	83	27	102	96	19	56	76	72	33	140	124	127	14	59	21	25	18	139	17	27	22	18	60	38	37	59	60	80	159	67	85	160	121	114	161	86	95	79	87	90	75	97	61	0	5	59	
14	90	67	68	81	23	106	101	23	52	71	71	28	145	129	132	9	64	19	25	14	137	18	23	24	13	58	38	37	56	58	75	156	62	82	159	120	114	160	90	97	78	90	85	78	96	60	5	0	54	
47	134	80	103	93	44	159	155	77	43	35	62	27	198	180	185	45	118	56	68	50	117	59	44	73	45	74	74	73	68	69	22	117	14	44	148	101	119	140	140	143	104	140	31	105	85	87	59	54	0	
EDGE_TRAVEL_TIME_SECTION
0	139	178	110	124	139	65	18	225	222	65	75	48	117	154	48	289	312	284	289	7	26	148	20	44	7	285	6	62	17	52	6	90	92	63	61	87	90	161	131	312	105	161	331	334	250	249	331	187	186	
139	0	145	30	80	0	165	125	246	276	165	100	174	143	288	174	366	373	369	366	135	165	217	125	122	135	415	145	198	126	137	145	52	47	96	97	54	52	273	194	420	174	273	461	469	380	388	461	187	190	
178	145	0	145	71	145	145	179	110	156	145	202	226	258	320	226	252	247	264	252	172	196	130	159	135	172	452	184	205	180	133	184	155	141	119	121	153	155	339	295	490	269	339	497	490	418	389	497	50	55	
110	30	145	0	74	30	140	96	238	262	140	74	144	123	258	144	349	359	351	349	106	136	199	96	95	106	386	115	169	97	112	115	23	18	72	72	24	23	246	171	394	149	246	432	439	351	358	432	180	183	
124	80	71	74	0	80	116	120	166	197	116	133	171	188	276	171	290	294	296	290	118	147	145	105	86	118	409	130	168	121	93	130	84	70	62	64	82	84	283	228	434	203	283	455	454	374	361	455	107	110	
139	0	145	30	80	0	165	125	246	276	165	100	174	143	288	174	366	373	369	366	135	165	217	125	122	135	415	145	198	126	137	145	52	47	96	97	54	52	273	194	420	174	273	461	469	380	388	461	187	190	
65	165	145	140	116	165	0	79	166	158	0	134	101	181	176	101	226	248	222	226	60	64	83	57	45	60	308	67	61	79	28	67	127	122	69	68	123	127	207	194	353	169	207	353	345	274	247	353	138	136	
18	125	179	96	120	125	79	0	234	235	79	58	52	102	164	52	305	326	300	305	19	42	161	24	48	19	294	21	79	1	61	21	75	79	60	58	72	75	163	121	314	95	163	340	345	259	263	340	192	192	
225	246	110	238	166	246	166	234	0	60	166	275	267	330	330	267	151	139	168	151	219	230	94	210	186	219	454	229	221	235	173	229	241	228	185	187	238	241	372	355	514	329	372	495	475	421	367	495	61	57	
222	276	156	262	197	276	158	235	60	0	158	285	258	336	300	258	96	97	110	96	217	221	75	211	190	217	417	225	202	235	174	225	260	249	198	200	256	260	352	352	486	327	352	455	431	386	322	455	107	102	
65	165	145	140	116	165	0	79	166	158	0	134	101	181	176	101	226	248	222	226	60	64	83	57	45	60	308	67	61	79	28	67	127	122	69	68	123	127	207	194	353	169	207	353	345	274	247	353	138	136	
75	100	202	74	133	100	134	58	275	285	134	0	86	56	198	86	360	379	356	360	77	96	213	77	95	77	319	78	134	58	112	78	53	66	90	89	54	53	174	98	320	75	174	365	377	285	306	365	226	227	
48	174	226	144	171	174	101	52	267	258	101	86	0	103	114	0	315	343	306	315	55	37	183	68	91	55	242	42	65	51	98	42	122	129	110	108	120	122	113	97	264	74	113	288	295	207	220	288	233	232	
117	143	258	123	188	143	181	102	330	336	181	56	103	0	195	103	406	428	400	406	121	129	262	125	146	121	301	116	165	102	162	116	105	120	146	144	107	105	150	54	285	45	150	345	365	269	308	345	282	283	
154	288	320	258	276	288	176	164	330	300	176	198	114	195	0	114	325	363	308	325	160	130	236	173	191	160	133	148	115	163	188	148	236	243	215	213	234	236	77	158	186	152	77	179	181	98	114	179	313	310	
48	174	226	144	171	174	101	52	267	258	101	86	0	103	114	0	315	343	306	315	55	37	183	68	91	55	242	42	65	51	98	42	122	129	110	108	120	122	113	97	264	74	113	288	295	207	220	288	233	232	
289	366	252	349	290	366	226	305	151	96	226	360	315	406	325	315	0	46	27	0	286	281	150	283	267	286	421	290	252	305	249	290	343	334	280	281	339	343	391	412	506	389	391	453	419	395	313	453	203	198	
312	373	247	359	294	373	248	326	139	97	248	379	343	428	363	343	46	0	72	46	308	307	167	303	285	308	464	314	282	327	267	314	357	346	295	296	353	357	426	439	546	415	426	497	464	438	357	497	198	193	
284	369	264	351	296	369	222	300	168	110	222	356	306	400	308	306	27	72	0	27	281	273	152	279	265	281	399	284	242	300	247	284	344	335	281	282	340	344	375	403	486	380	375	429	394	374	289	429	216	211	
289	366	252	349	290	366	226	305	151	96	226	360	315	406	325	315	0	46	27	0	286	281	150	283	267	286	421	290	252	305	249	290	343	334	280	281	339	343	391	412	506	389	391	453	419	395	313	453	203	198	
7	135	172	106	118	135	60	19	219	217	60	77	55	121	160	55	286	308	281	286	0	31	143	13	37	0	291	13	64	19	46	13	87	88	56	54	84	87	168	137	319	111	168	337	339	256	253	337	180	179	
26	165	196	136	147	165	64	42	230	221	64	96	37	129	130	37	281	307	273	281	31	0	146	43	62	31	262	21	38	41	64	21	116	118	85	84	113	116	146	132	295	108	146	308	309	227	223	308	198	197	
148	217	130	199	145	217	83	161	94	75	83	213	183	262	236	183	150	167	152	150	143	146	0	137	118	143	360	150	130	161	101	150	193	184	130	131	189	193	281	277	420	252	281	401	384	327	277	401	95	91	
20	125	159	96	105	125	57	24	210	211	57	77	68	125	173	68	283	303	279	283	13	43	137	0	25	13	304	26	73	25	37	26	79	78	43	41	75	79	181	145	332	119	181	350	352	269	265	350	169	168	
44	122	135	95	86	122	45	48	186	190	45	95	91	146	191	91	267	285	265	267	37	62	118	25	0	37	323	49	83	49	18	49	82	77	27	26	78	82	204	169	355	143	204	369	368	288	276	369	144	144	
7	135	172	106	118	135	60	19	219	217	60	77	55	121	160	55	286	308	281	286	0	31	143	13	37	0	291	13	64	19	46	13	87	88	56	54	84	87	168	137	319	111	168	337	339	256	253	337	180	179	
285	415	452	386	409	415	308	294	454	417	308	319	242	301	133	242	421	464	399	421	291	262	360	304	323	291	0	279	247	293	321	279	363	371	347	345	362	363	151	251	108	257	151	46	72	35	115	46	443	440	
6	145	184	115	130	145	67	21	229	225	67	78	42	116	148	42	290	314	284	290	13	21	150	26	49	13	279	0	58	20	57	0	95	98	69	67	92	95	155	128	306	102	155	325	328	244	243	325	192	191	
62	198	205	169	168	198	61	79	221	202	61	134	65	165	115	65	252	282	242	252	64	38	130	73	83	64	247	58	0	78	76	58	151	151	110	108	147	151	152	161	294	139	152	292	287	213	194	292	198	196	
17	126	180	97	121	126	79	1	235	235	79	58	51	102	163	51	305	327	300	305	19	41	161	25	49	19	293	20	78	0	62	20	76	80	61	59	73	76	162	120	313	94	162	339	344	258	262	339	193	193	
52	137	133	112	93	137	28	61	173	174	28	112	98	162	188	98	249	267	247	249	46	64	101	37	18	46	321	57	76	62	0	57	100	94	41	40	96	100	209	182	359	156	209	367	363	286	268	367	135	134	
6	145	184	115	130	145	67	21	229	225	67	78	42	116	148	42	290	314	284	290	13	21	150	26	49	13	279	0	58	20	57	0	95	98	69	67	92	95	155	128	306	102	155	325	328	244	243	325	192	191	
90	52	155	23	84	52	127	75	241	260	127	53	122	105	236	122	343	357	344	343	87	116	193	79	82	87	363	95	151	76	100	95	0	15	63	62	4	0	223	151	372	128	223	409	417	329	338	409	187	189	
92	47	141	18	70	47	122	79	228	249	122	66	129	120	243	129	334	346	335	334	88	118	184	78	77	88	371	98	151	80	94	98	15	0	55	55	13	15	233	164	383	141	233	417	424	336	341	417	173	175	
63	96	119	72	62	96	69	60	185	198	69	90	110	146	215	110	280	295	281	280	56	85	130	43	27	56	347	69	110	61	41	69	63	55	0	2	59	63	223	177	374	151	223	393	394	312	303	393	137	138	
61	97	121	72	64	97	68	58	187	200	68	89	108	144	213	108	281	296	282	281	54	84	131	41	26	54	345	67	108	59	40	67	62	55	2	0	58	62	221	175	372	149	221	391	392	310	302	391	139	140	
87	54	153	24	82	54	123	72	238	256	123	54	120	107	234	120	339	353	340	339	84	113	189	75	78	84	362	92	147	73	96	92	4	13	59	58	0	4	222	151	371	129	222	408	415	327	335	408	183	185	
90	52	155	23	84	52	127	75	241	260	127	53	122	105	236	122	343	357	344	343	87	116	193	79	82	87	363	95	151	76	100	95	0	15	63	62	4	0	223	151	372	128	223	409	417	329	338	409	187	189	
161	273	339	246	283	273	207	163	372	352	207	174	113	150	77	113	391	426	375	391	168	146	281	181	204	168	151	155	152	162	209	155	223	233	223	221	222	223	0	101	151	106	0	195	217	120	181	195	344	342	
131	194	295	171	228	194	194	121	355	352	194	98	97	54	158	97	412	439	403	412	137	132	277	145	169	137	251	128	161	120	182	128	151	164	177	175	151	151	101	0	231	26	101	295	318	221	271	295	313	313	
312	420	490	394	434	420	353	314	514	486	353	320	264	285	186	264	506	546	486	506	319	295	420	332	355	319	108	306	294	313	359	306	372	383	374	372	371	372	151	231	0	247	151	119	170	117	217	119	491	489	
105	174	269	149	203	174	169	95	329	327	169	75	74	45	152	74	389	415	380	389	111	108	252	119	143	111	257	102	139	94	156	102	128	141	151	149	129	128	106	26	247	0	106	301	320	224	265	301	287	287	
161	273	339	246	283	273	207	163	372	352	207	174	113	150	77	113	391	426	375	391	168	146	281	181	204	168	151	155	152	162	209	155	223	233	223	221	222	223	0	101	151	106	0	195	217	120	181	195	344	342	
331	461	497	432	455	461	353	340	495	455	353	365	288	345	179	288	453	497	429	453	337	308	401	350	369	337	46	325	292	339	367	325	409	417	393	391	408	409	195	295	119	301	195	0	54	81	141	0	486	483	
334	469	490	439	454	469	345	345	475	431	345	377	295	365	181	295	419	464	394	419	339	309	384	352	368	339	72	328	287	344	363	328	417	424	394	392	415	417	217	318	170	320	217	54	0	97	109	54	473	470	
250	380	418	351	374	380	274	259	421	386	274	285	207	269	98	207	395	438	374	395	256	227	327	269	288	256	35	244	213	258	286	244	329	336	312	310	327	329	120	221	117	224	120	81	97	0	101	81	409	406	
249	388	389	358	361	388	247	263	367	322	247	306	220	308	114	220	313	357	289	313	253	223	277	265	276	253	115	243	194	262	268	243	338	341	303	302	335	338	181	271	217	265	181	141	109	101	0	141	369	365	
331	461	497	432	455	461	353	340	495	455	353	365	288	345	179	288	453	497	429	453	337	308	401	350	369	337	46	325	292	339	367	325	409	417	393	391	408	409	195	295	119	301	195	0	54	81	141	0	486	483	
187	187	50	180	107	187	138	192	61	107	138	226	233	282	313	233	203	198	216	203	180	198	95	169	144	180	443	192	198	193	135	192	187	173	137	139	183	187	344	313	491	287	344	486	473	409	369	486	0	6	
186	190	55	183	110	190	136	192	57	102	136	227	232	283	310	232	198	193	211	198	179	197	91	168	144	179	440	191	196	193	134	191	189	175	138	140	185	189	342	313	489	287	342	483	470	406	365	483	6	0	
TIME_WINDOW_SECTION
1	0	720
2	191	264
3	409	430
4	504	602
5	0	720
6	80	139
7	373	415
8	475	489
9	0	720
10	0	720
11	107	111
12	306	560
13	0	720
14	81	315
15	387	393
16	0	720
17	71	253
18	399	404
19	541	587
20	612	653
21	0	720
22	0	720
23	78	142
24	220	329
25	391	436
26	0	720
27	60	80
28	135	170
29	172	399
30	457	571
31	0	720
32	116	120
33	351	353
34	600	602
35	0	720
36	145	178
37	275	358
38	459	519
39	0	720
40	27	35
41	75	159
42	281	422
43	0	720
44	254	290
45	551	556
46	0	720
47	233	240
48	363	495
49	0	720
50	0	720
CLUSTER_SECTION
1	1	
2	2	
3	6	
4	12	
5	11	
6	14	
7	17	
8	27	
9	23	
10	27	
11	32	
12	36	
13	40	
14	44	
15	47	
16	62	
DEMAND_SECTION
1	0
2	75
3	52
4	51
5	29
6	47
7	47
8	49
9	64
10	51
11	53
12	48
13	40
14	57
15	58
16	29
DEPOT_SECTION
1
EOF