NAME:	instance_0-triangle
TYPE:	VRPRDL
DIMENSION:	62
CAPACITY:	750
TIME_HORIZON:	720
NUM_CUSTOMERS:	16
NODE_COORD_SECTION
1	0.0	0.0
2	-16.289416621	-67.6834834203
3	56.2532144748	-69.2578896847
4	-14.1870798974	-52.9823885101
5	22.574492206	-57.980851672
6	-16.289416621	-67.6834834203
7	32.2839185697	-0.802938568322
8	-6.78723062505	-5.68872101662
9	104.176465928	-42.3455818347
10	110.365389878	-12.92023567
11	32.2839185697	-0.802938568322
12	-31.9655938151	-20.3051117806
13	-14.5949040015	19.1364080626
14	-57.7078226465	-9.25363002844
15	-10.4808019598	76.2279521551
16	-14.5949040015	19.1364080626
17	142.989453624	22.4091379457
18	156.141387273	3.65131718547
19	137.601196021	34.7740008891
20	142.989453624	22.4091379457
21	2.29964167791	-2.57845262884
22	2.96105105681	12.7763915194
23	73.5108633682	-6.4869676261
24	4.91896723279	-8.768345145
25	15.1757240844	-15.5994881676
26	2.29964167791	-2.57845262884
27	-32.1824702832	139.093712237
28	-0.911724038009	3.03035573664
29	17.1282250862	25.6983610993
30	-7.04456023971	-5.09460313557
31	23.3566253986	-11.7090887706
32	-0.911724038009	3.03035573664
33	-16.4415450486	-41.8633984681
34	-9.85374519095	-45.0702713541
35	12.4155897465	-28.9012896547
36	11.653012294	-28.1089341402
37	-14.6382934583	-40.812524617
38	-16.4415450486	-41.8633984681
39	-47.5257401183	65.2347557408
40	-63.0780252326	17.2328264044
41	-85.5979985797	130.698385684
42	-50.9922403836	12.1974856666
43	-47.5257401183	65.2347557408
44	-35.2727060808	162.005644099
45	-8.88119517924	166.802719642
46	-27.9202784068	121.985596166
47	22.770881803	122.341797788
48	-35.2727060808	162.005644099
49	76.0002567646	-54.1646257802
50	77.3666438012	-51.6681319363
51	68.7476764304	-69.877067444
52	7.80096513036	-69.6131392372
53	76.0002567646	-54.1646257802
54	-11.6219882222	101.520696886
55	-72.2891312988	24.6514353909
56	47.0501724498	77.5566283235
57	-11.6219882222	101.520696886
58	11.230377127	8.68850457301
59	5.29130983859	-51.3654896731
60	16.379445541	8.92172309327
61	11.230377127	8.68850457301
62	-41.5747462216	22.0260583138
EDGE_WEIGHT_SECTION
0	70	89	55	62	70	32	9	112	111	32	38	24	58	77	24	145	156	142	145	3	13	74	10	21	3	143	3	31	9	26	3	45	46	31	30	43	45	81	65	156	52	81	166	167	125	124	166	93	93	97	70	93	102	76	91	102	14	52	19	14	47	
70	0	72	15	40	0	82	63	123	138	82	50	87	72	144	87	183	187	185	183	68	82	109	63	61	68	207	72	99	63	68	72	26	24	48	48	27	26	137	97	210	87	137	230	234	190	193	230	93	95	85	24	93	169	108	158	169	81	27	83	81	93	
89	72	0	72	36	72	73	90	55	78	73	101	113	129	160	113	126	123	132	126	86	98	65	79	68	86	226	92	103	90	66	92	77	70	60	61	76	77	170	147	245	135	170	249	245	209	195	249	25	27	13	48	25	184	159	147	184	90	54	88	90	134	
55	15	72	0	37	15	70	48	119	131	70	37	72	62	129	72	174	179	175	174	53	68	99	48	48	53	193	58	85	48	56	58	11	9	36	36	12	11	123	86	197	75	123	216	219	175	179	216	90	92	85	28	90	154	97	144	154	67	20	69	67	80	
62	40	36	37	0	40	58	60	83	99	58	66	86	94	138	86	145	147	148	145	59	73	72	52	43	59	204	65	84	61	46	65	42	35	31	32	41	42	142	114	217	102	142	227	227	186	180	227	54	55	48	19	54	163	126	138	163	68	19	67	68	103	
70	0	72	15	40	0	82	63	123	138	82	50	87	72	144	87	183	187	185	183	68	82	109	63	61	68	207	72	99	63	68	72	26	24	48	48	27	26	137	97	210	87	137	230	234	190	193	230	93	95	85	24	93	169	108	158	169	81	27	83	81	93	
32	82	73	70	58	82	0	39	83	79	0	67	51	90	88	51	113	124	111	113	30	32	42	29	23	30	154	33	31	40	14	33	64	61	34	34	62	64	104	97	177	84	104	176	173	137	124	176	69	68	78	73	69	111	108	80	111	23	57	19	23	77	
9	63	90	48	60	63	39	0	117	117	39	29	26	51	82	26	152	163	150	152	10	21	80	12	24	10	147	11	39	1	31	11	37	40	30	29	36	37	82	61	158	48	82	170	172	129	131	170	96	96	99	65	96	107	72	99	107	23	47	27	23	44	
112	123	55	119	83	123	83	117	0	30	83	138	134	165	165	134	75	69	84	75	109	115	47	105	93	109	227	114	110	117	86	114	121	114	93	94	119	121	186	177	257	164	186	247	238	211	184	247	31	28	45	100	31	185	188	133	185	106	99	102	106	159	
111	138	78	131	99	138	79	117	30	0	79	142	129	168	150	129	48	49	55	48	108	110	37	106	95	108	208	112	101	118	87	112	130	124	99	100	128	130	176	176	243	163	176	228	215	193	161	228	54	51	71	117	54	167	186	110	167	101	112	96	101	155	
32	82	73	70	58	82	0	39	83	79	0	67	51	90	88	51	113	124	111	113	30	32	42	29	23	30	154	33	31	40	14	33	64	61	34	34	62	64	104	97	177	84	104	176	173	137	124	176	69	68	78	73	69	111	108	80	111	23	57	19	23	77	
38	50	101	37	66	50	67	29	138	142	67	0	43	28	99	43	180	189	178	180	39	48	106	39	47	39	159	39	67	29	56	39	27	33	45	44	27	27	87	49	160	38	87	182	189	142	153	182	113	114	112	63	113	124	60	126	124	52	49	56	52	43	
24	87	113	72	86	87	51	26	134	129	51	43	0	52	57	0	158	171	153	158	27	19	92	34	45	27	121	21	32	25	49	21	61	64	55	54	60	61	57	49	132	37	57	144	147	104	110	144	117	116	121	91	117	82	58	85	82	28	73	33	28	27	
58	72	129	62	94	72	90	51	165	168	90	28	52	0	97	52	203	214	200	203	60	65	131	63	73	60	150	58	83	51	81	58	53	59	73	72	53	53	75	27	143	22	75	173	182	134	154	173	141	142	140	89	141	120	37	136	120	71	75	76	71	35	
77	144	160	129	138	144	88	82	165	150	88	99	57	97	0	57	163	182	154	163	80	65	118	86	95	80	67	74	58	81	94	74	118	121	107	106	117	118	39	79	93	76	39	89	90	49	57	89	156	155	166	147	156	25	81	58	25	71	129	72	71	62	
24	87	113	72	86	87	51	26	134	129	51	43	0	52	57	0	158	171	153	158	27	19	92	34	45	27	121	21	32	25	49	21	61	64	55	54	60	61	57	49	132	37	57	144	147	104	110	144	117	116	121	91	117	82	58	85	82	28	73	33	28	27	
145	183	126	174	145	183	113	152	75	48	113	180	158	203	163	158	0	23	13	0	143	140	75	142	133	143	210	145	126	153	124	145	172	167	140	141	170	172	195	206	253	194	195	226	210	198	156	226	102	99	118	164	102	174	215	111	174	132	156	127	132	185	
156	187	123	179	147	187	124	163	69	49	124	189	171	214	182	171	23	0	36	23	154	153	83	152	142	154	232	157	141	163	133	157	178	173	147	148	176	178	213	219	273	207	213	248	232	219	179	248	99	96	114	165	99	194	229	132	194	145	161	140	145	198	
142	185	132	175	148	185	111	150	84	55	111	178	153	200	154	153	13	36	0	13	140	136	76	140	132	140	199	142	121	150	123	142	172	168	140	141	170	172	188	201	243	190	188	214	197	187	144	214	108	105	125	167	108	163	210	100	163	129	158	124	129	180	
145	183	126	174	145	183	113	152	75	48	113	180	158	203	163	158	0	23	13	0	143	140	75	142	133	143	210	145	126	153	124	145	172	167	140	141	170	172	195	206	253	194	195	226	210	198	156	226	102	99	118	164	102	174	215	111	174	132	156	127	132	185	
3	68	86	53	59	68	30	10	109	108	30	39	27	60	80	27	143	154	140	143	0	15	71	7	18	0	146	6	32	10	23	6	44	44	28	27	42	44	84	68	159	55	84	169	169	128	126	169	90	90	94	67	90	105	79	92	105	14	49	18	14	50	
13	82	98	68	73	82	32	21	115	110	32	48	19	65	65	19	140	153	136	140	15	0	73	22	31	15	131	10	19	20	32	10	58	59	43	42	56	58	73	66	147	54	73	154	154	113	111	154	99	98	106	82	99	90	76	78	90	9	64	14	9	45	
74	109	65	99	72	109	42	80	47	37	42	106	92	131	118	92	75	83	76	75	71	73	0	69	59	71	180	75	65	81	50	75	97	92	65	66	95	97	141	139	210	126	141	201	192	164	138	201	48	45	64	91	48	138	149	88	138	64	82	59	64	118	
10	63	79	48	52	63	29	12	105	106	29	39	34	63	86	34	142	152	140	142	7	22	69	0	12	7	152	13	37	13	19	13	39	39	21	20	38	39	91	73	166	60	91	175	176	135	132	175	84	84	88	61	84	111	84	96	111	19	43	21	19	56	
21	61	68	48	43	61	23	24	93	95	23	47	45	73	95	45	133	142	132	133	18	31	59	12	0	18	162	24	41	25	9	24	41	39	14	13	39	41	102	85	177	72	102	184	184	144	138	184	72	72	76	55	72	120	96	98	120	25	37	25	25	68	
3	68	86	53	59	68	30	10	109	108	30	39	27	60	80	27	143	154	140	143	0	15	71	7	18	0	146	6	32	10	23	6	44	44	28	27	42	44	84	68	159	55	84	169	169	128	126	169	90	90	94	67	90	105	79	92	105	14	49	18	14	50	
143	207	226	193	204	207	154	147	227	208	154	159	121	150	67	121	210	232	199	210	146	131	180	152	162	146	0	140	124	146	161	140	182	185	173	172	181	182	75	125	54	128	75	23	36	18	57	23	221	220	232	212	221	43	121	100	43	137	194	139	137	117	
3	72	92	58	65	72	33	11	114	112	33	39	21	58	74	21	145	157	142	145	6	10	75	13	24	6	140	0	29	10	28	0	48	49	34	33	46	48	78	64	153	51	78	163	164	122	121	163	96	95	100	73	96	99	75	88	99	13	55	18	13	45	
31	99	103	85	84	99	31	39	110	101	31	67	32	83	58	32	126	141	121	126	32	19	65	37	41	32	124	29	0	39	38	29	75	76	55	54	74	75	76	81	147	69	76	146	143	106	97	146	99	98	109	96	99	81	89	60	81	18	78	17	18	59	
9	63	90	48	61	63	40	1	117	118	40	29	25	51	81	25	153	163	150	153	10	20	81	13	25	10	146	10	39	0	31	10	38	40	31	30	37	38	81	60	157	47	81	169	171	129	131	169	96	96	100	66	96	106	72	98	106	23	48	27	23	44	
26	68	66	56	46	68	14	31	86	87	14	56	49	81	94	49	124	133	123	124	23	32	50	19	9	23	161	28	38	31	0	28	50	47	20	20	48	50	105	91	179	78	105	183	181	143	134	183	68	67	74	60	68	119	102	92	119	24	44	22	24	73	
3	72	92	58	65	72	33	11	114	112	33	39	21	58	74	21	145	157	142	145	6	10	75	13	24	6	140	0	29	10	28	0	48	49	34	33	46	48	78	64	153	51	78	163	164	122	121	163	96	95	100	73	96	99	75	88	99	13	55	18	13	45	
45	26	77	11	42	26	64	37	121	130	64	27	61	53	118	61	172	178	172	172	44	58	97	39	41	44	182	48	75	38	50	48	0	7	32	31	2	0	112	75	186	64	112	205	208	164	168	205	93	94	89	37	93	143	87	135	143	58	23	60	58	69	
46	24	70	9	35	24	61	40	114	124	61	33	64	59	121	64	167	173	168	167	44	59	92	39	39	44	185	49	76	40	47	49	7	0	28	27	6	7	117	82	191	70	117	208	211	168	170	208	86	87	82	30	86	146	93	135	146	58	16	60	58	74	
31	48	60	36	31	48	34	30	93	99	34	45	55	73	107	55	140	147	140	140	28	43	65	21	14	28	173	34	55	31	20	34	32	28	0	1	30	32	112	88	187	75	112	196	197	156	152	196	68	69	70	41	68	132	100	112	132	38	24	38	38	74	
30	48	61	36	32	48	34	29	94	100	34	44	54	72	106	54	141	148	141	141	27	42	66	20	13	27	172	33	54	30	20	33	31	27	1	0	29	31	111	87	186	74	111	195	196	155	151	195	69	70	71	42	69	131	99	111	131	37	24	37	37	73	
43	27	76	12	41	27	62	36	119	128	62	27	60	53	117	60	170	176	170	170	42	56	95	38	39	42	181	46	74	37	48	46	2	6	30	29	0	2	111	76	185	64	111	204	207	163	167	204	92	93	88	36	92	142	87	133	142	56	22	59	56	68	
45	26	77	11	42	26	64	37	121	130	64	27	61	53	118	61	172	178	172	172	44	58	97	39	41	44	182	48	75	38	50	48	0	7	32	31	2	0	112	75	186	64	112	205	208	164	168	205	93	94	89	37	93	143	87	135	143	58	23	60	58	69	
81	137	170	123	142	137	104	82	186	176	104	87	57	75	39	57	195	213	188	195	84	73	141	91	102	84	75	78	76	81	105	78	112	117	112	111	111	112	0	50	76	53	0	98	109	60	91	98	172	171	178	146	172	51	48	95	51	82	128	85	82	44	
65	97	147	86	114	97	97	61	177	176	97	49	49	27	79	49	206	219	201	206	68	66	139	73	85	68	125	64	81	60	91	64	75	82	88	87	76	75	50	0	116	13	50	147	159	110	136	147	156	156	158	112	156	99	12	126	99	75	97	80	75	22	
156	210	245	197	217	210	177	158	257	243	177	160	132	143	93	132	253	273	243	253	159	147	210	166	177	159	54	153	147	157	179	153	186	191	187	186	185	186	76	116	0	123	76	59	85	58	109	59	246	245	253	221	246	80	107	143	80	156	203	159	156	117	
52	87	135	75	102	87	84	48	164	163	84	38	37	22	76	37	194	207	190	194	55	54	126	60	72	55	128	51	69	47	78	51	64	70	75	74	64	64	53	13	123	0	53	151	160	112	133	151	143	143	145	100	143	98	25	118	98	62	85	67	62	14	
81	137	170	123	142	137	104	82	186	176	104	87	57	75	39	57	195	213	188	195	84	73	141	91	102	84	75	78	76	81	105	78	112	117	112	111	111	112	0	50	76	53	0	98	109	60	91	98	172	171	178	146	172	51	48	95	51	82	128	85	82	44	
166	230	249	216	227	230	176	170	247	228	176	182	144	173	89	144	226	248	214	226	169	154	201	175	184	169	23	163	146	169	183	163	205	208	196	195	204	205	98	147	59	151	98	0	27	41	70	0	243	242	254	235	243	65	142	118	65	160	217	161	160	140	
167	234	245	219	227	234	173	172	238	215	173	189	147	182	90	147	210	232	197	210	169	154	192	176	184	169	36	164	143	171	181	164	208	211	197	196	207	208	109	159	85	160	109	27	0	49	55	27	237	235	249	236	237	65	156	105	65	159	218	160	159	148	
125	190	209	175	186	190	137	129	211	193	137	142	104	134	49	104	198	219	187	198	128	113	164	135	144	128	18	122	106	129	143	122	164	168	156	155	163	164	60	110	58	112	60	41	49	0	51	41	205	203	215	194	205	26	107	87	26	120	176	121	120	101	
124	193	195	179	180	193	124	131	184	161	124	153	110	154	57	110	156	179	144	156	126	111	138	132	138	126	57	121	97	131	134	121	168	170	152	151	167	168	91	136	109	133	91	70	55	51	0	70	184	182	198	192	184	40	136	51	40	114	174	114	114	119	
166	230	249	216	227	230	176	170	247	228	176	182	144	173	89	144	226	248	214	226	169	154	201	175	184	169	23	163	146	169	183	163	205	208	196	195	204	205	98	147	59	151	98	0	27	41	70	0	243	242	254	235	243	65	142	118	65	160	217	161	160	140	
93	93	25	90	54	93	69	96	31	54	69	113	117	141	156	117	102	99	108	102	90	99	48	84	72	90	221	96	99	96	68	96	93	86	68	69	92	93	172	156	246	143	172	243	237	205	184	243	0	3	17	70	0	179	168	135	179	90	71	87	90	140	
93	95	27	92	55	95	68	96	28	51	68	114	116	142	155	116	99	96	105	99	90	98	45	84	72	90	220	95	98	96	67	95	94	87	69	70	93	94	171	156	245	143	171	242	235	203	182	242	3	0	20	72	3	177	168	133	177	90	72	86	90	140	
97	85	13	85	48	85	78	99	45	71	78	112	121	140	166	121	118	114	125	118	94	106	64	88	76	94	232	100	109	100	74	100	89	82	70	71	88	89	178	158	253	145	178	254	249	215	198	254	17	20	0	61	17	189	170	149	189	97	66	95	97	143	
70	24	48	28	19	24	73	65	100	117	73	63	91	89	147	91	164	165	167	164	67	82	91	61	55	67	212	73	96	66	60	73	37	30	41	42	36	37	146	112	221	100	146	235	236	194	192	235	70	72	61	0	70	172	123	152	172	78	18	79	78	104	
93	93	25	90	54	93	69	96	31	54	69	113	117	141	156	117	102	99	108	102	90	99	48	84	72	90	221	96	99	96	68	96	93	86	68	69	92	93	172	156	246	143	172	243	237	205	184	243	0	3	17	70	0	179	168	135	179	90	71	87	90	140	
102	169	184	154	163	169	111	107	185	167	111	124	82	120	25	82	174	194	163	174	105	90	138	111	120	105	43	99	81	106	119	99	143	146	132	131	142	143	51	99	80	98	51	65	65	26	40	65	179	177	189	172	179	0	98	63	0	96	154	97	96	85	
76	108	159	97	126	108	108	72	188	186	108	60	58	37	81	58	215	229	210	215	79	76	149	84	96	79	121	75	89	72	102	75	87	93	100	99	87	87	48	12	107	25	48	142	156	107	136	142	168	168	170	123	168	98	0	131	98	85	109	90	85	31	
91	158	147	144	138	158	80	99	133	110	80	126	85	136	58	85	111	132	100	111	92	78	88	96	98	92	100	88	60	98	92	88	135	135	112	111	133	135	95	126	143	118	95	118	105	87	51	118	135	133	149	152	135	63	131	0	63	78	135	75	78	105	
102	169	184	154	163	169	111	107	185	167	111	124	82	120	25	82	174	194	163	174	105	90	138	111	120	105	43	99	81	106	119	99	143	146	132	131	142	143	51	99	80	98	51	65	65	26	40	65	179	177	189	172	179	0	98	63	0	96	154	97	96	85	
14	81	90	67	68	81	23	23	106	101	23	52	28	71	71	28	132	145	129	132	14	9	64	19	25	14	137	13	18	23	24	13	58	58	38	37	56	58	82	75	156	62	82	160	159	120	114	160	90	90	97	78	90	96	85	78	96	0	60	5	0	54	
52	27	54	20	19	27	57	47	99	112	57	49	73	75	129	73	156	161	158	156	49	64	82	43	37	49	194	55	78	48	44	55	23	16	24	24	22	23	128	97	203	85	128	217	218	176	174	217	71	72	66	18	71	154	109	135	154	60	0	61	60	87	
19	83	88	69	67	83	19	27	102	96	19	56	33	76	72	33	127	140	124	127	18	14	59	21	25	18	139	18	17	27	22	18	60	60	38	37	59	60	85	80	159	67	85	161	160	121	114	161	87	86	95	79	87	97	90	75	97	5	61	0	5	59	
14	81	90	67	68	81	23	23	106	101	23	52	28	71	71	28	132	145	129	132	14	9	64	19	25	14	137	13	18	23	24	13	58	58	38	37	56	58	82	75	156	62	82	160	159	120	114	160	90	90	97	78	90	96	85	78	96	0	60	5	0	54	
47	93	134	80	103	93	77	44	159	155	77	43	27	35	62	27	185	198	180	185	50	45	118	56	68	50	117	45	59	44	73	45	69	74	74	73	68	69	44	22	117	14	44	140	148	101	119	140	140	140	143	104	140	85	31	105	85	54	87	59	54	0	
EDGE_TRAVEL_TIME_SECTION
0	139	178	110	124	139	65	18	225	222	65	75	48	117	154	48	289	312	284	289	7	26	148	20	44	7	285	6	62	17	52	6	90	92	63	61	87	90	161	131	312	105	161	331	334	250	249	331	187	186	196	140	187	204	153	181	204	28	103	37	28	94	
139	0	145	30	80	0	165	125	246	276	165	100	174	143	288	174	366	373	369	366	135	165	217	125	122	135	415	145	198	126	137	145	52	47	96	97	54	52	273	194	420	174	273	461	469	380	388	461	187	190	170	48	187	339	216	317	339	162	54	167	162	186	
178	145	0	145	71	145	145	179	110	156	145	202	226	258	320	226	252	247	264	252	172	196	130	159	135	172	452	184	205	180	133	184	155	141	119	121	153	155	339	295	490	269	339	497	490	418	389	497	50	55	25	97	50	367	318	294	367	180	108	176	180	267	
110	30	145	0	74	30	140	96	238	262	140	74	144	123	258	144	349	359	351	349	106	136	199	96	95	106	386	115	169	97	112	115	23	18	72	72	24	23	246	171	394	149	246	432	439	351	358	432	180	183	169	55	180	309	194	288	309	133	39	138	133	160	
124	80	71	74	0	80	116	120	166	197	116	133	171	188	276	171	290	294	296	290	118	147	145	105	86	118	409	130	168	121	93	130	84	70	62	64	82	84	283	228	434	203	283	455	454	374	361	455	107	110	95	38	107	326	252	275	326	135	37	134	135	205	
139	0	145	30	80	0	165	125	246	276	165	100	174	143	288	174	366	373	369	366	135	165	217	125	122	135	415	145	198	126	137	145	52	47	96	97	54	52	273	194	420	174	273	461	469	380	388	461	187	190	170	48	187	339	216	317	339	162	54	167	162	186	
65	165	145	140	116	165	0	79	166	158	0	134	101	181	176	101	226	248	222	226	60	64	83	57	45	60	308	67	61	79	28	67	127	122	69	68	123	127	207	194	353	169	207	353	345	274	247	353	138	136	156	146	138	223	215	159	223	46	115	37	46	155	
18	125	179	96	120	125	79	0	234	235	79	58	52	102	164	52	305	326	300	305	19	42	161	24	48	19	294	21	79	1	61	21	75	79	60	58	72	75	163	121	314	95	163	340	345	259	263	340	192	192	198	131	192	214	144	198	214	46	94	55	46	89	
225	246	110	238	166	246	166	234	0	60	166	275	267	330	330	267	151	139	168	151	219	230	94	210	186	219	454	229	221	235	173	229	241	228	185	187	238	241	372	355	514	329	372	495	475	421	367	495	61	57	90	200	61	369	378	266	369	212	199	203	212	319	
222	276	156	262	197	276	158	235	60	0	158	285	258	336	300	258	96	97	110	96	217	221	75	211	190	217	417	225	202	235	174	225	260	249	198	200	256	260	352	352	486	327	352	455	431	386	322	455	107	102	141	234	107	335	373	221	335	203	224	193	203	312	
65	165	145	140	116	165	0	79	166	158	0	134	101	181	176	101	226	248	222	226	60	64	83	57	45	60	308	67	61	79	28	67	127	122	69	68	123	127	207	194	353	169	207	353	345	274	247	353	138	136	156	146	138	223	215	159	223	46	115	37	46	155	
75	100	202	74	133	100	134	58	275	285	134	0	86	56	198	86	360	379	356	360	77	96	213	77	95	77	319	78	134	58	112	78	53	66	90	89	54	53	174	98	320	75	174	365	377	285	306	365	226	227	225	126	226	247	121	252	247	103	97	112	103	87	
48	174	226	144	171	174	101	52	267	258	101	86	0	103	114	0	315	343	306	315	55	37	183	68	91	55	242	42	65	51	98	42	122	129	110	108	120	122	113	97	264	74	113	288	295	207	220	288	233	232	244	183	233	165	116	170	165	55	146	65	55	54	
117	143	258	123	188	143	181	102	330	336	181	56	103	0	195	103	406	428	400	406	121	129	262	125	146	121	301	116	165	102	162	116	105	120	146	144	107	105	150	54	285	45	150	345	365	269	308	345	282	283	280	178	282	240	74	272	240	142	152	152	142	70	
154	288	320	258	276	288	176	164	330	300	176	198	114	195	0	114	325	363	308	325	160	130	236	173	191	160	133	148	115	163	188	148	236	243	215	213	234	236	77	158	186	152	77	179	181	98	114	179	313	310	332	294	313	51	161	115	51	142	257	145	142	125	
48	174	226	144	171	174	101	52	267	258	101	86	0	103	114	0	315	343	306	315	55	37	183	68	91	55	242	42	65	51	98	42	122	129	110	108	120	122	113	97	264	74	113	288	295	207	220	288	233	232	244	183	233	165	116	170	165	55	146	65	55	54	
289	366	252	349	290	366	226	305	151	96	226	360	315	406	325	315	0	46	27	0	286	281	150	283	267	286	421	290	252	305	249	290	343	334	280	281	339	343	391	412	506	389	391	453	419	395	313	453	203	198	237	327	203	347	431	221	347	265	312	255	265	369	
312	373	247	359	294	373	248	326	139	97	248	379	343	428	363	343	46	0	72	46	308	307	167	303	285	308	464	314	282	327	267	314	357	346	295	296	353	357	426	439	546	415	426	497	464	438	357	497	198	193	228	331	198	388	459	264	388	290	321	280	290	397	
284	369	264	351	296	369	222	300	168	110	222	356	306	400	308	306	27	72	0	27	281	273	152	279	265	281	399	284	242	300	247	284	344	335	281	282	340	344	375	403	486	380	375	429	394	374	289	429	216	211	251	333	216	327	420	200	327	258	315	248	258	359	
289	366	252	349	290	366	226	305	151	96	226	360	315	406	325	315	0	46	27	0	286	281	150	283	267	286	421	290	252	305	249	290	343	334	280	281	339	343	391	412	506	389	391	453	419	395	313	453	203	198	237	327	203	347	431	221	347	265	312	255	265	369	
7	135	172	106	118	135	60	19	219	217	60	77	55	121	160	55	286	308	281	286	0	31	143	13	37	0	291	13	64	19	46	13	87	88	56	54	84	87	168	137	319	111	168	337	339	256	253	337	180	179	189	135	180	210	159	184	210	29	98	36	29	101	
26	165	196	136	147	165	64	42	230	221	64	96	37	129	130	37	281	307	273	281	31	0	146	43	62	31	262	21	38	41	64	21	116	118	85	84	113	116	146	132	295	108	146	308	309	227	223	308	198	197	211	165	198	180	152	157	180	18	128	28	18	91	
148	217	130	199	145	217	83	161	94	75	83	213	183	262	236	183	150	167	152	150	143	146	0	137	118	143	360	150	130	161	101	150	193	184	130	131	189	193	281	277	420	252	281	401	384	327	277	401	95	91	127	182	95	275	298	176	275	128	163	118	128	237	
20	125	159	96	105	125	57	24	210	211	57	77	68	125	173	68	283	303	279	283	13	43	137	0	25	13	304	26	73	25	37	26	79	78	43	41	75	79	181	145	332	119	181	350	352	269	265	350	169	168	177	122	169	223	168	192	223	37	85	42	37	112	
44	122	135	95	86	122	45	48	186	190	45	95	91	146	191	91	267	285	265	267	37	62	118	25	0	37	323	49	83	49	18	49	82	77	27	26	78	82	204	169	355	143	204	369	368	288	276	369	144	144	153	109	144	240	192	197	240	49	74	49	49	136	
7	135	172	106	118	135	60	19	219	217	60	77	55	121	160	55	286	308	281	286	0	31	143	13	37	0	291	13	64	19	46	13	87	88	56	54	84	87	168	137	319	111	168	337	339	256	253	337	180	179	189	135	180	210	159	184	210	29	98	36	29	101	
285	415	452	386	409	415	308	294	454	417	308	319	242	301	133	242	421	464	399	421	291	262	360	304	323	291	0	279	247	293	321	279	363	371	347	345	362	363	151	251	108	257	151	46	72	35	115	46	443	440	464	425	443	86	243	201	86	275	388	278	275	235	
6	145	184	115	130	145	67	21	229	225	67	78	42	116	148	42	290	314	284	290	13	21	150	26	49	13	279	0	58	20	57	0	95	98	69	67	92	95	155	128	306	102	155	325	328	244	243	325	192	191	202	146	192	198	149	177	198	27	109	37	27	90	
62	198	205	169	168	198	61	79	221	202	61	134	65	165	115	65	252	282	242	252	64	38	130	73	83	64	247	58	0	78	76	58	151	151	110	108	147	151	152	161	294	139	152	292	287	213	194	292	198	196	217	191	198	162	179	120	162	36	156	34	36	118	
17	126	180	97	121	126	79	1	235	235	79	58	51	102	163	51	305	327	300	305	19	41	161	25	49	19	293	20	78	0	62	20	76	80	61	59	73	76	162	120	313	94	162	339	344	258	262	339	193	193	199	132	193	213	143	197	213	45	95	54	45	88	
52	137	133	112	93	137	28	61	173	174	28	112	98	162	188	98	249	267	247	249	46	64	101	37	18	46	321	57	76	62	0	57	100	94	41	40	96	100	209	182	359	156	209	367	363	286	268	367	135	134	148	120	135	237	205	185	237	47	87	44	47	146	
6	145	184	115	130	145	67	21	229	225	67	78	42	116	148	42	290	314	284	290	13	21	150	26	49	13	279	0	58	20	57	0	95	98	69	67	92	95	155	128	306	102	155	325	328	244	243	325	192	191	202	146	192	198	149	177	198	27	109	37	27	90	
90	52	155	23	84	52	127	75	241	260	127	53	122	105	236	122	343	357	344	343	87	116	193	79	82	87	363	95	151	76	100	95	0	15	63	62	4	0	223	151	372	128	223	409	417	329	338	409	187	189	179	74	187	287	174	270	287	115	47	121	115	137	
92	47	141	18	70	47	122	79	228	249	122	66	129	120	243	129	334	346	335	334	88	118	184	78	77	88	371	98	151	80	94	98	15	0	55	55	13	15	233	164	383	141	233	417	424	336	341	417	173	175	165	60	173	293	187	270	293	115	33	120	115	148	
63	96	119	72	62	96	69	60	185	198	69	90	110	146	215	110	280	295	281	280	56	85	130	43	27	56	347	69	110	61	41	69	63	55	0	2	59	63	223	177	374	151	223	393	394	312	303	393	137	138	139	82	137	265	200	224	265	75	47	76	75	148	
61	97	121	72	64	97	68	58	187	200	68	89	108	144	213	108	281	296	282	281	54	84	131	41	26	54	345	67	108	59	40	67	62	55	2	0	58	62	221	175	372	149	221	391	392	310	302	391	139	140	141	83	139	263	198	223	263	74	48	75	74	146	
87	54	153	24	82	54	123	72	238	256	123	54	120	107	234	120	339	353	340	339	84	113	189	75	78	84	362	92	147	73	96	92	4	13	59	58	0	4	222	151	371	129	222	408	415	327	335	408	183	185	177	73	183	285	174	267	285	112	45	117	112	137	
90	52	155	23	84	52	127	75	241	260	127	53	122	105	236	122	343	357	344	343	87	116	193	79	82	87	363	95	151	76	100	95	0	15	63	62	4	0	223	151	372	128	223	409	417	329	338	409	187	189	179	74	187	287	174	270	287	115	47	121	115	137	
161	273	339	246	283	273	207	163	372	352	207	174	113	150	77	113	391	426	375	391	168	146	281	181	204	168	151	155	152	162	209	155	223	233	223	221	222	223	0	101	151	106	0	195	217	120	181	195	344	342	357	292	344	102	95	191	102	163	256	170	163	87	
131	194	295	171	228	194	194	121	355	352	194	98	97	54	158	97	412	439	403	412	137	132	277	145	169	137	251	128	161	120	182	128	151	164	177	175	151	151	101	0	231	26	101	295	318	221	271	295	313	313	316	224	313	198	24	251	198	150	194	160	150	44	
312	420	490	394	434	420	353	314	514	486	353	320	264	285	186	264	506	546	486	506	319	295	420	332	355	319	108	306	294	313	359	306	372	383	374	372	371	372	151	231	0	247	151	119	170	117	217	119	491	489	506	442	491	159	214	286	159	312	407	318	312	235	
105	174	269	149	203	174	169	95	329	327	169	75	74	45	152	74	389	415	380	389	111	108	252	119	143	111	257	102	139	94	156	102	128	141	151	149	129	128	106	26	247	0	106	301	320	224	265	301	287	287	290	201	287	195	49	236	195	125	170	135	125	27	
161	273	339	246	283	273	207	163	372	352	207	174	113	150	77	113	391	426	375	391	168	146	281	181	204	168	151	155	152	162	209	155	223	233	223	221	222	223	0	101	151	106	0	195	217	120	181	195	344	342	357	292	344	102	95	191	102	163	256	170	163	87	
331	461	497	432	455	461	353	340	495	455	353	365	288	345	179	288	453	497	429	453	337	308	401	350	369	337	46	325	292	339	367	325	409	417	393	391	408	409	195	295	119	301	195	0	54	81	141	0	486	483	508	471	486	130	285	236	130	320	434	323	320	280	
334	469	490	439	454	469	345	345	475	431	345	377	295	365	181	295	419	464	394	419	339	309	384	352	368	339	72	328	287	344	363	328	417	424	394	392	415	417	217	318	170	320	217	54	0	97	109	54	473	470	498	474	473	131	311	211	131	319	437	320	319	297	
250	380	418	351	374	380	274	259	421	386	274	285	207	269	98	207	395	438	374	395	256	227	327	269	288	256	35	244	213	258	286	244	329	336	312	310	327	329	120	221	117	224	120	81	97	0	101	81	409	406	430	390	409	52	214	174	52	240	353	243	240	202	
249	388	389	358	361	388	247	263	367	322	247	306	220	308	114	220	313	357	289	313	253	223	277	265	276	253	115	243	194	262	268	243	338	341	303	302	335	338	181	271	217	265	181	141	109	101	0	141	369	365	395	385	369	80	273	102	80	228	349	227	228	238	
331	461	497	432	455	461	353	340	495	455	353	365	288	345	179	288	453	497	429	453	337	308	401	350	369	337	46	325	292	339	367	325	409	417	393	391	408	409	195	295	119	301	195	0	54	81	141	0	486	483	508	471	486	130	285	236	130	320	434	323	320	280	
187	187	50	180	107	187	138	192	61	107	138	226	233	282	313	233	203	198	216	203	180	198	95	169	144	180	443	192	198	193	135	192	187	173	137	139	183	187	344	313	491	287	344	486	473	409	369	486	0	6	35	140	0	357	336	270	357	181	142	174	181	280	
186	190	55	183	110	190	136	192	57	102	136	227	232	283	310	232	198	193	211	198	179	197	91	168	144	179	440	191	196	193	134	191	189	175	138	140	185	189	342	313	489	287	342	483	470	406	365	483	6	0	40	144	6	354	336	265	354	179	144	172	179	280	
196	170	25	169	95	170	156	198	90	141	156	225	244	280	332	244	237	228	251	237	189	211	127	177	153	189	464	202	217	199	148	202	179	165	139	141	177	179	357	316	506	290	357	508	498	430	395	508	35	40	0	122	35	379	339	298	379	195	132	189	195	287	
140	48	97	55	38	48	146	131	200	234	146	126	183	178	294	183	327	331	333	327	135	165	182	122	109	135	425	146	191	132	120	146	74	60	82	83	73	74	292	224	442	201	292	471	474	390	385	471	140	144	122	0	140	344	247	305	344	157	37	158	157	208	
187	187	50	180	107	187	138	192	61	107	138	226	233	282	313	233	203	198	216	203	180	198	95	169	144	180	443	192	198	193	135	192	187	173	137	139	183	187	344	313	491	287	344	486	473	409	369	486	0	6	35	140	0	357	336	270	357	181	142	174	181	280	
204	339	367	309	326	339	223	214	369	335	223	247	165	240	51	165	347	388	327	347	210	180	275	223	240	210	86	198	162	213	237	198	287	293	265	263	285	287	102	198	159	195	102	130	131	52	80	130	357	354	379	344	357	0	196	127	0	191	307	193	191	170	
153	216	318	194	252	216	215	144	378	373	215	121	116	74	161	116	431	459	420	431	159	152	298	168	192	159	243	149	179	143	205	149	174	187	200	198	174	174	95	24	214	49	95	285	311	214	273	285	336	336	339	247	336	196	0	261	196	170	217	180	170	62	
181	317	294	288	275	317	159	198	266	221	159	252	170	272	115	170	221	264	200	221	184	157	176	192	197	184	201	177	120	197	185	177	270	270	224	223	267	270	191	251	286	236	191	236	211	174	102	236	270	265	298	305	270	127	261	0	127	155	271	150	155	209	
204	339	367	309	326	339	223	214	369	335	223	247	165	240	51	165	347	388	327	347	210	180	275	223	240	210	86	198	162	213	237	198	287	293	265	263	285	287	102	198	159	195	102	130	131	52	80	130	357	354	379	344	357	0	196	127	0	191	307	193	191	170	
28	162	180	133	135	162	46	46	212	203	46	103	55	142	142	55	265	290	258	265	29	18	128	37	49	29	275	27	36	45	47	27	115	115	75	74	112	115	163	150	312	125	163	320	319	240	228	320	181	179	195	157	181	191	170	155	191	0	121	10	0	109	
103	54	108	39	37	54	115	94	199	224	115	97	146	152	257	146	312	321	315	312	98	128	163	85	74	98	388	109	156	95	87	109	47	33	47	48	45	47	256	194	407	170	256	434	437	353	349	434	142	144	132	37	142	307	217	271	307	121	0	123	121	174	
37	167	176	138	134	167	37	55	203	193	37	112	65	152	145	65	255	280	248	255	36	28	118	42	49	36	278	37	34	54	44	37	121	120	76	75	117	121	170	160	318	135	170	323	320	243	227	323	174	172	189	158	174	193	180	150	193	10	123	0	10	119	
28	162	180	133	135	162	46	46	212	203	46	103	55	142	142	55	265	290	258	265	29	18	128	37	49	29	275	27	36	45	47	27	115	115	75	74	112	115	163	150	312	125	163	320	319	240	228	320	181	179	195	157	181	191	170	155	191	0	121	10	0	109	
94	186	267	160	205	186	155	89	319	312	155	87	54	70	125	54	369	397	359	369	101	91	237	112	136	101	235	90	118	88	146	90	137	148	148	146	137	137	87	44	235	27	87	280	297	202	238	280	280	280	287	208	280	170	62	209	170	109	174	119	109	0	
TIME_WINDOW_SECTION
1	0	720
2	0	46
3	191	264
4	409	430
5	504	602
6	682	720
7	0	1
8	80	139
9	373	415
10	475	489
11	647	720
12	0	720
13	0	4
14	107	111
15	306	560
16	674	720
17	0	35
18	81	315
19	387	393
20	420	720
21	0	40
22	71	253
23	399	404
24	541	587
25	612	653
26	690	720
27	0	720
28	0	20
29	78	142
30	220	329
31	391	436
32	493	720
33	0	45
34	60	80
35	135	170
36	172	399
37	457	571
38	575	720
39	0	15
40	116	120
41	351	353
42	600	602
43	708	720
44	0	91
45	145	178
46	275	358
47	459	519
48	660	720
49	0	21
50	27	35
51	75	159
52	281	422
53	562	720
54	0	58
55	254	290
56	551	556
57	683	720
58	0	112
59	233	240
60	363	495
61	505	720
62	0	720
CLUSTER_SECTION
1	1	
2	2	3	4	5	6	
3	7	8	9	10	11	
4	12	
5	13	14	15	16	
6	17	18	19	20	
7	21	22	23	24	25	26	
8	27	
9	28	29	30	31	32	
10	33	34	35	36	37	38	
11	39	40	41	42	43	
12	44	45	46	47	48	
13	49	50	51	52	53	
14	54	55	56	57	
15	58	59	60	61	
16	62	
DEMAND_SECTION
1	0
2	75
3	52
4	51
5	29
6	47
7	47
8	49
9	64
10	51
11	53
12	48
13	40
14	57
15	58
16	29
DEPOT_SECTION
1
EOF