NAME:	instance_4-triangle
TYPE:	VRPRDL
DIMENSION:	52
CAPACITY:	750
TIME_HORIZON:	720
NUM_CUSTOMERS:	16
NODE_COORD_SECTION
1	0.0	0.0
2	140.720165554	-102.862592164
3	95.0073526015	-110.030614943
4	113.528442038	-29.2959208711
5	87.0815761444	-131.481658896
6	140.720165554	-102.862592164
7	-82.4858783539	-80.7321519394
8	-104.707030729	-51.3834568498
9	-175.481522597	-38.3026761088
10	-82.4858783539	-80.7321519394
11	-71.3360884503	122.887826222
12	-75.1262860752	108.604681913
13	-71.3360884503	122.887826222
14	3.65702802258	29.4983600024
15	-6.29078966998	54.0632589983
16	-29.211580081	91.7787942759
17	9.49442808823	16.0193969893
18	3.65702802258	29.4983600024
19	94.016574983	50.350089024
20	95.4820004246	55.4551428732
21	94.016574983	50.350089024
22	82.5238418633	-110.937119441
23	60.0502919363	-116.0793971
24	-30.205508381	-108.004616697
25	82.5238418633	-110.937119441
26	150.664796706	-54.2295036502
27	0.648253351169	153.510910638
28	-64.8253068038	-17.99705875
29	-100.496683804	-30.6714445418
30	-31.1006734857	-20.5294696383
31	-54.0095069137	-12.2732494939
32	-56.194994885	-2.00703906338
33	-64.8253068038	-17.99705875
34	-22.0408909369	-36.2071988395
35	-44.702335275	-27.6523425345
36	-55.2925526279	-25.9334192179
37	0.497730499821	-49.7347425197
38	-22.0408909369	-36.2071988395
39	-0.865910078566	-13.0035011848
40	-25.9258163375	139.262629145
41	-0.865910078566	-13.0035011848
42	11.372859652	-25.9663344225
43	10.4121422365	-29.1373729196
44	-3.63396669827	-35.3266794344
45	11.372859652	-25.9663344225
46	32.3153758922	-128.932987762
47	-63.4041305671	-139.5294418
48	-36.1552975276	-151.909819657
49	19.701043223	-150.083618272
50	-63.1592085632	-152.506140654
51	-63.4041305671	-139.5294418
52	-56.9130364249	17.6237702607
EDGE_WEIGHT_SECTION
0	174	145	117	158	174	115	117	179	115	142	132	142	30	54	96	19	30	107	110	107	138	130	112	138	160	154	67	105	37	55	56	67	42	52	61	50	42	13	141	13	28	31	35	28	133	153	156	151	165	153	60	
174	0	46	78	61	0	224	251	323	224	310	302	310	191	215	258	177	191	160	165	160	59	81	171	59	50	292	222	252	190	214	221	222	176	200	211	150	176	168	294	168	150	150	159	150	111	207	183	130	209	207	231	
145	46	0	83	23	46	180	208	280	180	286	277	286	167	193	237	152	167	160	165	160	13	35	125	13	79	280	184	211	155	178	186	184	138	162	172	112	138	136	277	136	119	117	124	119	65	161	137	85	163	161	198	
117	78	83	0	106	78	203	219	289	203	239	234	239	125	146	187	113	125	82	87	82	87	102	164	87	45	215	179	214	145	168	172	179	135	158	169	115	135	116	219	116	102	103	117	102	129	208	193	153	215	208	177	
158	61	23	106	0	61	177	208	279	177	300	290	300	181	208	251	167	181	182	187	182	21	31	120	21	100	298	189	213	162	185	193	189	145	168	177	119	145	148	293	148	130	128	132	130	55	151	125	70	152	151	207	
174	0	46	78	61	0	224	251	323	224	310	302	310	191	215	258	177	191	160	165	160	59	81	171	59	50	292	222	252	190	214	221	222	176	200	211	150	176	168	294	168	150	150	159	150	111	207	183	130	209	207	231	
115	224	180	203	177	224	0	37	102	0	204	189	204	140	155	180	133	140	220	224	220	168	147	59	168	235	249	65	53	79	74	83	65	75	65	61	89	75	106	227	106	109	106	91	109	125	62	85	123	74	62	101	
117	251	208	219	208	251	37	0	72	37	177	163	177	135	144	162	133	135	223	227	223	196	177	94	196	255	230	52	21	80	64	69	52	84	65	56	105	84	111	206	111	119	117	102	119	157	97	122	159	109	97	84	
179	323	280	289	279	323	102	72	0	102	192	178	192	192	193	196	193	192	284	287	284	268	248	161	268	326	260	113	75	145	124	125	113	153	131	120	176	153	176	232	176	187	186	171	187	227	151	180	225	160	151	131	
115	224	180	203	177	224	0	37	102	0	204	189	204	140	155	180	133	140	220	224	220	168	147	59	168	235	249	65	53	79	74	83	65	75	65	61	89	75	106	227	106	109	106	91	109	125	62	85	123	74	62	101	
142	310	286	239	300	310	204	177	192	204	0	15	0	120	95	52	134	120	181	180	181	280	272	234	280	284	78	141	156	149	136	126	141	167	153	150	187	167	153	48	153	170	173	172	170	272	263	277	288	276	263	106	
132	302	277	234	290	302	189	163	178	189	15	0	15	112	88	49	125	112	179	179	179	270	262	221	270	278	88	127	142	136	122	112	127	154	140	136	175	154	142	58	142	160	162	161	160	260	248	263	275	261	248	93	
142	310	286	239	300	310	204	177	192	204	0	15	0	120	95	52	134	120	181	180	181	280	272	234	280	284	78	141	156	149	136	126	141	167	153	150	187	167	153	48	153	170	173	172	170	272	263	277	288	276	263	106	
30	191	167	125	181	191	140	135	192	140	120	112	120	0	27	70	15	0	93	95	93	161	156	142	161	169	124	83	120	61	71	68	83	71	75	81	79	71	43	114	43	56	59	65	56	161	182	186	180	194	182	62	
54	215	193	146	208	215	155	144	193	155	95	88	95	27	0	44	41	27	100	102	100	187	182	164	187	191	100	93	127	79	82	75	93	92	90	94	104	92	67	87	67	82	85	89	82	187	202	208	205	214	202	62	
96	258	237	187	251	258	180	162	196	180	52	49	52	70	44	0	85	70	130	130	130	231	226	199	231	232	69	115	142	112	107	98	115	128	120	121	145	128	109	48	109	124	127	130	124	229	233	243	247	246	233	79	
19	177	152	113	167	177	133	133	193	133	134	125	134	15	41	85	0	15	91	95	91	146	141	130	146	158	138	82	119	55	70	68	82	61	70	77	66	61	31	128	31	42	45	53	42	147	172	174	166	184	172	66	
30	191	167	125	181	191	140	135	192	140	120	112	120	0	27	70	15	0	93	95	93	161	156	142	161	169	124	83	120	61	71	68	83	71	75	81	79	71	43	114	43	56	59	65	56	161	182	186	180	194	182	62	
107	160	160	82	182	160	220	223	284	220	181	179	181	93	100	130	91	93	0	5	0	162	170	201	162	119	139	173	210	144	161	159	173	145	159	168	137	145	114	149	114	112	115	130	112	190	247	241	214	256	247	154	
110	165	165	87	187	165	224	227	287	224	180	179	180	95	102	130	95	95	5	0	5	167	175	206	167	123	136	176	214	147	164	162	176	149	162	171	142	149	118	148	118	117	120	134	117	195	252	246	219	261	252	157	
107	160	160	82	182	160	220	223	284	220	181	179	181	93	100	130	91	93	0	5	0	162	170	201	162	119	139	173	210	144	161	159	173	145	159	168	137	145	114	149	114	112	115	130	112	190	247	241	214	256	247	154	
138	59	13	87	21	59	168	196	268	168	280	270	280	161	187	231	146	161	162	167	162	0	23	113	0	89	277	174	200	145	168	176	174	128	152	162	102	128	129	273	129	111	109	115	111	53	149	125	74	151	149	190	
130	81	35	102	31	81	147	177	248	147	272	262	272	156	182	226	141	156	170	175	170	23	0	91	23	110	276	158	182	132	154	163	158	115	137	146	89	115	120	269	120	102	100	103	102	31	126	103	53	128	126	178	
112	171	125	164	120	171	59	94	161	59	234	221	234	142	164	199	130	142	201	206	201	113	91	0	113	189	263	96	105	87	99	109	96	72	82	86	66	72	99	247	99	92	89	77	92	66	46	44	65	55	46	128	
138	59	13	87	21	59	168	196	268	168	280	270	280	161	187	231	146	161	162	167	162	0	23	113	0	89	277	174	200	145	168	176	174	128	152	162	102	128	129	273	129	111	109	115	111	53	149	125	74	151	149	190	
160	50	79	45	100	50	235	255	326	235	284	278	284	169	191	232	158	169	119	123	119	89	110	189	89	0	256	218	252	184	208	213	218	173	197	208	150	173	157	262	157	142	142	155	142	140	230	211	162	235	230	220	
154	292	280	215	298	292	249	230	260	249	78	88	78	124	100	69	138	124	139	136	139	277	276	263	277	256	0	184	210	177	175	166	184	191	187	188	203	191	167	30	167	180	183	189	180	284	300	307	304	313	300	148	
67	222	184	179	189	222	65	52	113	65	141	127	141	83	93	115	82	83	173	176	173	174	158	96	174	218	184	0	38	34	12	18	0	46	22	12	72	46	64	162	64	77	76	64	77	147	122	137	157	135	122	36	
105	252	211	214	213	252	53	21	75	53	156	142	156	120	127	142	119	120	210	214	210	200	182	105	200	252	210	38	0	70	50	53	38	79	56	45	103	79	101	186	101	112	111	97	112	165	115	137	169	127	115	65	
37	190	155	145	162	190	79	80	145	79	149	136	149	61	79	112	55	61	144	147	144	145	132	87	145	184	177	34	70	0	24	31	34	18	15	25	43	18	31	160	31	43	42	31	43	125	123	131	139	136	123	46	
55	214	178	168	185	214	74	64	124	74	136	122	136	71	82	107	70	71	161	164	161	168	154	99	168	208	175	12	50	24	0	10	12	40	18	14	66	40	53	154	53	67	66	55	67	145	128	141	156	141	128	30	
56	221	186	172	193	221	83	69	125	83	126	112	126	68	75	98	68	68	159	162	159	176	163	109	176	213	166	18	53	31	10	0	18	48	28	24	74	48	56	144	56	72	72	62	72	155	138	151	166	151	138	20	
67	222	184	179	189	222	65	52	113	65	141	127	141	83	93	115	82	83	173	176	173	174	158	96	174	218	184	0	38	34	12	18	0	46	22	12	72	46	64	162	64	77	76	64	77	147	122	137	157	135	122	36	
42	176	138	135	145	176	75	84	153	75	167	154	167	71	92	128	61	71	145	149	145	128	115	72	128	173	191	46	79	18	40	48	46	0	24	35	26	0	31	176	31	35	33	18	35	107	111	116	121	123	111	64	
52	200	162	158	168	200	65	65	131	65	153	140	153	75	90	120	70	75	159	162	159	152	137	82	152	197	187	22	56	15	18	28	22	24	0	11	50	24	46	168	46	56	55	42	56	127	113	125	138	126	113	47	
61	211	172	169	177	211	61	56	120	61	150	136	150	81	94	121	77	81	168	171	168	162	146	86	162	208	188	12	45	25	14	24	12	35	11	0	61	35	56	168	56	67	66	53	67	135	114	127	145	127	114	44	
50	150	112	115	119	150	89	105	176	89	187	175	187	79	104	145	66	79	137	142	137	102	89	66	102	150	203	72	103	43	66	74	72	26	50	61	0	26	37	191	37	26	23	15	26	85	110	109	102	121	110	89	
42	176	138	135	145	176	75	84	153	75	167	154	167	71	92	128	61	71	145	149	145	128	115	72	128	173	191	46	79	18	40	48	46	0	24	35	26	0	31	176	31	35	33	18	35	107	111	116	121	123	111	64	
13	168	136	116	148	168	106	111	176	106	153	142	153	43	67	109	31	43	114	118	114	129	120	99	129	157	167	64	101	31	53	56	64	31	46	56	37	31	0	154	0	18	20	22	18	121	141	143	139	153	141	64	
141	294	277	219	293	294	227	206	232	227	48	58	48	114	87	48	128	114	149	148	149	273	269	247	273	262	30	162	186	160	154	144	162	176	168	168	191	176	154	0	154	169	172	176	169	274	281	291	292	294	281	126	
13	168	136	116	148	168	106	111	176	106	153	142	153	43	67	109	31	43	114	118	114	129	120	99	129	157	167	64	101	31	53	56	64	31	46	56	37	31	0	154	0	18	20	22	18	121	141	143	139	153	141	64	
28	150	119	102	130	150	109	119	187	109	170	160	170	56	82	124	42	56	112	117	112	111	102	92	111	142	180	77	112	43	67	72	77	35	56	67	26	35	18	169	18	0	3	18	0	105	136	134	124	147	136	81	
31	150	117	103	128	150	106	117	186	106	173	162	173	59	85	127	45	59	115	120	115	109	100	89	109	142	183	76	111	42	66	72	76	33	55	66	23	33	20	172	20	3	0	15	3	102	133	131	121	144	133	82	
35	159	124	117	132	159	91	102	171	91	172	161	172	65	89	130	53	65	130	134	130	115	103	77	115	155	189	64	97	31	55	62	64	18	42	53	15	18	22	176	22	18	15	0	18	100	120	121	117	131	120	75	
28	150	119	102	130	150	109	119	187	109	170	160	170	56	82	124	42	56	112	117	112	111	102	92	111	142	180	77	112	43	67	72	77	35	56	67	26	35	18	169	18	0	3	18	0	105	136	134	124	147	136	81	
133	111	65	129	55	111	125	157	227	125	272	260	272	161	187	229	147	161	190	195	190	53	31	66	53	140	284	147	165	125	145	155	147	107	127	135	85	107	121	274	121	105	102	100	105	0	96	72	25	98	96	171	
153	207	161	208	151	207	62	97	151	62	263	248	263	182	202	233	172	182	247	252	247	149	126	46	149	230	300	122	115	123	128	138	122	111	113	114	110	111	141	281	141	136	133	120	136	96	0	30	84	13	0	157	
156	183	137	193	125	183	85	122	180	85	277	263	277	186	208	243	174	186	241	246	241	125	103	44	125	211	307	137	137	131	141	151	137	116	125	127	109	116	143	291	143	134	131	121	134	72	30	0	56	27	30	171	
151	130	85	153	70	130	123	159	225	123	288	275	288	180	205	247	166	180	214	219	214	74	53	65	74	162	304	157	169	139	156	166	157	121	138	145	102	121	139	292	139	124	121	117	124	25	84	56	0	83	84	184	
165	209	163	215	152	209	74	109	160	74	276	261	276	194	214	246	184	194	256	261	256	151	128	55	151	235	313	135	127	136	141	151	135	123	126	127	121	123	153	294	153	147	144	131	147	98	13	27	83	0	13	170	
153	207	161	208	151	207	62	97	151	62	263	248	263	182	202	233	172	182	247	252	247	149	126	46	149	230	300	122	115	123	128	138	122	111	113	114	110	111	141	281	141	136	133	120	136	96	0	30	84	13	0	157	
60	231	198	177	207	231	101	84	131	101	106	93	106	62	62	79	66	62	154	157	154	190	178	128	190	220	148	36	65	46	30	20	36	64	47	44	89	64	64	126	64	81	82	75	81	171	157	171	184	170	157	0	
EDGE_TRAVEL_TIME_SECTION
0	349	291	234	315	349	231	233	359	231	284	264	284	59	109	193	37	59	213	221	213	277	261	224	277	320	307	135	210	75	111	112	135	85	105	122	99	85	26	283	26	57	62	71	57	266	307	312	303	330	307	119	
349	0	93	157	122	0	449	502	645	449	619	604	619	381	430	517	354	381	320	329	320	118	163	342	118	99	584	445	504	381	430	442	445	352	400	421	300	352	335	588	335	301	299	319	301	223	414	367	260	420	414	463	
291	93	0	166	46	93	360	416	560	360	572	554	572	334	386	474	305	334	321	331	321	25	71	250	25	158	560	369	422	309	356	371	369	277	324	344	224	277	273	554	273	237	234	247	237	131	322	275	171	328	322	397	
234	157	166	0	211	157	405	439	578	405	479	467	479	249	292	374	227	249	164	173	164	175	204	328	175	89	430	357	428	290	337	344	357	271	316	337	230	271	231	438	231	204	206	235	204	257	417	387	306	431	417	353	
315	122	46	211	0	122	354	416	557	354	599	579	599	362	415	503	333	362	364	374	364	42	62	239	42	200	596	379	426	324	369	386	379	290	336	354	238	290	295	587	295	260	256	264	260	110	301	250	140	303	301	414	
349	0	93	157	122	0	449	502	645	449	619	604	619	381	430	517	354	381	320	329	320	118	163	342	118	99	584	445	504	381	430	442	445	352	400	421	300	352	335	588	335	301	299	319	301	223	414	367	260	420	414	463	
231	449	360	405	354	449	0	74	204	0	408	379	408	280	310	361	267	280	440	448	440	336	294	118	336	469	497	130	106	158	148	166	130	150	130	122	177	150	212	454	212	217	213	182	217	249	124	170	247	149	124	203	
233	502	416	439	416	502	74	0	144	74	355	325	355	270	288	324	265	270	446	454	446	393	354	187	393	510	461	104	42	160	128	138	104	168	129	111	210	168	221	413	221	238	234	205	238	315	195	243	318	219	195	168	
359	645	560	578	557	645	204	144	0	204	384	356	384	383	386	391	385	383	567	573	567	536	496	322	536	653	521	225	151	291	248	249	225	307	262	242	353	307	353	464	353	374	372	344	374	453	302	360	450	320	302	262	
231	449	360	405	354	449	0	74	204	0	408	379	408	280	310	361	267	280	440	448	440	336	294	118	336	469	497	130	106	158	148	166	130	150	130	122	177	150	212	454	212	217	213	182	217	249	124	170	247	149	124	203	
284	619	572	479	599	619	408	355	384	408	0	30	0	240	189	105	268	240	361	360	361	560	545	469	560	568	156	282	313	298	272	251	282	333	306	299	374	333	306	97	306	341	345	344	341	545	525	553	576	551	525	212	
264	604	554	467	579	604	379	325	356	379	30	0	30	223	176	98	251	223	358	357	358	541	524	442	541	556	176	254	283	273	245	224	254	308	279	272	351	308	285	116	285	320	324	321	320	521	497	526	551	523	497	186	
284	619	572	479	599	619	408	355	384	408	0	30	0	240	189	105	268	240	361	360	361	560	545	469	560	568	156	282	313	298	272	251	282	333	306	299	374	333	306	97	306	341	345	344	341	545	525	553	576	551	525	212	
59	381	334	249	362	381	280	270	383	280	240	223	240	0	53	141	29	0	185	191	185	322	312	283	322	338	248	166	241	122	142	135	166	141	150	162	158	141	85	227	85	112	118	130	112	322	364	371	361	388	364	123	
109	430	386	292	415	430	310	288	386	310	189	176	189	53	0	88	82	53	201	204	201	375	365	328	375	381	199	186	253	157	163	150	186	183	181	188	208	183	135	175	135	164	170	179	164	374	404	416	412	429	404	125	
193	517	474	374	503	517	361	324	391	361	105	98	105	141	88	0	170	141	260	260	260	463	452	400	463	463	137	231	283	225	214	195	231	256	241	241	289	256	217	95	217	249	254	259	249	458	468	488	493	493	468	158	
37	354	305	227	333	354	267	265	385	267	268	251	268	29	82	170	0	29	182	189	182	293	283	260	293	315	276	163	239	109	139	136	163	122	139	154	133	122	62	256	62	84	90	106	84	293	344	348	333	367	344	133	
59	381	334	249	362	381	280	270	383	280	240	223	240	0	53	141	29	0	185	191	185	322	312	283	322	338	248	166	241	122	142	135	166	141	150	162	158	141	85	227	85	112	118	130	112	322	364	371	361	388	364	123	
213	320	321	164	364	320	440	446	567	440	361	358	361	185	201	260	182	185	0	11	0	323	340	403	323	238	278	345	421	288	321	318	345	290	318	335	274	290	228	299	228	225	231	260	225	379	493	481	428	513	493	308	
221	329	331	173	374	329	448	454	573	448	360	357	360	191	204	260	189	191	11	0	11	334	350	412	334	246	273	352	428	295	328	324	352	298	326	343	283	298	236	295	236	234	240	269	234	390	503	491	438	523	503	314	
213	320	321	164	364	320	440	446	567	440	361	358	361	185	201	260	182	185	0	11	0	323	340	403	323	238	278	345	421	288	321	318	345	290	318	335	274	290	228	299	228	225	231	260	225	379	493	481	428	513	493	308	
277	118	25	175	42	118	336	393	536	336	560	541	560	322	375	463	293	322	323	334	323	0	46	226	0	177	554	348	400	290	337	352	348	257	304	324	205	257	257	545	257	222	218	229	222	107	297	251	148	303	297	379	
261	163	71	204	62	163	294	354	496	294	545	524	545	312	365	452	283	312	340	350	340	46	0	181	46	219	552	318	364	264	308	326	318	229	274	293	178	229	239	539	239	205	200	206	205	61	251	205	106	257	251	355	
224	342	250	328	239	342	118	187	322	118	469	442	469	283	328	400	260	283	403	412	403	226	181	0	226	377	527	193	209	175	197	218	193	145	163	172	132	145	199	495	199	184	177	155	184	132	92	89	131	111	92	257	
277	118	25	175	42	118	336	393	536	336	560	541	560	322	375	463	293	322	323	334	323	0	46	226	0	177	554	348	400	290	337	352	348	257	304	324	205	257	257	545	257	222	218	229	222	107	297	251	148	303	297	379	
320	99	158	89	200	99	469	510	653	469	568	556	568	338	381	463	315	338	238	246	238	177	219	377	177	0	512	437	504	370	418	427	437	347	394	415	300	347	314	524	314	284	285	311	284	280	461	422	325	471	461	439	
307	584	560	430	596	584	497	461	521	497	156	176	156	248	199	137	276	248	278	273	278	554	552	527	554	512	0	367	420	354	349	331	367	382	374	376	406	382	333	60	333	360	366	378	360	568	600	615	608	625	600	295	
135	445	369	357	379	445	130	104	225	130	282	254	282	166	186	231	163	166	345	352	345	348	318	193	348	437	367	0	76	68	24	36	0	93	45	25	145	93	128	324	128	153	152	127	153	295	243	274	314	269	243	73	
210	504	422	428	426	504	106	42	151	106	313	283	313	241	253	283	239	241	421	428	421	400	364	209	400	504	420	76	0	140	100	106	76	157	112	91	206	157	202	371	202	224	222	194	224	330	230	275	339	255	230	130	
75	381	309	290	324	381	158	160	291	158	298	273	298	122	157	225	109	122	288	295	288	290	264	175	290	370	354	68	140	0	49	62	68	36	31	50	86	36	62	320	62	86	85	62	86	251	247	263	278	272	247	92	
111	430	356	337	369	430	148	128	248	148	272	245	272	142	163	214	139	142	321	328	321	337	308	197	337	418	349	24	100	49	0	21	24	80	36	27	132	80	106	308	106	134	133	111	134	290	255	282	313	281	255	60	
112	442	371	344	386	442	166	138	249	166	251	224	251	135	150	195	136	135	318	324	318	352	326	218	352	427	331	36	106	62	21	0	36	97	56	48	148	97	113	289	113	143	144	124	143	309	275	302	333	301	275	39	
135	445	369	357	379	445	130	104	225	130	282	254	282	166	186	231	163	166	345	352	345	348	318	193	348	437	367	0	76	68	24	36	0	93	45	25	145	93	128	324	128	153	152	127	153	295	243	274	314	269	243	73	
85	352	277	271	290	352	150	168	307	150	333	308	333	141	183	256	122	141	290	298	290	257	229	145	257	347	382	93	157	36	80	97	93	0	48	69	53	0	63	351	63	70	66	37	70	215	223	233	243	247	223	128	
105	400	324	316	336	400	130	129	262	130	306	279	306	150	181	241	139	150	318	326	318	304	274	163	304	394	374	45	112	31	36	56	45	48	0	21	101	48	92	336	92	112	110	84	112	254	227	249	277	252	227	94	
122	421	344	337	354	421	122	111	242	122	299	272	299	162	188	241	154	162	335	343	335	324	293	172	324	415	376	25	91	50	27	48	25	69	21	0	121	69	112	335	112	133	131	105	133	270	228	255	290	254	228	87	
99	300	224	230	238	300	177	210	353	177	374	351	374	158	208	289	133	158	274	283	274	205	178	132	205	300	406	145	206	86	132	148	145	53	101	121	0	53	74	382	74	52	46	30	52	171	220	217	204	242	220	177	
85	352	277	271	290	352	150	168	307	150	333	308	333	141	183	256	122	141	290	298	290	257	229	145	257	347	382	93	157	36	80	97	93	0	48	69	53	0	63	351	63	70	66	37	70	215	223	233	243	247	223	128	
26	335	273	231	295	335	212	221	353	212	306	285	306	85	135	217	62	85	228	236	228	257	239	199	257	314	333	128	202	62	106	113	128	63	92	112	74	63	0	309	0	36	39	45	36	241	282	287	277	306	282	128	
283	588	554	438	587	588	454	413	464	454	97	116	97	227	175	95	256	227	299	295	299	545	539	495	545	524	60	324	371	320	308	289	324	351	336	335	382	351	309	0	309	339	345	352	339	549	563	583	586	588	563	251	
26	335	273	231	295	335	212	221	353	212	306	285	306	85	135	217	62	85	228	236	228	257	239	199	257	314	333	128	202	62	106	113	128	63	92	112	74	63	0	309	0	36	39	45	36	241	282	287	277	306	282	128	
57	301	237	204	260	301	217	238	374	217	341	320	341	112	164	249	84	112	225	234	225	222	205	184	222	284	360	153	224	86	134	143	153	70	112	133	52	70	36	339	36	0	7	35	0	210	272	269	249	294	272	162	
62	299	234	206	256	299	213	234	372	213	345	324	345	118	170	254	90	118	231	240	231	218	200	177	218	285	366	152	222	85	133	144	152	66	110	131	46	66	39	345	39	7	0	31	7	204	266	263	243	287	266	164	
71	319	247	235	264	319	182	205	344	182	344	321	344	130	179	259	106	130	260	269	260	229	206	155	229	311	378	127	194	62	111	124	127	37	84	105	30	37	45	352	45	35	31	0	35	201	240	242	234	263	240	150	
57	301	237	204	260	301	217	238	374	217	341	320	341	112	164	249	84	112	225	234	225	222	205	184	222	284	360	153	224	86	134	143	153	70	112	133	52	70	36	339	36	0	7	35	0	210	272	269	249	294	272	162	
266	223	131	257	110	223	249	315	453	249	545	521	545	322	374	458	293	322	379	390	379	107	61	132	107	280	568	295	330	251	290	309	295	215	254	270	171	215	241	549	241	210	204	201	210	0	193	144	49	197	193	343	
307	414	322	417	301	414	124	195	302	124	525	497	525	364	404	468	344	364	493	503	493	297	251	92	297	461	600	243	230	247	255	275	243	223	227	228	220	223	282	563	282	272	266	240	272	193	0	60	168	26	0	314	
312	367	275	387	250	367	170	243	360	170	553	526	553	371	416	488	348	371	481	491	481	251	205	89	251	422	615	274	275	263	282	302	274	233	249	255	217	233	287	583	287	269	263	242	269	144	60	0	112	54	60	341	
303	260	171	306	140	260	247	318	450	247	576	551	576	361	412	493	333	361	428	438	428	148	106	131	148	325	608	314	339	278	313	333	314	243	277	290	204	243	277	586	277	249	243	234	249	49	168	112	0	166	168	369	
330	420	328	431	303	420	149	219	320	149	551	523	551	388	429	493	367	388	513	523	513	303	257	111	303	471	625	269	255	272	281	301	269	247	252	254	242	247	306	588	306	294	287	263	294	197	26	54	166	0	26	340	
307	414	322	417	301	414	124	195	302	124	525	497	525	364	404	468	344	364	493	503	493	297	251	92	297	461	600	243	230	247	255	275	243	223	227	228	220	223	282	563	282	272	266	240	272	193	0	60	168	26	0	314	
119	463	397	353	414	463	203	168	262	203	212	186	212	123	125	158	133	123	308	314	308	379	355	257	379	439	295	73	130	92	60	39	73	128	94	87	177	128	128	251	128	162	164	150	162	343	314	341	369	340	314	0	
TIME_WINDOW_SECTION
1	0	720
2	0	12
3	105	123
4	289	302
5	513	523
6	645	720
7	0	28
8	102	162
9	306	500
10	704	720
11	0	65
12	95	377
13	407	720
14	0	205
15	258	345
16	433	453
17	623	627
18	656	720
19	0	456
20	467	498
21	509	720
22	0	1
23	47	74
24	255	431
25	657	720
26	0	720
27	0	720
28	0	99
29	175	231
30	371	388
31	437	489
32	510	550
33	586	720
34	0	9
35	57	235
36	256	287
37	408	607
38	660	720
39	0	9
40	318	347
41	656	720
42	0	80
43	87	260
44	291	384
45	419	720
46	0	720
47	0	74
48	134	218
49	330	399
50	565	636
51	662	720
52	0	720
CLUSTER_SECTION
1	1	
2	2	3	4	5	6	
3	7	8	9	10	
4	11	12	13	
5	14	15	16	17	18	
6	19	20	21	
7	22	23	24	25	
8	26	
9	27	
10	28	29	30	31	32	33	
11	34	35	36	37	38	
12	39	40	41	
13	42	43	44	45	
14	46	
15	47	48	49	50	51	
16	52	
DEMAND_SECTION
1	0
2	49
3	45
4	39
5	67
6	71
7	38
8	34
9	32
10	57
11	63
12	66
13	64
14	73
15	68
16	80
DEPOT_SECTION
1
EOF