NAME:	instance_27-triangle
TYPE:	VRPRDL
DIMENSION:	219
CAPACITY:	750
TIME_HORIZON:	720
NUM_CUSTOMERS:	61
NODE_COORD_SECTION
1	0.0	0.0
2	-67.4288068689	-17.0752966603
3	-66.9541288275	-15.9432755639
4	-122.284009585	-47.0691828857
5	-67.4288068689	-17.0752966603
6	-4.95770102647	3.304346124
7	67.575092898	18.0733213394
8	-33.4645238286	69.960563825
9	-4.95770102647	3.304346124
10	2.08026320496	-10.6047137892
11	143.145335963	-88.1958264393
12	2.08026320496	-10.6047137892
13	10.862328164	19.1456069527
14	-4.72962465988	-56.0761909695
15	10.862328164	19.1456069527
16	29.7840075043	-126.388424101
17	-8.53870495983	-113.032837806
18	-8.79301652722	-123.085885786
19	68.853817556	-134.558816248
20	38.3315673884	-110.971416422
21	29.7840075043	-126.388424101
22	-102.657257445	-41.2862893798
23	-103.412964336	-18.2261882974
24	-89.7129104947	-34.9680465956
25	-115.33460436	-44.5805840509
26	-170.910781979	-56.8909467918
27	-102.657257445	-41.2862893798
28	0.204646842133	0.771580066826
29	46.8763408365	52.6660300201
30	24.4656268543	31.6608148416
31	0.204646842133	0.771580066826
32	6.79750957585	14.9934951519
33	7.68056854645	23.7856264427
34	35.9517556085	-5.97075744003
35	6.79750957585	14.9934951519
36	-6.11825872261	11.103401472
37	40.9692095743	-52.6749109682
38	75.9352333582	21.7729487787
39	-11.2587487819	62.9602871784
40	-6.11825872261	11.103401472
41	-71.0589819413	15.3271004211
42	-9.67470686893	38.8855182655
43	-33.2355358319	6.71206436036
44	-116.920516918	71.828316956
45	-71.0589819413	15.3271004211
46	-24.6425631965	-158.530227344
47	-23.546935591	11.8914842494
48	-50.0594594556	-50.5951901909
49	-9.80478482626	61.9570112555
50	-23.546935591	11.8914842494
51	-67.7106579344	53.0293276956
52	-100.504037073	-131.302312809
53	-159.335373619	-135.471845571
54	-80.0986683402	-137.807890136
55	-53.2901800638	-168.684326914
56	-32.8437403086	-137.510999708
57	-100.504037073	-131.302312809
58	-0.238981815111	-24.7446416206
59	38.8367763508	152.129628427
60	34.0111057799	121.890001816
61	60.1148162711	154.000128142
62	3.59806034755	128.290653511
63	38.8367763508	152.129628427
64	-13.6191843701	45.197443678
65	-38.9574316129	148.875738037
66	-5.4400011196	44.0231798637
67	-13.6191843701	45.197443678
68	-36.0866447421	-87.822570322
69	-163.859217895	-18.6031608551
70	-36.0866447421	-87.822570322
71	-13.7417047743	9.95971698998
72	-9.75524826322	1.93628023934
73	-27.7855345366	14.3373033954
74	-13.7417047743	9.95971698998
75	46.8181331134	-173.337915269
76	20.3475112639	-134.666624973
77	47.6820745566	-167.393347647
78	-15.5109274747	-112.079587
79	46.8181331134	-173.337915269
80	-83.8130557147	-56.1873088832
81	-156.911793431	52.9959454149
82	-83.8130557147	-56.1873088832
83	-116.268576295	19.1588113099
84	51.4211544131	42.9627418971
85	-6.99016245038	-14.4194793821
86	22.308442703	-21.910288075
87	42.6771172499	57.9285022971
88	24.5812820972	-14.1597987081
89	-6.99016245038	-14.4194793821
90	14.3047020096	-87.7197734595
91	-48.7990193136	-47.9891768661
92	44.2876488748	-95.2111586236
93	14.3047020096	-87.7197734595
94	-104.31915456	10.4531177398
95	0.937259309918	60.9821764016
96	-104.31915456	10.4531177398
97	0.247767130519	-11.9803349409
98	13.6906168931	4.12158739313
99	-0.808763345171	-15.8091661124
100	0.247767130519	-11.9803349409
101	4.28833529196	-14.9495348612
102	95.8519970871	-59.0003318847
103	33.9036344246	-59.2095861421
104	4.28833529196	-14.9495348612
105	-4.16073717281	-13.7736079917
106	60.5923315976	-45.2689921925
107	-15.2147491971	9.33298922905
108	40.9962486312	-61.814038497
109	-4.16073717281	-13.7736079917
110	-62.8249765393	66.2692049145
111	-91.6183709242	124.578568778
112	-149.512284731	8.03448349957
113	-62.8249765393	66.2692049145
114	-117.197608097	19.5997333161
115	152.390909105	-63.2596130943
116	-5.11461727565	-30.8938665735
117	13.7304721607	-166.753603464
118	17.3985631177	-165.603384583
119	13.7304721607	-166.753603464
120	-130.914699345	-102.341220824
121	-111.947236691	-93.1939940957
122	-146.502938788	-123.61950646
123	-144.323631541	-88.01809528
124	-139.87951432	-112.465954109
125	-130.914699345	-102.341220824
126	24.9974296051	12.9565976361
127	29.3381890725	83.2308947907
128	46.8101684441	-32.8546951228
129	24.9974296051	12.9565976361
130	18.9019344464	65.8532449206
131	-59.2501259394	41.1999526602
132	-62.2104185839	22.1622735286
133	-49.8063744789	57.5906837967
134	-79.2028232467	69.1996922029
135	-59.2501259394	41.1999526602
136	-55.7100611272	-49.2536492634
137	-26.2446976867	-4.80024759507
138	-3.4750375147	-13.0777511902
139	-55.7100611272	-49.2536492634
140	-8.80456153022	67.4627700356
141	-6.90972527612	68.2175308412
142	-8.80456153022	67.4627700356
143	-126.455437616	-112.638770717
144	-144.890405621	-95.0246759438
145	-126.455437616	-112.638770717
146	-21.289701039	91.6254079583
147	-1.85576249922	29.9432064017
148	-28.4099812792	72.960442139
149	-57.0079723723	69.1284546354
150	-19.776535648	100.821351351
151	-21.289701039	91.6254079583
152	29.5103663676	-89.3587472878
153	-95.809729509	67.4588487695
154	-127.43118765	47.1126876462
155	-36.9786049936	113.302946682
156	-87.2450144442	-2.21665096533
157	-95.809729509	67.4588487695
158	13.024039037	-2.55795266757
159	91.8209756393	133.088998192
160	13.024039037	-2.55795266757
161	132.791122793	-90.0730757729
162	137.696378685	-87.0139056646
163	99.4472199581	-75.0044094234
164	122.051997089	-109.406650592
165	127.365659068	-94.3116298194
166	132.791122793	-90.0730757729
167	-24.5503424994	42.1189342596
168	-55.8574440927	-4.37187655921
169	-13.1956445954	7.39959759513
170	-24.5503424994	42.1189342596
171	-4.76114753779	8.04546460588
172	-0.0556353470712	10.979673587
173	-1.14220504868	42.8081479373
174	0.0129182201376	18.2909196302
175	4.71648801321	19.082680908
176	-0.0556353470712	10.979673587
177	10.1176104063	-1.98948394695
178	-7.75649392332	-35.740241736
179	-10.6961442386	21.1877950626
180	86.1443605823	-0.0911327305481
181	10.1176104063	-1.98948394695
182	171.817672723	-46.4468351926
183	121.578398671	-55.0938327095
184	171.817672723	-46.4468351926
185	21.5186020269	-28.1924393826
186	-27.6731599177	-62.6672883315
187	42.3970200666	66.5216075557
188	21.5186020269	-28.1924393826
189	-3.47128930162	1.14160871295
190	-76.5810868323	19.8804718464
191	8.35465107202	-41.7141065724
192	34.6301685493	1.46739000217
193	-3.47128930162	1.14160871295
194	56.7497382124	-30.6619946194
195	30.5246606565	-65.8645178787
196	25.9553017026	2.66305523288
197	18.5514930175	-76.7534063951
198	66.004908038	-48.2114093479
199	56.7497382124	-30.6619946194
200	14.493847734	45.5562137073
201	-29.1040612555	33.9273700084
202	-23.8671933781	108.544565281
203	-29.1040612555	33.9273700084
204	5.9869078058	51.2711553052
205	10.7168321207	71.0041034787
206	5.9869078058	51.2711553052
207	36.7334388226	42.0417682828
208	23.226723745	47.5101170213
209	87.6512971978	22.0977892637
210	56.7604486133	9.73458610892
211	36.7334388226	42.0417682828
212	127.523652948	-89.5368386415
213	105.975891554	81.2270911392
214	127.523652948	-89.5368386415
215	-141.261745917	-34.6598975349
216	-170.805772058	8.10277743062
217	-154.003879679	-29.0475982647
218	-100.096088084	19.7299229654
219	-141.261745917	-34.6598975349
EDGE_WEIGHT_SECTION
0	70	69	131	70	6	70	77	6	11	168	11	22	56	22	130	113	123	151	117	130	110	105	96	123	180	110	1	71	40	1	16	25	36	16	12	66	79	64	12	73	40	34	137	73	160	26	71	62	26	86	165	209	159	177	141	165	25	157	126	165	128	157	47	154	44	47	95	165	95	17	10	31	17	180	136	174	113	180	101	166	101	118	67	16	31	72	28	16	89	68	105	89	105	61	105	12	14	16	12	16	112	68	16	14	76	18	74	14	91	154	150	91	119	165	31	167	167	167	166	145	191	169	179	166	28	88	57	28	68	72	66	76	105	72	74	27	14	74	68	68	68	169	173	169	94	30	78	89	102	94	94	117	136	119	87	117	13	162	13	160	162	124	164	158	160	48	56	15	48	9	11	43	18	20	11	10	36	23	86	10	178	133	178	35	68	79	35	4	79	43	35	4	64	73	26	79	82	64	48	44	111	44	52	72	52	56	52	90	57	56	156	134	156	145	171	157	102	145	
70	0	1	62	0	66	139	93	66	70	222	70	86	74	86	146	112	121	180	141	146	43	36	29	55	111	43	70	134	104	70	80	85	104	80	67	114	148	98	67	33	80	42	102	33	148	53	38	98	53	70	119	150	121	152	125	119	68	200	172	213	162	200	82	168	87	82	77	96	77	60	61	51	60	193	147	189	108	193	42	114	42	61	133	60	90	133	92	60	108	36	136	108	46	103	46	68	84	66	68	71	169	110	71	63	131	59	117	63	83	144	86	83	62	225	64	170	171	170	106	88	132	105	120	106	97	139	115	97	119	59	39	77	87	58	34	43	64	34	103	104	103	112	110	112	118	80	98	86	127	118	121	89	88	133	25	89	82	218	82	213	217	177	210	209	213	73	17	60	73	68	73	89	76	80	73	79	63	68	154	79	241	193	241	90	60	137	90	67	38	80	104	67	125	109	95	105	137	125	103	64	133	64	100	117	100	119	111	159	127	119	208	199	208	76	106	87	49	76	
69	1	0	63	1	65	139	92	65	69	222	69	85	74	85	147	113	122	180	141	147	44	37	30	56	112	44	69	133	103	69	80	84	103	80	67	114	148	97	67	32	79	41	101	32	149	52	39	97	52	69	120	151	122	153	126	120	67	199	170	211	161	199	81	167	86	81	78	97	78	59	60	50	59	194	147	190	109	194	43	113	43	60	132	60	89	132	91	60	108	37	137	108	45	102	45	67	83	66	67	71	168	110	71	63	131	58	117	63	82	143	86	82	61	224	64	171	172	171	107	89	133	106	121	107	96	138	115	96	118	57	38	76	86	57	35	42	64	35	102	103	102	113	111	113	117	79	97	85	126	117	121	88	87	132	24	88	81	217	81	213	216	176	211	209	213	72	16	59	72	67	72	88	75	80	72	78	62	67	154	78	240	193	240	89	61	136	89	66	37	79	103	66	124	110	95	105	137	124	102	63	132	63	99	116	99	118	110	159	126	118	207	198	207	77	107	88	49	77	
131	62	63	0	62	127	200	147	127	129	269	129	148	118	148	171	131	137	210	173	171	20	34	34	7	50	20	131	196	166	131	142	147	163	142	129	163	209	156	129	81	142	104	119	81	148	115	72	157	115	114	87	96	100	140	127	87	124	256	230	271	215	256	142	213	148	142	95	50	95	122	122	113	122	211	167	208	125	211	40	106	40	67	195	119	146	195	150	119	143	73	173	143	60	163	60	127	145	125	127	130	218	156	130	122	182	121	164	122	128	174	61	128	67	275	118	181	183	181	56	47	80	47	68	56	158	199	170	158	181	108	92	127	124	108	67	104	123	67	161	163	161	66	53	66	171	142	152	133	179	171	158	118	94	181	57	118	142	279	142	258	263	223	252	254	258	132	79	121	132	129	135	151	138	142	135	139	115	130	213	139	293	244	293	145	96	199	145	127	81	130	164	127	180	154	156	144	188	180	165	123	184	123	162	177	162	181	173	220	187	181	253	261	253	23	73	36	70	23	
70	0	1	62	0	66	139	93	66	70	222	70	86	74	86	146	112	121	180	141	146	43	36	29	55	111	43	70	134	104	70	80	85	104	80	67	114	148	98	67	33	80	42	102	33	148	53	38	98	53	70	119	150	121	152	125	119	68	200	171	212	162	200	82	168	87	82	77	96	77	60	61	51	60	193	147	189	108	193	42	114	42	61	133	60	90	133	92	60	108	36	136	108	46	103	46	68	84	66	68	71	169	110	71	63	131	59	117	63	83	144	86	83	62	225	64	170	171	170	106	88	132	105	120	106	97	139	115	97	119	58	39	77	87	58	34	43	64	34	103	104	103	112	110	112	118	80	98	86	127	118	121	89	88	133	25	89	82	218	82	213	217	177	210	209	213	73	17	60	73	68	73	89	76	80	73	79	63	68	154	79	241	193	241	90	60	137	90	67	38	80	104	67	125	109	95	105	137	125	103	64	133	64	100	117	100	119	111	159	127	119	208	199	208	76	106	87	49	76	
6	66	65	127	66	0	74	72	0	16	174	16	22	59	22	134	116	126	156	122	134	107	101	93	120	177	107	6	71	40	6	17	24	42	17	8	72	83	60	8	67	36	28	131	67	163	20	70	59	20	80	165	207	160	179	144	165	28	155	125	164	125	155	43	149	41	43	96	160	96	11	5	25	11	184	140	178	116	184	99	160	99	112	69	18	37	72	34	18	93	67	110	93	99	58	99	16	19	20	16	20	118	73	20	17	82	12	80	17	86	149	144	86	113	171	34	171	170	171	164	144	190	167	178	164	31	87	63	31	67	66	60	70	99	66	73	23	16	73	64	65	64	168	171	168	90	27	73	84	99	90	99	111	130	114	82	111	19	162	19	166	168	130	170	164	166	43	51	9	43	5	9	40	16	18	9	16	39	19	91	16	184	139	184	41	70	79	41	3	73	47	40	3	70	77	31	83	88	70	46	39	107	39	49	69	49	56	52	94	62	56	162	135	162	141	165	152	96	141	
70	139	139	200	139	74	0	114	74	71	130	71	57	103	57	149	152	160	152	132	149	180	175	166	193	250	180	70	40	45	70	61	60	40	61	74	76	9	91	74	138	80	101	192	138	199	91	136	89	91	140	224	274	214	222	185	224	80	137	109	136	127	137	85	169	77	85	148	234	148	82	79	95	82	193	160	187	154	193	168	227	168	183	30	81	60	47	54	81	118	134	116	118	172	79	172	73	56	76	73	71	82	84	71	78	64	83	84	78	139	191	217	139	184	118	88	192	190	192	232	211	257	236	245	232	43	75	55	43	68	128	130	123	155	128	140	97	77	140	91	90	91	234	240	234	115	70	111	134	120	115	114	170	196	141	156	170	58	118	58	126	126	98	139	127	126	95	125	81	95	73	68	73	68	63	68	61	93	78	26	61	123	91	123	65	124	55	65	73	144	84	37	73	50	91	44	107	66	50	60	98	128	98	70	78	70	39	53	20	14	39	123	74	123	215	238	226	167	215	
77	93	92	147	93	72	114	0	72	88	237	88	67	129	67	206	184	194	228	194	206	131	113	119	140	187	131	77	82	69	77	68	62	103	68	65	143	119	23	65	66	39	63	83	66	228	59	122	25	59	38	212	241	213	239	207	212	100	109	85	126	69	109	32	79	38	32	158	157	158	63	72	56	63	256	211	250	183	256	135	125	135	97	89	88	107	77	102	88	164	119	182	164	92	35	92	88	81	92	88	92	182	145	92	88	148	63	151	88	30	80	131	30	97	228	104	241	241	241	198	181	224	192	211	198	81	64	130	81	53	39	56	20	46	39	121	75	88	121	25	27	25	205	198	205	25	51	6	24	34	25	171	62	97	43	90	62	86	140	86	230	232	196	237	229	230	29	78	66	29	68	68	42	62	63	68	84	109	54	138	84	235	199	235	112	133	76	112	75	66	119	96	75	135	149	89	155	154	134	54	36	40	36	44	44	44	75	61	130	108	75	226	140	226	150	150	155	83	150	
6	66	65	127	66	0	74	72	0	16	174	16	22	59	22	134	116	126	156	122	134	107	101	93	120	177	107	6	71	40	6	17	24	42	17	8	72	83	60	8	67	36	28	131	67	163	20	70	59	20	80	165	207	160	179	144	165	28	155	125	164	125	155	43	149	41	43	96	160	96	11	5	25	11	184	140	178	116	184	99	160	99	112	69	18	37	72	34	18	93	67	110	93	99	58	99	16	19	20	16	20	118	73	20	17	82	12	80	17	86	149	144	86	113	171	34	171	170	171	164	144	190	167	178	164	31	87	63	31	67	66	60	70	99	66	73	23	16	73	64	65	64	168	171	168	90	27	73	84	99	90	99	111	130	114	82	111	19	162	19	166	168	130	170	164	166	43	51	9	43	5	9	40	16	18	9	16	39	19	91	16	184	139	184	41	70	79	41	3	73	47	40	3	70	77	31	83	88	70	46	39	107	39	49	69	49	56	52	94	62	56	162	135	162	141	165	152	96	141	
11	70	69	129	70	16	71	88	16	0	161	0	31	46	31	119	103	113	141	106	119	109	106	95	122	179	109	12	78	48	12	26	35	34	26	23	57	80	75	23	78	51	39	145	78	150	34	65	73	34	94	158	203	151	167	131	158	14	167	136	175	139	167	58	165	55	58	86	166	86	26	17	39	26	169	125	163	103	169	97	171	97	122	73	10	23	80	23	10	78	63	94	78	108	72	108	2	19	6	2	5	105	58	5	7	68	26	64	7	100	164	152	100	123	159	22	157	156	157	161	140	186	165	174	161	33	98	50	33	78	80	72	85	114	80	69	29	6	69	79	79	79	163	169	163	105	41	89	99	113	105	83	125	141	130	89	125	14	169	14	153	155	117	155	151	153	59	58	23	59	20	22	54	29	30	22	12	27	34	85	12	173	127	173	26	60	87	26	13	84	32	35	13	58	62	27	68	74	58	58	54	122	54	62	82	62	63	62	91	58	63	148	139	148	145	173	157	107	145	
168	222	222	269	222	174	130	237	174	161	0	161	170	151	170	120	154	156	88	107	120	250	256	239	262	316	250	168	170	169	168	171	176	135	171	179	108	129	216	179	238	198	200	305	238	182	194	197	214	194	253	247	306	228	212	183	247	157	262	236	256	257	262	205	299	199	205	179	314	179	185	177	199	185	129	131	124	160	129	229	331	229	281	160	167	138	177	140	167	129	196	99	129	266	206	266	162	159	161	162	157	56	113	157	165	93	186	106	165	257	316	308	257	282	27	159	151	148	151	274	255	291	287	284	274	156	205	111	156	198	240	233	241	272	240	202	189	165	202	218	217	218	271	288	271	244	187	235	254	249	244	114	285	302	270	246	285	156	227	156	11	6	46	30	17	11	212	216	183	212	176	174	195	178	175	174	159	160	189	105	159	51	40	51	136	173	185	136	172	245	142	141	172	104	115	148	125	87	104	186	211	258	211	196	207	196	168	181	123	131	168	16	173	16	289	328	302	266	289	
11	70	69	129	70	16	71	88	16	0	161	0	31	46	31	119	103	113	141	106	119	109	106	95	122	179	109	12	78	48	12	26	35	34	26	23	57	80	75	23	78	51	39	145	78	150	34	65	73	34	94	158	203	151	167	131	158	14	167	136	175	139	167	58	165	55	58	86	166	86	26	17	39	26	169	125	163	103	169	97	171	97	122	73	10	23	80	23	10	78	63	94	78	108	72	108	2	19	6	2	5	105	58	5	7	68	26	64	7	100	164	152	100	123	159	22	157	156	157	161	140	186	165	174	161	33	98	50	33	78	80	72	85	114	80	69	29	6	69	79	79	79	163	169	163	105	41	89	99	113	105	83	125	141	130	89	125	14	169	14	153	155	117	155	151	153	59	58	23	59	20	22	54	29	30	22	12	27	34	85	12	173	127	173	26	60	87	26	13	84	32	35	13	58	62	27	68	74	58	58	54	122	54	62	82	62	63	62	91	58	63	148	139	148	145	173	157	107	145	
22	86	85	148	86	22	57	67	22	31	170	31	0	77	0	146	134	144	164	133	146	128	120	114	141	197	128	21	49	18	21	6	6	35	6	19	78	65	49	19	82	28	46	138	82	181	35	92	48	35	86	187	229	181	198	162	187	45	136	105	144	109	136	35	139	30	35	117	178	117	26	27	39	26	196	154	190	134	196	121	171	121	127	47	38	42	50	36	38	107	89	119	107	115	43	115	33	15	37	33	35	115	81	35	36	81	28	86	36	87	146	160	87	128	163	53	186	185	186	186	166	212	188	200	186	15	67	63	15	47	73	73	72	103	73	95	44	35	95	52	52	52	190	193	190	79	17	66	84	87	79	110	117	141	106	100	117	22	140	22	163	165	129	170	162	163	42	70	27	42	19	14	27	11	6	14	21	58	22	78	21	173	133	173	48	90	57	48	23	87	61	30	23	67	87	22	96	87	67	27	43	96	43	32	52	32	34	31	77	47	34	159	113	159	161	181	171	111	161	
56	74	74	118	74	59	103	129	59	46	151	46	77	0	77	78	57	67	108	70	78	99	106	88	111	166	99	57	120	92	57	72	80	64	72	67	46	112	119	67	97	95	69	170	97	104	71	46	118	71	126	122	174	111	123	86	122	32	212	182	219	184	212	101	208	100	101	45	163	45	67	58	74	67	128	82	123	57	128	79	187	79	134	114	42	43	123	51	42	37	45	63	37	119	117	119	44	63	40	44	42	101	39	42	42	66	66	46	42	135	200	158	135	135	157	25	112	112	112	134	113	157	143	146	134	75	143	57	75	124	112	97	122	146	112	51	56	43	51	123	124	123	134	145	134	148	86	131	136	157	148	48	153	160	172	98	153	56	212	56	141	146	106	138	138	141	100	73	64	100	64	67	99	74	75	67	56	21	77	107	56	177	126	177	38	24	131	38	57	104	19	69	57	67	37	66	31	71	67	103	93	165	93	107	127	107	106	107	121	90	106	136	176	136	138	178	151	122	138	
22	86	85	148	86	22	57	67	22	31	170	31	0	77	0	146	134	144	164	133	146	128	120	114	141	197	128	21	49	18	21	6	6	35	6	19	78	65	49	19	82	28	46	138	82	181	35	92	48	35	86	187	229	181	198	162	187	45	136	105	144	109	136	35	139	30	35	117	178	117	26	27	39	26	196	154	190	134	196	121	171	121	127	47	38	42	50	36	38	107	89	119	107	115	43	115	33	15	37	33	35	115	81	35	36	81	28	86	36	87	146	160	87	128	163	53	186	185	186	186	166	212	188	200	186	15	67	63	15	47	73	73	72	103	73	95	44	35	95	52	52	52	190	193	190	79	17	66	84	87	79	110	117	141	106	100	117	22	140	22	163	165	129	170	162	163	42	70	27	42	19	14	27	11	6	14	21	58	22	78	21	173	133	173	48	90	57	48	23	87	61	30	23	67	87	22	96	87	67	27	43	96	43	32	52	32	34	31	77	47	34	159	113	159	161	181	171	111	161	
130	146	147	171	146	134	149	206	134	119	120	119	146	78	146	0	41	39	40	18	0	157	172	150	166	212	157	130	180	158	130	143	152	120	143	142	75	155	193	142	174	169	147	247	174	63	148	110	192	148	204	130	189	110	93	64	130	106	278	248	282	255	278	176	283	174	176	76	221	76	143	134	152	143	50	13	45	48	50	133	259	133	206	171	118	105	184	112	118	42	111	34	42	192	189	192	118	131	114	118	114	94	67	114	118	87	143	66	118	213	278	224	213	207	138	102	43	41	43	162	146	176	178	170	162	139	209	95	139	192	190	175	200	224	190	115	134	118	115	197	198	197	157	177	157	223	159	207	214	232	223	37	231	234	248	171	231	125	266	125	109	114	87	94	103	109	177	149	140	177	138	140	172	147	148	140	126	98	152	138	126	163	116	163	99	86	193	99	131	181	87	128	131	99	61	129	51	86	99	172	171	240	171	178	198	178	168	174	159	139	168	104	221	104	194	241	207	195	194	
113	112	113	131	112	116	152	184	116	103	154	103	134	57	134	41	0	10	80	47	41	118	134	112	127	172	118	114	174	148	114	129	137	116	129	124	78	159	176	124	143	152	122	214	143	48	126	75	175	126	176	94	152	76	71	34	94	89	269	239	275	241	269	158	263	157	158	37	181	37	123	115	129	123	82	36	78	7	82	94	223	94	170	167	98	96	178	104	98	34	76	56	34	156	174	156	101	119	97	101	99	118	68	99	99	97	123	71	99	187	251	186	187	171	168	82	58	59	58	123	105	138	138	131	123	130	200	97	130	181	162	145	176	195	162	79	110	100	79	180	181	180	118	137	118	205	143	187	188	214	205	45	200	199	227	136	200	112	266	112	143	148	114	131	137	143	156	119	120	156	121	124	156	131	132	124	113	77	134	147	113	192	142	192	90	54	186	90	114	149	73	122	114	105	61	121	45	99	105	160	148	222	148	164	184	164	161	163	165	139	161	138	226	138	154	202	167	161	154	
123	121	122	137	121	126	160	194	126	113	156	113	144	67	144	39	10	0	78	49	39	125	141	120	132	175	125	124	184	158	124	139	147	125	139	134	86	168	186	134	152	162	132	222	152	39	136	83	185	136	185	92	151	73	64	28	92	99	279	248	285	251	279	168	273	167	168	45	187	45	133	125	139	133	75	31	72	13	75	101	230	101	178	176	108	106	188	114	108	42	85	60	42	164	184	164	111	129	107	111	109	123	76	109	109	104	133	79	109	197	260	192	197	179	172	92	49	50	49	124	107	138	140	131	124	140	209	105	140	191	172	155	185	205	172	87	120	110	87	190	191	190	118	139	118	215	153	197	198	224	215	51	209	207	237	144	209	122	275	122	145	150	118	132	139	145	166	128	130	166	131	134	166	141	142	134	123	87	144	155	123	196	147	196	100	63	196	100	124	158	83	132	124	113	69	130	54	106	113	170	158	232	158	174	194	174	171	173	173	148	171	140	234	140	159	208	173	169	159	
151	180	180	210	180	156	152	228	156	141	88	141	164	108	164	40	80	78	0	39	40	195	208	187	205	252	195	152	189	172	152	162	170	133	162	163	87	156	213	163	205	190	174	278	205	97	173	145	211	173	232	169	228	149	127	102	169	129	288	259	288	271	288	197	303	193	197	115	260	115	166	157	177	166	45	49	39	87	45	172	293	172	240	178	141	122	194	128	141	72	146	46	72	225	207	225	140	149	137	140	136	80	83	136	141	90	166	78	141	239	304	260	239	241	110	127	64	60	64	202	185	216	218	209	202	154	221	104	154	206	217	204	225	251	217	151	161	141	151	216	216	216	196	217	196	243	179	228	238	251	243	60	260	267	269	204	260	143	268	143	78	84	67	59	71	78	199	180	163	199	160	161	190	167	166	161	145	125	174	136	145	136	95	136	116	120	203	116	154	212	110	140	154	105	78	144	77	86	105	188	194	260	194	196	214	196	179	187	158	145	179	74	219	74	233	279	246	229	233	
117	141	141	173	141	122	132	194	122	106	107	106	133	70	133	18	47	49	39	0	18	157	169	149	167	216	157	118	164	143	118	130	138	105	130	129	58	138	181	129	167	157	137	240	167	79	137	107	179	137	195	140	199	121	108	76	140	94	263	232	265	241	263	164	271	161	164	78	222	78	131	122	141	131	63	30	57	54	63	134	254	134	201	154	106	90	169	98	106	33	108	17	33	186	176	186	106	117	102	106	102	78	52	102	106	69	131	49	106	204	268	222	204	202	124	91	61	59	61	169	151	185	184	178	169	124	194	79	124	177	180	167	190	214	180	112	124	106	112	184	184	184	165	184	165	211	146	195	203	219	211	23	223	228	236	165	223	111	249	111	97	102	71	84	91	97	165	142	128	165	126	128	158	135	134	128	112	88	140	121	112	148	100	148	84	82	177	84	119	174	75	112	119	82	46	114	40	69	82	158	159	228	159	165	184	165	153	159	142	122	153	92	203	92	195	241	209	190	195	
130	146	147	171	146	134	149	206	134	119	120	119	146	78	146	0	41	39	40	18	0	157	172	150	166	212	157	130	180	158	130	143	152	120	143	142	75	155	193	142	174	169	147	247	174	63	148	110	192	148	204	130	189	110	93	64	130	106	278	248	282	255	278	176	283	174	176	76	221	76	143	134	152	143	50	13	45	48	50	133	259	133	206	171	118	105	184	112	118	42	111	34	42	192	189	192	118	131	114	118	114	94	67	114	118	87	143	66	118	213	278	224	213	207	138	102	43	41	43	162	146	176	178	170	162	139	209	95	139	192	190	175	200	224	190	115	134	118	115	197	198	197	157	177	157	223	159	207	214	232	223	37	231	234	248	171	231	125	266	125	109	114	87	94	103	109	177	149	140	177	138	140	172	147	148	140	126	98	152	138	126	163	116	163	99	86	193	99	131	181	87	128	131	99	61	129	51	86	99	172	171	240	171	178	198	178	168	174	159	139	168	104	221	104	194	241	207	195	194	
110	43	44	20	43	107	180	131	107	109	250	109	128	99	128	157	118	125	195	157	157	0	23	14	13	70	0	111	176	146	111	123	128	143	123	109	144	189	139	109	65	123	84	114	65	141	95	53	139	95	100	90	110	99	137	119	90	104	240	212	253	200	240	124	200	129	124	81	65	81	102	102	93	102	199	154	196	112	199	24	109	24	62	175	99	126	176	130	99	126	54	157	126	52	145	52	107	124	105	107	110	199	137	110	102	163	101	145	102	114	166	68	114	63	256	98	171	173	171	67	53	93	63	80	67	138	181	150	138	162	93	75	112	113	93	48	84	103	48	144	145	144	75	68	75	156	123	136	119	164	156	141	109	92	167	42	109	122	261	122	240	244	204	235	236	240	114	60	101	114	109	115	132	118	122	115	119	95	111	193	119	274	225	274	125	78	180	125	107	66	111	144	107	160	135	136	126	169	160	146	105	169	105	143	159	143	161	154	200	167	161	235	241	235	39	84	53	61	39	
105	36	37	34	36	101	175	113	101	106	256	106	120	106	120	172	134	141	208	169	172	23	0	22	29	78	23	105	166	137	105	115	118	140	115	101	148	184	123	101	47	110	74	91	47	161	85	62	123	85	80	113	130	122	159	139	113	103	222	196	237	181	222	110	179	116	110	97	60	97	94	96	82	94	216	170	212	129	216	43	89	43	40	166	96	126	165	128	96	136	62	166	136	29	131	29	104	119	102	104	107	203	143	107	99	166	92	151	99	94	143	53	94	40	259	99	189	191	189	88	75	114	81	101	88	132	167	151	132	148	74	58	93	91	74	57	78	100	57	128	130	128	97	87	97	137	112	118	99	145	137	151	86	69	147	23	86	117	247	117	247	250	210	243	243	247	99	50	94	99	102	107	119	109	114	107	114	97	100	190	114	276	228	276	125	87	169	125	102	47	114	139	102	160	142	131	135	172	160	134	91	150	91	130	145	130	152	143	195	162	152	241	231	241	41	72	52	38	41	
96	29	30	34	29	93	166	119	93	95	239	95	114	88	114	150	112	120	187	149	150	14	22	0	27	84	14	97	162	132	97	108	113	129	108	95	132	175	125	95	54	109	70	110	54	140	81	43	126	81	90	97	122	103	139	117	97	90	227	199	240	188	227	111	190	116	111	75	76	75	88	88	79	88	194	148	190	107	194	22	111	22	60	161	85	113	162	116	85	117	43	147	117	48	132	48	93	110	91	93	96	187	126	96	88	150	87	133	88	104	160	74	104	61	244	85	168	169	168	79	62	105	76	92	79	124	168	137	124	148	82	63	101	105	82	37	70	89	37	130	132	130	86	82	86	144	109	124	109	152	144	131	103	90	157	33	103	108	247	108	229	233	193	224	225	229	101	46	87	101	95	101	118	104	108	101	105	82	97	179	105	261	212	261	111	68	166	111	93	56	98	130	93	146	124	122	116	156	146	132	92	158	92	129	146	129	147	140	186	153	147	224	227	224	52	92	65	56	52	
123	55	56	7	55	120	193	140	120	122	262	122	141	111	141	166	127	132	205	167	166	13	29	27	0	57	13	124	189	159	124	135	140	156	135	122	157	202	150	122	74	135	97	116	74	146	108	66	150	108	109	88	101	100	139	124	88	117	249	223	264	209	249	136	208	141	136	90	55	90	115	115	106	115	207	163	204	121	207	34	106	34	64	188	112	139	188	143	112	137	67	167	137	56	157	56	120	137	118	120	123	212	150	123	115	176	114	157	115	123	171	63	123	64	268	111	178	180	178	60	49	85	52	72	60	151	193	163	151	174	102	85	121	119	102	60	97	116	60	155	156	155	69	58	69	165	135	146	128	174	165	152	114	92	176	51	114	135	273	135	252	256	217	246	248	252	126	72	114	126	122	128	144	131	135	128	132	108	123	206	132	287	237	287	138	90	192	138	120	75	124	157	120	173	147	149	138	181	173	158	117	178	117	155	171	155	174	166	213	180	174	247	254	247	28	77	42	66	28	
180	111	112	50	111	177	250	187	177	179	316	179	197	166	197	212	172	175	252	216	212	70	78	84	57	0	70	181	244	214	181	191	195	213	191	178	212	259	199	178	123	188	151	140	123	178	162	121	200	162	150	102	79	122	162	160	102	174	296	272	313	254	296	187	244	194	187	138	39	138	170	172	160	170	247	206	245	165	247	87	111	87	94	243	169	196	242	200	169	188	122	219	188	95	208	95	177	194	175	177	180	267	205	180	172	231	169	212	172	164	198	68	164	93	323	168	215	217	215	61	69	71	41	64	61	208	244	219	208	226	149	134	167	155	149	115	154	173	115	204	206	204	71	46	71	210	190	193	169	218	210	203	145	113	216	100	145	192	324	192	305	310	271	298	301	305	177	126	170	177	178	184	197	186	191	184	189	165	178	263	189	342	292	342	195	143	246	195	177	122	179	214	177	229	201	206	191	237	229	212	168	220	168	207	222	207	229	220	270	237	229	300	309	300	37	65	33	104	37	
110	43	44	20	43	107	180	131	107	109	250	109	128	99	128	157	118	125	195	157	157	0	23	14	13	70	0	111	176	146	111	122	127	143	122	109	144	189	139	109	65	123	84	114	65	141	95	53	139	95	100	90	110	99	137	119	90	104	240	212	253	200	240	124	200	129	124	81	65	81	102	102	93	102	199	154	196	112	199	24	109	24	62	175	99	126	176	130	99	126	54	157	126	52	145	52	107	124	105	107	110	199	137	110	102	163	101	145	102	114	166	68	114	63	256	98	171	173	171	67	53	93	63	80	67	138	181	150	138	162	93	75	112	113	93	48	84	103	48	144	145	144	75	68	75	156	123	136	119	164	156	141	109	92	167	42	109	122	261	122	240	244	204	235	236	240	114	60	101	114	109	115	132	118	122	115	119	95	111	193	119	274	225	274	125	78	180	125	107	66	111	144	107	160	135	136	126	169	160	146	105	169	105	143	159	143	161	154	200	167	161	235	241	235	39	84	53	61	39	
1	70	69	131	70	6	70	77	6	12	168	12	21	57	21	130	114	124	152	118	130	111	105	97	124	181	111	0	70	39	0	16	24	36	16	12	67	79	63	12	73	39	34	137	73	161	26	72	62	26	86	166	209	160	177	142	166	26	156	126	164	127	156	46	153	43	46	96	165	96	17	10	31	17	180	137	174	114	180	102	166	102	118	66	17	32	71	29	17	89	69	105	89	105	60	105	13	14	17	13	16	113	69	16	15	76	18	75	15	91	154	150	91	119	165	32	168	167	168	167	146	192	170	180	167	28	87	57	28	68	72	66	75	105	72	75	27	14	75	67	67	67	170	174	170	93	29	77	89	102	93	95	117	136	118	87	117	13	161	13	160	163	124	164	158	160	48	56	15	48	9	10	42	17	19	10	10	37	23	86	10	178	133	178	36	69	78	36	4	79	43	34	4	65	73	26	79	82	65	47	44	110	44	51	71	51	55	52	90	57	55	156	133	156	146	171	157	102	146	
71	134	133	196	134	71	40	82	71	78	170	78	49	120	49	180	174	184	189	164	180	176	166	162	189	244	176	70	0	31	70	55	49	60	55	67	106	42	59	67	124	58	92	165	124	222	81	141	57	81	115	236	278	229	243	206	236	90	100	70	102	87	100	61	129	53	61	163	222	163	74	76	84	74	226	189	220	176	226	170	204	170	166	11	86	78	7	70	86	144	138	148	144	157	47	157	80	59	83	80	80	122	113	80	84	99	76	115	84	110	156	201	110	167	156	98	222	220	222	235	215	261	237	249	235	45	35	86	45	31	107	113	97	127	107	144	93	83	144	58	56	58	239	242	239	79	54	78	105	82	79	143	143	174	103	145	143	65	92	65	166	166	138	179	167	166	72	117	75	72	68	63	49	58	54	63	66	103	66	66	66	159	131	159	84	136	15	84	72	128	102	53	72	84	120	54	132	103	84	33	78	90	78	41	41	41	15	24	51	44	15	163	66	163	207	222	217	150	207	
40	104	103	166	104	40	45	69	40	48	169	48	18	92	18	158	148	158	172	143	158	146	137	132	159	214	146	39	31	0	39	24	19	39	24	36	86	52	47	36	97	35	63	147	97	196	52	110	46	52	95	205	247	199	215	178	205	62	121	91	127	99	121	40	133	32	40	134	195	134	44	45	55	44	206	166	200	149	206	139	182	139	141	29	56	54	32	46	56	120	107	128	120	130	38	130	50	30	54	50	51	115	91	51	54	85	45	95	54	94	148	175	94	142	159	69	199	197	199	204	184	230	206	218	204	19	52	68	19	35	84	87	78	110	84	113	62	53	113	49	48	49	208	211	208	75	26	67	89	82	75	121	125	152	102	117	125	36	122	36	163	164	130	171	162	163	50	88	44	50	37	32	28	28	23	32	37	75	37	69	37	166	130	166	60	108	39	60	41	101	75	32	41	70	98	29	109	90	70	17	54	91	54	27	42	27	16	16	64	39	16	159	95	159	178	196	188	125	178	
1	70	69	131	70	6	70	77	6	12	168	12	21	57	21	130	114	124	152	118	130	111	105	97	124	181	111	0	70	39	0	16	24	36	16	12	67	79	63	12	73	39	34	137	73	161	26	72	62	26	86	166	209	160	177	142	166	26	156	126	164	127	156	46	153	43	46	96	165	96	17	10	31	17	180	137	174	114	180	102	166	102	118	66	17	32	71	29	17	89	69	105	89	105	60	105	13	14	17	13	16	113	69	16	15	76	18	75	15	91	154	150	91	119	165	32	168	167	168	167	146	192	170	180	167	28	87	57	28	68	72	66	75	105	72	75	27	14	75	67	67	67	170	174	170	93	29	77	89	102	93	95	117	136	118	87	117	13	161	13	160	163	124	164	158	160	48	56	15	48	9	10	42	17	19	10	10	37	23	86	10	178	133	178	36	69	78	36	4	79	43	34	4	65	73	26	79	82	65	47	44	110	44	51	71	51	55	52	90	57	55	156	133	156	146	171	157	102	146	
16	80	80	142	80	17	61	68	17	26	171	26	6	72	6	143	129	139	162	130	143	123	115	108	135	191	122	16	55	24	16	0	9	36	0	13	76	69	51	13	78	29	40	136	78	176	30	87	50	30	84	181	224	175	193	157	181	40	141	110	149	113	141	36	141	32	36	111	173	111	21	21	35	21	192	150	187	129	192	115	168	115	123	53	32	40	56	34	32	103	84	116	103	111	46	111	28	13	32	28	30	116	79	30	30	81	22	84	30	86	147	156	86	124	165	47	182	181	182	181	160	206	182	194	181	18	72	62	18	52	71	69	71	102	71	90	38	30	90	55	55	55	184	187	184	81	17	67	83	90	81	106	115	138	107	95	115	19	146	19	164	166	129	169	163	164	41	65	21	41	13	8	29	8	5	8	17	52	19	81	17	176	134	176	46	84	63	46	17	84	57	31	17	68	84	23	92	87	68	32	41	98	41	36	56	36	40	36	81	50	40	160	119	160	156	177	166	107	156	
25	85	84	147	85	24	60	62	24	35	176	35	6	80	6	152	137	147	170	138	152	128	118	113	140	195	127	24	49	19	24	9	0	41	9	18	83	68	44	18	79	23	44	133	79	184	33	94	42	33	81	189	230	184	201	166	189	49	132	102	140	105	132	30	133	24	30	120	176	120	25	28	37	25	201	159	195	137	201	121	167	121	124	48	41	48	49	42	41	112	91	124	112	113	38	113	37	21	40	37	39	121	87	39	39	87	27	92	39	82	141	158	82	125	168	56	191	190	191	187	167	213	188	200	187	20	63	69	20	44	69	70	66	98	69	96	44	38	96	47	47	47	191	193	191	74	11	61	79	82	74	115	112	137	100	98	112	27	138	27	169	171	135	175	168	169	37	69	26	37	20	15	21	9	6	15	26	61	19	82	26	178	138	178	54	93	55	54	25	84	66	35	25	73	93	28	101	93	73	23	38	90	38	28	47	28	34	28	80	51	34	165	114	165	159	179	170	108	159	
36	104	103	163	104	42	40	103	42	34	135	34	35	64	35	120	116	125	133	105	120	143	140	129	156	213	143	36	60	39	36	36	41	0	36	45	47	49	84	45	109	63	70	171	109	164	62	97	82	62	119	185	234	175	185	148	185	41	158	128	162	138	158	70	172	65	70	109	200	109	52	46	67	52	168	130	162	118	168	130	201	130	154	51	44	21	64	14	44	85	95	90	85	141	76	141	36	24	38	36	33	80	53	33	41	46	53	56	41	122	181	186	122	155	130	48	162	161	162	193	172	217	198	206	193	22	89	29	22	74	106	102	106	137	106	101	62	40	101	86	86	86	194	201	194	113	52	101	119	120	113	83	150	171	140	123	150	23	150	23	128	130	94	134	127	128	77	92	51	77	43	39	61	43	40	39	26	53	54	51	26	142	99	142	26	85	73	26	40	115	45	8	40	32	60	13	73	52	32	56	76	129	76	65	81	65	48	55	59	26	48	124	112	124	179	207	191	138	179	
16	80	80	142	80	17	61	68	17	26	171	26	6	72	6	143	129	139	162	130	143	123	115	108	135	191	122	16	55	24	16	0	9	36	0	13	76	69	51	13	78	29	40	136	78	176	30	87	50	30	84	181	224	175	193	157	181	40	141	110	149	113	141	36	141	32	36	111	173	111	21	21	35	21	192	150	187	129	192	115	168	115	123	53	32	40	56	34	32	103	84	116	103	111	46	111	28	13	32	28	30	116	79	30	30	81	22	84	30	86	147	156	86	124	165	47	182	181	182	181	160	206	182	194	181	18	72	62	18	52	71	69	71	102	71	90	38	30	90	55	55	55	184	187	184	81	17	67	83	90	81	106	115	138	107	95	115	19	146	19	164	166	129	169	163	164	41	65	21	41	13	8	29	8	5	8	17	52	19	81	17	176	134	176	46	84	63	46	17	84	57	31	17	68	84	23	92	87	68	32	41	98	41	36	56	36	40	36	81	50	40	160	119	160	156	177	166	107	156	
12	67	67	129	67	8	74	65	8	23	179	23	19	67	19	142	124	134	163	129	142	109	101	95	122	178	109	12	67	36	12	13	18	45	13	0	78	82	52	0	65	28	27	126	65	171	17	76	51	17	75	171	212	166	186	151	171	36	148	118	157	117	148	35	142	33	35	103	160	103	8	10	22	8	192	148	186	124	192	103	157	103	110	65	26	43	67	40	26	100	73	117	100	98	50	98	24	21	27	24	28	123	80	28	25	87	9	86	25	79	142	143	79	111	175	42	179	178	179	169	149	195	170	182	169	31	80	69	31	60	61	57	63	93	61	78	26	24	78	56	57	56	173	175	173	82	19	66	77	91	82	106	106	127	107	82	106	24	156	24	171	173	136	176	170	171	36	52	8	36	3	6	32	9	13	6	21	47	11	93	21	187	144	187	47	77	73	47	10	71	54	42	10	75	85	33	90	93	75	40	32	99	32	42	62	42	52	46	94	63	52	167	131	167	142	164	153	94	142	
66	114	114	163	114	72	76	143	72	57	108	57	78	46	78	75	78	86	87	58	75	144	148	132	157	212	144	67	106	86	67	76	83	47	76	78	0	82	127	78	131	104	95	201	131	125	91	91	125	91	151	162	217	148	149	112	162	50	205	175	207	185	205	111	216	107	111	85	208	85	83	74	96	83	121	84	115	82	121	125	224	125	173	96	61	36	111	42	61	44	90	43	44	158	120	158	58	63	56	58	53	55	10	53	60	21	83	9	60	157	220	200	157	174	112	51	117	115	117	179	158	200	188	190	179	67	136	21	67	120	137	127	141	171	137	97	83	60	97	130	130	130	178	191	178	157	93	142	155	165	157	38	182	196	183	137	182	57	192	57	99	103	63	99	96	99	114	108	80	114	75	75	104	82	80	75	59	51	89	69	59	131	81	131	31	69	119	31	70	138	34	55	70	27	17	57	33	25	27	101	110	173	110	110	127	110	95	102	88	64	95	94	149	94	183	220	196	158	183	
79	148	148	209	148	83	9	119	83	80	129	80	65	112	65	155	159	168	156	138	155	189	184	175	202	259	189	79	42	52	79	69	68	49	69	82	82	0	96	82	147	87	109	199	147	206	99	145	95	99	147	233	283	223	230	193	233	89	136	109	133	129	136	92	171	84	92	157	242	157	90	88	104	90	197	166	191	162	197	177	234	177	192	32	90	69	49	63	90	126	143	121	126	180	84	180	82	65	85	82	80	83	91	80	87	69	91	91	87	146	196	225	146	193	114	97	198	196	198	241	220	266	245	254	241	52	77	62	52	72	136	138	130	162	136	149	106	86	149	96	95	96	243	249	243	119	78	116	141	124	119	120	177	204	145	164	177	67	112	67	125	125	99	139	127	125	102	134	90	102	82	77	80	76	71	77	70	102	87	24	70	118	89	118	74	133	56	74	82	152	93	46	82	56	98	53	114	71	56	66	106	132	106	76	81	76	44	59	12	23	44	123	67	123	224	246	235	176	224	
64	98	97	156	98	60	91	23	60	75	216	75	49	119	49	193	176	186	213	181	193	139	123	125	150	199	139	63	59	47	63	51	44	84	51	52	127	96	0	52	76	24	60	106	76	222	53	120	2	53	57	214	247	212	235	202	214	88	102	74	115	67	102	18	90	20	18	153	173	153	53	61	51	53	243	200	237	175	243	139	146	139	114	66	77	91	54	85	77	152	117	167	152	107	12	107	76	64	79	76	79	162	130	79	77	130	54	135	77	52	101	148	52	114	206	94	231	230	231	204	185	230	201	217	204	62	45	112	62	30	53	65	39	68	53	120	69	76	120	5	7	5	209	207	209	30	34	20	46	39	30	157	85	117	57	100	85	70	125	70	210	211	177	218	209	210	25	81	56	25	55	53	23	46	47	53	68	98	42	116	68	213	177	213	97	127	54	97	62	78	106	77	62	116	135	71	142	135	116	31	34	47	34	21	23	21	52	38	107	86	52	206	118	206	162	169	170	99	162	
12	67	67	129	67	8	74	65	8	23	179	23	19	67	19	142	124	134	163	129	142	109	101	95	122	178	109	12	67	36	12	13	18	45	13	0	78	82	52	0	65	28	27	126	65	171	17	76	51	17	75	171	212	166	186	151	171	36	148	118	157	117	148	35	142	33	35	103	160	103	8	10	22	8	192	148	186	124	192	103	157	103	110	65	26	43	67	40	26	100	73	117	100	98	50	98	24	21	27	24	28	123	80	28	25	87	9	86	25	79	142	143	79	111	175	42	179	178	179	169	149	195	170	182	169	31	80	69	31	60	61	57	63	93	61	78	26	24	78	56	57	56	173	175	173	82	19	66	77	91	82	106	106	127	107	82	106	24	156	24	171	173	136	176	170	171	36	52	8	36	3	6	32	9	13	6	21	47	11	93	21	187	144	187	47	77	73	47	10	71	54	42	10	75	85	33	90	93	75	40	32	99	32	42	62	42	52	46	94	63	52	167	131	167	142	164	153	94	142	
73	33	32	81	33	67	138	66	67	78	238	78	82	97	82	174	143	152	205	167	174	65	47	54	74	123	65	73	124	97	73	78	79	109	78	65	131	147	76	65	0	66	39	73	0	180	48	69	77	48	38	150	175	153	185	157	150	81	175	150	191	135	175	65	137	72	65	109	99	109	58	63	43	58	222	176	218	139	222	73	94	73	45	126	71	100	121	100	71	134	67	160	134	34	85	34	76	85	77	76	81	182	129	81	73	145	56	136	73	52	111	79	52	46	236	81	201	201	201	132	116	158	126	145	132	96	121	127	96	103	28	11	47	54	28	66	49	73	66	81	83	81	139	132	139	91	71	72	56	100	91	145	58	65	103	24	58	86	201	86	229	232	193	230	226	229	54	25	58	54	66	71	75	71	76	71	83	81	61	157	83	251	205	251	102	89	124	102	69	7	98	106	69	136	130	97	128	151	136	91	46	104	46	85	99	85	111	100	158	128	111	224	188	224	86	100	94	29	86	
40	80	79	142	80	36	80	39	36	51	198	51	28	95	28	169	152	162	190	157	169	123	110	109	135	188	123	39	58	35	39	29	23	63	29	28	104	87	24	28	66	0	40	112	66	198	30	98	23	30	60	192	229	190	212	178	192	64	123	94	135	90	123	7	114	7	7	129	165	129	29	37	31	29	219	176	213	151	219	121	148	121	108	61	53	68	55	63	53	128	95	144	128	99	25	99	52	41	55	52	55	143	107	55	53	109	30	112	53	60	118	143	60	109	191	70	207	206	207	186	167	212	185	200	186	43	59	91	43	39	50	55	44	76	50	99	47	52	99	29	29	29	191	190	191	54	12	38	56	63	54	134	91	118	79	88	91	47	138	47	191	193	157	197	190	191	15	63	32	15	31	30	9	23	24	30	45	74	18	103	45	200	161	200	74	103	59	74	38	70	82	58	38	95	112	50	118	115	95	25	20	71	20	20	38	20	47	34	99	73	47	187	122	187	151	164	160	92	151	
