NAME:	instance_22-triangle
TYPE:	VRPRDL
DIMENSION:	235
CAPACITY:	750
TIME_HORIZON:	720
NUM_CUSTOMERS:	61
NODE_COORD_SECTION
1	0.0	0.0
2	118.359110505	14.9666287787
3	112.482468019	10.1490070756
4	66.2678014054	54.0393096044
5	90.3061542231	44.7308193491
6	94.7680931783	10.0652600453
7	118.359110505	14.9666287787
8	14.6378265862	-82.7149072359
9	49.6339055233	-66.9122717495
10	5.3174758258	-13.4769484652
11	20.3237340352	-86.6517711418
12	-6.1927938964	-86.5307756215
13	14.6378265862	-82.7149072359
14	-16.4706154524	-10.3742266156
15	-19.6809219632	-6.64358793117
16	-1.19749130259	54.7543517531
17	-16.4706154524	-10.3742266156
18	-59.1271347547	-132.727008389
19	-18.6139315077	-58.5677310812
20	47.8564993968	-139.18278414
21	-59.1271347547	-132.727008389
22	-56.2817200291	43.9518798764
23	-11.9710882443	75.2985447868
24	6.82382929334	73.6382037016
25	-113.051221103	59.1991033208
26	-57.4024071631	34.8243604457
27	-56.2817200291	43.9518798764
28	-51.651451509	-87.8501843446
29	-9.0558034805	-70.5314668184
30	-50.8755818163	-120.711130588
31	-93.2628657426	-94.6198049234
32	-51.651451509	-87.8501843446
33	40.5267582242	49.3168810451
34	-140.704565281	76.2004762515
35	-70.4602939059	140.574804088
36	-140.704565281	76.2004762515
37	-14.5843254276	-65.5195895059
38	40.3558161262	-122.419514139
39	-14.5843254276	-65.5195895059
40	165.240766308	-37.108023619
41	90.1091553177	-60.5668218142
42	165.240766308	-37.108023619
43	-115.829556734	2.1916121172
44	-117.790523997	-127.307805352
45	51.1633477251	10.8256754562
46	15.2771983461	-8.24318847443
47	51.1633477251	10.8256754562
48	60.1838492287	50.5076101395
49	101.9042659	92.26015692
50	48.932042331	30.4272309783
51	5.83695729652	9.35519184132
52	70.4249782301	52.0151276803
53	60.1838492287	50.5076101395
54	-72.3404615274	164.516633163
55	-33.647916981	-13.8673766507
56	-58.10611543	24.2897380226
57	-15.9636832485	11.010548307
58	24.897831108	26.4219045364
59	2.31758843242	1.08918028114
60	-33.647916981	-13.8673766507
61	5.16208267749	133.287830768
62	0.379946399208	134.866327706
63	-6.40788357641	112.068136916
64	2.576406553	96.8130058012
65	13.0900674147	130.871687026
66	5.16208267749	133.287830768
67	78.138173162	77.5829330029
68	78.6619560391	75.417068844
69	82.610288417	109.076840165
70	12.7150098595	60.4527443469
71	48.3256753347	85.8659673669
72	78.138173162	77.5829330029
73	16.7796247119	-22.2781315436
74	31.4769024554	-11.4363604311
75	12.4848880375	9.43464277902
76	86.8653971012	-17.9684501829
77	18.3101147402	-31.7656659289
78	16.7796247119	-22.2781315436
79	106.164558007	-112.443609019
80	-124.100124728	-48.383502006
81	-117.959758251	-118.374328718
82	-146.826534535	-14.3310009936
83	-92.5260520417	-67.2950111875
84	-124.100124728	-48.383502006
85	26.9152407876	-136.036107049
86	32.1488198943	-135.383350658
87	20.8241572716	-141.283310757
88	15.2265407861	-142.404635759
89	26.9152407876	-136.036107049
90	-50.8443052823	39.5531115446
91	-52.6517578583	37.0136606113
92	-101.567022063	78.2551676483
93	-63.9496931391	43.6036693791
94	-28.3362926325	62.6135286002
95	-50.8443052823	39.5531115446
96	-108.336048081	1.08682862249
97	-125.583143921	-36.2516408031
98	-104.48581438	55.0921111668
99	-82.4561080174	-4.43460174808
100	-116.984216314	18.236201705
101	-108.336048081	1.08682862249
102	2.0217201215	-8.78652147985
103	24.2145558477	15.3674083889
104	-31.5297446383	-17.0958343614
105	21.1342919613	-21.9658378318
106	2.0217201215	-8.78652147985
107	30.3147511477	94.9086225096
108	89.9212943412	-40.0580985848
109	45.2214921188	-37.5755250078
110	119.193091529	-65.2095939901
111	73.5098818812	10.0776504149
112	67.7424019495	-43.3571011071
113	89.9212943412	-40.0580985848
114	31.0294308858	-6.34301778046
115	-41.4689327053	20.3475929063
116	14.7140806788	-37.4733913116
117	48.1244159984	39.6768007228
118	31.0294308858	-6.34301778046
119	-18.5538625644	-93.6596732572
120	-14.7782751704	-151.44996428
121	20.9696079449	-40.2523425319
122	-15.1532203465	-121.206722384
123	-18.5538625644	-93.6596732572
124	-47.4436456067	-82.7335624955
125	-13.5006070282	-97.1488545318
126	-36.0682291509	-115.140908769
127	-75.4472627288	-143.345508171
128	-53.1436480182	-79.6494087459
129	-47.4436456067	-82.7335624955
130	59.6272738317	-23.1571931835
131	43.0445694227	-10.9216588837
132	59.6272738317	-23.1571931835
133	6.85229221144	-9.16561094151
134	-40.0430722847	-14.2752101724
135	59.4558284961	94.5869021393
136	6.85229221144	-9.16561094151
137	-1.59284341041	8.2825223616
138	33.2170341463	5.45897562739
139	39.7999833122	-61.1441624947
140	-3.2228962799	58.6571220732
141	-1.59284341041	8.2825223616
142	-0.640282940135	-1.86175661615
143	34.1200762386	12.5438020481
144	-102.132736979	14.1942493497
145	-0.640282940135	-1.86175661615
146	-31.5461993053	125.992465742
147	-144.41362847	126.837328695
148	-76.4282750079	25.5139369112
149	-31.5461993053	125.992465742
150	-86.7039504334	-20.4959393416
151	127.187534777	-20.3147339399
152	-5.90212761416	-86.6251048873
153	127.187534777	-20.3147339399
154	41.7624626286	9.57336777835
155	-13.2169171422	79.9007719815
156	72.5292124292	62.2109229015
157	-6.12249009585	14.1174231144
158	41.7624626286	9.57336777835
159	62.1564728576	132.146961001
160	62.7877393527	131.033249651
161	27.8984056319	178.225943179
162	14.5896008675	83.0986661302
163	62.1564728576	132.146961001
164	-87.9607155448	-43.6353100885
165	-87.3123031077	-47.4866648948
166	-86.969907269	-47.3608939954
167	-86.3606078169	-77.0745762641
168	-71.4485548347	0.371912639025
169	-87.9607155448	-43.6353100885
170	143.921802327	22.598563705
171	126.777601594	-54.8853596833
172	160.973145996	32.6960878407
173	140.903565677	32.1838155828
174	143.921802327	22.598563705
175	7.26676603531	-12.6219840933
176	143.576838611	-37.1472245759
177	141.39733431	-17.7126973694
178	106.913539871	-52.3692422333
179	143.576838611	-37.1472245759
180	-7.85378568504	13.9415646303
181	76.7915741616	-1.4063465096
182	-0.545336650512	3.52467454017
183	54.2433366418	53.3011408611
184	-7.85378568504	13.9415646303
185	-42.2691618452	86.6815286555
186	-43.0617141089	75.7804729032
187	-23.1341120814	61.8647091796
188	-44.714494849	127.373680106
189	-43.1895370933	76.1643796398
190	-42.2691618452	86.6815286555
191	-13.8364006281	-0.460154048886
192	28.511103635	-16.6330473728
193	-102.620690059	35.1459067612
194	-13.8364006281	-0.460154048886
195	-25.4798619895	29.4282613637
196	-83.800395558	23.416809341
197	50.2662900819	63.5072844305
198	-25.4798619895	29.4282613637
199	-51.5141683684	38.453026567
200	-77.8728088279	150.994988989
201	16.0272191659	156.06098011
202	-108.362468616	103.580520259
203	16.0272191659	156.06098011
204	15.105591728	-51.1942111667
205	26.8585665586	-37.6308074072
206	10.3044914825	-50.7620110059
207	15.105591728	-51.1942111667
208	-28.8142388137	-36.4500715464
209	73.6125130308	-26.1239702136
210	-28.8142388137	-36.4500715464
211	92.6783757643	143.409033144
212	7.15354153168	4.63767922813
213	6.89611063048	4.29657600787
214	11.7093638031	12.7498390908
215	15.3470207109	-16.2725136549
216	7.15354153168	4.63767922813
217	39.2730681778	26.3063670043
218	20.7171181538	67.3945958209
219	39.2730681778	26.3063670043
220	52.9040803994	54.5444115707
221	23.7563604952	13.7542368941
222	90.8324362985	11.3400429005
223	106.572310585	98.3445404721
224	48.1040146551	68.5446319537
225	52.9040803994	54.5444115707
226	-61.4370317902	76.1703613792
227	36.5532717323	171.755678301
228	-28.6885961774	-40.3460273466
229	51.3287413102	68.4254158749
230	-28.6885961774	-40.3460273466
231	2.23955668023	112.755212628
232	4.88043395387	131.275053204
233	54.9487259595	110.255981509
234	23.4864553689	114.184948065
235	2.23955668023	112.755212628
EDGE_WEIGHT_SECTION
0	119	113	85	100	95	119	84	83	14	89	87	84	19	21	54	19	145	61	147	145	71	76	74	127	67	71	102	71	131	133	102	64	159	157	159	67	128	67	169	108	169	115	173	52	17	52	78	137	57	11	87	78	179	36	63	19	36	3	36	133	134	112	96	131	133	110	109	137	62	99	110	27	33	16	88	36	27	154	133	167	148	114	133	138	139	143	143	138	64	64	128	77	68	64	108	131	118	83	118	108	9	29	35	30	9	100	98	59	136	74	80	98	32	46	40	62	32	95	152	45	122	95	95	98	120	162	96	95	63	44	63	11	42	112	11	8	34	72	58	8	2	36	103	2	129	192	81	129	89	128	87	128	43	81	95	15	43	146	145	180	84	146	97	99	98	116	71	97	146	137	164	144	146	14	148	142	119	148	16	77	4	76	16	96	87	66	135	87	96	14	33	108	14	39	87	81	39	64	169	156	150	156	53	45	52	53	46	77	46	171	8	8	17	22	8	47	71	47	76	27	91	145	84	76	98	175	50	85	50	112	131	123	116	112	
119	0	8	65	41	24	0	142	107	116	141	161	142	137	140	126	137	231	155	170	231	177	144	126	235	177	177	198	153	217	238	198	85	266	226	266	155	158	155	70	81	70	234	275	67	106	67	68	79	71	112	61	68	242	155	177	134	94	117	155	163	168	158	142	157	163	74	72	101	115	100	74	108	91	106	46	110	108	128	250	271	266	226	250	177	173	184	188	177	171	172	229	184	154	171	226	249	226	201	235	226	119	94	153	104	119	119	62	90	80	45	77	62	90	160	116	74	90	175	213	112	190	175	192	173	202	250	195	192	70	80	70	114	161	99	114	120	86	109	129	120	120	84	220	120	186	285	195	186	208	36	161	36	76	147	66	124	76	130	129	186	124	130	214	215	214	224	190	214	27	70	46	28	27	114	58	40	68	58	126	45	119	75	126	176	172	149	198	172	176	132	95	222	132	144	202	84	144	171	238	174	243	174	123	106	126	123	156	61	156	131	111	111	106	108	111	80	111	80	76	94	28	84	88	76	189	177	157	86	157	152	162	114	137	152	
113	8	0	64	41	18	8	135	99	110	134	153	135	130	133	122	130	223	148	163	223	172	140	123	231	171	172	191	145	209	231	191	82	262	224	262	147	151	147	71	74	71	228	267	61	99	61	66	83	67	106	59	66	241	148	171	128	89	110	148	163	167	156	140	156	163	76	74	103	112	99	76	101	84	100	38	103	101	123	244	263	260	219	244	169	166	177	181	169	166	167	225	179	150	166	220	242	221	195	229	220	112	88	146	97	112	118	55	82	76	39	70	55	83	154	109	71	83	167	205	104	183	167	184	165	194	242	188	184	62	73	62	107	154	100	107	114	79	102	125	114	114	78	214	114	184	282	189	184	201	34	153	34	70	144	66	118	70	132	131	188	122	132	208	208	207	217	184	208	34	67	53	36	34	108	57	40	63	57	120	38	113	72	120	172	168	145	196	168	172	126	88	216	126	139	196	82	139	166	236	175	239	175	115	98	119	115	149	53	149	135	105	105	100	101	105	75	108	75	74	88	22	88	87	74	186	179	150	84	150	150	162	115	137	150	
85	65	64	0	26	52	65	146	122	91	148	158	146	104	105	67	104	225	141	194	225	123	81	62	179	125	123	184	145	210	218	184	26	208	162	208	144	178	144	135	117	135	189	258	46	80	46	7	52	29	75	5	7	177	121	128	93	50	83	121	100	104	93	77	93	100	26	25	57	54	37	26	91	74	70	75	98	91	171	216	252	223	199	216	194	192	200	203	194	118	120	169	130	95	118	182	212	170	160	187	182	90	57	120	88	90	54	97	94	130	45	97	97	70	113	105	23	70	170	221	105	193	170	177	171	197	243	179	177	77	69	77	87	126	41	87	82	59	118	69	82	87	52	173	87	121	222	145	121	170	96	158	96	51	83	10	83	51	78	77	130	59	78	182	184	183	201	148	182	84	124	97	78	84	89	119	104	114	119	84	56	83	12	84	113	111	89	133	111	113	97	80	170	97	95	153	19	95	119	174	114	181	114	117	100	119	117	131	80	131	93	77	77	68	86	77	39	47	39	13	59	49	60	23	13	129	121	134	21	134	87	98	57	74	87	
100	41	41	26	0	35	41	148	119	103	149	163	148	119	121	92	119	232	150	189	232	146	107	88	204	148	146	194	152	217	230	194	50	233	187	233	152	174	152	111	105	111	210	270	52	92	52	31	49	44	91	21	31	202	136	149	111	68	98	136	122	127	118	102	116	122	35	33	65	79	59	35	99	81	85	63	105	99	158	233	264	244	214	233	192	189	198	201	192	141	143	195	154	120	141	203	230	195	179	208	203	103	72	135	96	103	78	84	94	114	39	91	84	78	134	112	42	78	176	222	110	197	176	187	176	204	250	189	187	74	73	74	99	142	59	99	99	69	117	95	99	102	65	194	102	146	248	167	146	188	75	163	75	60	109	25	101	60	92	91	147	85	92	197	199	198	214	167	197	58	106	72	52	58	101	98	81	99	98	103	48	99	37	103	139	137	115	158	137	139	113	87	193	113	116	175	44	116	142	199	134	207	134	122	104	125	122	144	73	144	99	92	92	85	97	92	54	73	54	39	73	33	56	48	39	155	138	146	46	146	111	121	74	96	111	
95	24	18	52	35	0	24	123	89	92	122	139	123	113	116	106	113	209	132	156	209	155	125	108	213	154	155	176	131	195	215	176	67	244	210	244	133	143	133	85	71	85	210	253	43	82	43	53	83	50	88	49	53	227	131	153	110	72	93	131	152	156	143	126	145	152	69	67	100	96	89	69	84	67	82	29	87	84	123	226	248	242	202	226	161	158	168	172	161	148	150	208	162	134	148	202	225	204	177	211	202	95	70	129	80	95	106	50	68	79	21	60	50	66	136	93	55	66	153	195	89	171	153	169	152	180	228	172	169	48	56	48	90	137	92	90	96	62	90	109	96	96	60	196	96	171	266	171	171	184	44	139	44	52	128	57	100	52	126	125	181	108	126	190	191	190	201	166	190	51	72	70	51	51	90	67	54	64	67	102	21	95	59	102	157	152	129	182	152	157	108	71	198	108	122	178	69	122	149	223	166	223	166	100	83	104	100	132	42	132	133	87	87	82	84	87	58	94	58	61	70	4	89	74	61	169	172	133	73	133	138	150	108	126	138	
119	0	8	65	41	24	0	142	107	116	141	161	142	137	140	126	137	231	155	170	231	177	144	126	235	177	177	198	153	217	238	198	85	266	226	266	155	158	155	70	81	70	234	275	67	106	67	68	79	71	112	61	68	242	155	177	134	94	117	155	163	168	158	142	157	163	74	72	101	115	100	74	108	91	106	46	110	108	128	250	271	266	226	250	177	173	184	188	177	171	172	229	184	154	171	226	249	226	201	235	226	119	94	153	104	119	119	62	90	80	45	77	62	90	160	116	74	90	175	213	112	190	175	192	173	202	250	195	192	70	80	70	114	161	99	114	120	86	109	129	120	120	84	220	120	186	285	195	186	208	36	161	36	76	147	66	124	76	130	129	186	124	130	214	215	214	224	190	214	27	70	46	28	27	114	58	40	68	58	126	45	119	75	126	176	172	149	198	172	176	132	95	222	132	144	202	84	144	171	238	174	243	174	123	106	126	123	156	61	156	131	111	111	106	108	111	80	111	80	76	94	28	84	88	76	189	177	157	86	157	152	162	114	137	152	
84	142	135	146	148	123	142	0	38	70	7	21	0	79	83	138	79	89	41	65	89	145	160	156	190	138	145	66	27	76	108	66	134	222	239	222	34	47	34	157	79	157	156	140	100	74	100	141	196	118	92	145	141	262	84	129	99	109	84	84	216	218	195	180	213	216	172	170	203	143	171	172	60	73	92	97	51	60	96	143	137	175	108	143	55	56	59	60	55	138	137	198	149	152	138	149	148	182	125	166	149	75	98	80	61	75	178	86	55	106	110	66	86	78	117	45	127	78	35	75	43	49	35	62	32	60	108	68	62	75	77	75	73	88	183	73	92	90	33	142	92	82	97	152	82	213	263	141	213	119	128	21	128	96	164	155	99	96	219	218	261	165	219	110	108	108	101	119	110	167	116	186	170	167	70	137	142	97	137	99	102	87	141	99	179	169	149	218	169	179	87	68	166	87	119	144	150	119	138	251	238	223	238	32	47	32	32	63	82	63	239	87	86	95	66	86	112	150	112	142	97	121	203	155	142	176	255	61	155	61	194	213	196	197	194	
83	107	99	122	119	89	107	38	0	69	35	59	38	87	92	132	87	127	69	72	127	153	155	147	206	148	153	103	59	114	145	103	116	238	240	238	64	56	64	119	41	119	179	178	78	68	78	118	168	97	88	121	118	261	98	141	101	96	82	98	205	207	187	170	201	205	147	145	179	132	152	147	55	58	85	61	47	55	73	175	175	203	142	175	73	71	80	83	73	146	146	209	158	151	146	172	178	196	146	187	172	75	86	95	53	75	163	48	30	70	81	30	48	63	126	45	106	63	73	106	39	85	73	98	70	98	146	104	98	45	56	45	71	104	162	71	90	74	11	136	90	81	81	172	81	209	274	156	209	144	90	59	90	77	159	131	97	77	199	198	246	154	199	140	138	138	136	138	140	130	78	149	135	130	69	99	104	59	99	98	71	86	120	98	178	169	148	216	169	178	92	55	183	92	121	160	130	121	146	251	225	232	225	38	37	42	38	84	47	84	214	83	83	88	61	83	93	137	93	121	84	88	175	135	121	180	238	82	135	82	185	203	177	182	185	
14	116	110	91	103	92	116	70	69	0	75	74	70	22	26	68	22	136	51	132	136	84	90	87	138	79	84	94	59	121	127	94	72	170	171	170	56	114	56	161	97	161	122	168	52	11	52	84	143	62	23	92	84	193	39	74	32	44	15	39	147	148	126	110	144	147	116	115	144	74	108	116	14	26	24	81	22	14	141	134	161	152	112	134	124	125	129	129	124	77	77	141	90	82	77	114	133	129	88	126	114	6	34	37	18	6	111	88	46	125	72	69	88	27	58	26	68	27	84	139	31	110	84	87	86	110	153	88	87	55	38	55	5	45	120	5	22	34	58	72	22	13	39	111	13	143	205	91	143	92	121	74	121	43	95	101	29	43	156	155	193	97	156	98	98	98	111	78	98	143	128	162	143	143	2	140	135	108	140	30	72	18	82	30	110	101	80	149	101	110	23	23	118	23	53	96	89	53	77	183	169	163	169	39	32	38	39	41	69	41	179	18	18	27	10	18	52	82	52	83	33	89	151	92	83	111	188	43	94	43	126	145	133	129	126	
89	141	134	148	149	122	141	7	35	75	0	26	7	85	89	143	85	92	48	59	92	151	165	160	197	144	151	71	34	79	113	71	137	229	244	229	41	41	41	153	75	153	163	144	102	78	102	143	197	121	97	147	143	267	91	136	104	113	89	91	220	222	200	184	217	220	174	172	205	147	174	174	64	76	96	96	55	64	90	149	142	182	114	149	50	50	55	56	50	145	144	205	155	157	145	156	154	189	132	173	156	80	102	87	64	80	181	83	55	101	110	64	83	81	124	49	129	81	40	74	46	50	40	67	35	63	111	73	67	75	79	75	78	94	185	78	97	93	32	147	97	87	100	158	87	218	270	148	218	126	125	26	125	99	169	157	104	99	222	221	264	169	222	117	114	114	106	126	117	165	111	184	169	165	75	133	139	93	133	104	102	92	144	104	184	174	154	223	174	184	93	70	173	93	125	151	153	125	144	256	242	230	242	36	49	37	36	70	81	70	241	92	91	99	70	91	114	153	114	145	100	121	204	157	145	182	258	67	158	67	199	218	199	200	199	
87	161	153	158	163	139	161	21	59	74	26	0	21	77	81	141	77	70	31	75	70	140	161	160	181	131	140	45	16	56	87	45	143	211	236	211	23	58	23	178	99	178	141	119	113	81	113	152	209	129	97	158	152	259	78	122	98	117	88	78	220	221	198	183	218	220	184	182	214	148	180	184	68	84	97	115	60	68	115	124	116	158	88	124	59	62	61	60	59	134	132	190	142	151	134	135	130	172	112	152	135	78	106	74	70	78	184	107	71	127	125	85	107	88	112	53	137	88	14	65	53	36	14	41	13	41	89	47	41	91	90	91	78	79	192	78	95	100	52	145	95	85	107	139	85	214	254	132	214	104	148	0	148	107	166	168	101	107	228	227	266	171	228	92	90	90	80	109	92	185	136	205	189	185	75	157	162	118	157	100	119	90	152	100	177	166	149	217	166	177	86	78	155	86	117	135	160	117	133	248	243	215	243	41	59	39	41	55	100	55	250	92	91	100	73	91	121	155	121	152	104	138	216	164	152	171	261	51	165	51	199	218	205	202	199	
84	142	135	146	148	123	142	0	38	70	7	21	0	79	83	138	79	89	41	65	89	145	160	156	190	138	145	66	27	76	108	66	134	222	239	222	34	47	34	157	79	157	156	140	100	74	100	141	196	118	92	145	141	262	84	129	99	109	84	84	216	218	195	180	213	216	172	170	203	143	171	172	60	73	92	97	51	60	96	143	137	175	108	143	55	56	59	60	55	138	137	198	149	152	138	149	148	182	125	166	149	75	98	80	61	75	178	86	55	106	110	66	86	78	117	45	127	78	35	75	43	49	35	62	32	60	108	68	62	75	77	75	73	88	183	73	92	90	33	142	92	82	97	152	82	213	263	141	213	119	128	21	128	96	164	155	99	96	219	218	261	165	219	110	108	108	101	119	110	167	116	186	170	167	70	137	142	97	137	99	102	87	141	99	179	169	149	218	169	179	87	68	166	87	119	144	150	119	138	251	238	223	238	32	47	32	32	63	82	63	239	87	86	95	66	86	112	150	112	142	97	121	203	155	142	176	255	61	155	61	194	213	196	197	194	
19	137	130	104	119	113	137	79	87	22	85	77	79	0	5	67	0	129	48	144	129	67	85	87	119	61	67	85	61	115	114	85	83	151	160	151	55	126	55	183	117	183	100	155	71	31	71	97	156	76	30	106	97	183	18	54	21	55	22	18	145	146	122	109	144	145	129	128	155	76	116	129	35	48	35	103	41	35	159	114	148	130	95	114	133	134	136	136	133	61	60	123	72	74	61	92	112	110	66	104	92	19	48	16	39	19	115	110	67	146	92	90	110	47	40	41	81	47	83	141	48	111	83	78	87	107	145	78	78	77	59	77	23	24	130	23	24	52	75	70	24	18	55	89	18	137	188	70	137	71	143	77	143	61	90	114	26	61	162	162	193	98	162	78	80	79	97	56	78	163	150	182	163	163	24	162	157	130	162	26	93	21	95	26	100	90	72	141	90	100	10	45	97	10	41	75	100	41	60	172	169	146	169	52	51	48	52	29	91	29	189	27	27	36	32	27	66	86	66	95	46	109	164	102	95	98	189	32	104	32	124	143	140	130	124	
21	140	133	105	121	116	140	83	92	26	89	81	83	5	0	64	5	132	52	148	132	62	82	85	114	56	62	87	65	118	115	87	82	146	156	146	59	130	59	187	122	187	96	156	73	35	73	98	156	78	30	107	98	179	16	49	18	55	23	16	142	143	119	106	141	142	129	128	154	75	115	129	40	51	36	107	46	40	164	112	149	127	95	112	138	139	141	140	138	56	55	118	67	70	56	89	110	105	63	100	89	22	49	16	44	22	113	114	72	151	95	95	114	51	35	46	82	51	87	145	53	115	87	81	91	110	147	80	81	81	63	81	27	22	128	27	23	54	80	67	23	20	57	85	20	133	183	65	133	68	147	81	147	63	87	115	25	63	161	160	191	96	161	78	79	79	97	52	78	166	154	184	165	166	28	166	161	134	166	24	97	22	95	24	96	86	69	136	86	96	9	49	93	9	37	71	99	37	55	168	166	141	166	57	56	53	57	31	95	31	187	29	29	37	36	29	67	84	67	94	48	112	163	101	94	93	187	35	103	35	121	140	139	128	121	
54	126	122	67	92	106	126	138	132	68	143	141	138	67	64	0	67	196	114	200	196	56	23	21	112	59	56	151	125	182	175	151	42	141	110	141	121	182	121	190	147	190	126	216	68	65	68	62	110	56	46	71	62	130	76	65	46	39	54	76	79	80	58	42	77	79	82	82	99	15	58	82	79	74	47	114	89	79	199	160	209	161	152	160	192	193	197	197	192	52	54	103	64	28	52	120	154	103	101	121	120	63	47	78	80	63	51	131	103	170	87	120	131	69	53	93	52	69	149	206	97	176	149	145	152	173	211	144	145	99	79	99	64	79	72	64	46	60	123	4	46	56	55	108	56	77	160	80	77	114	149	141	149	62	27	74	41	62	100	100	127	32	100	131	133	133	157	89	131	149	168	164	144	149	67	171	160	152	171	41	96	51	55	41	52	47	23	84	47	52	57	77	103	57	35	88	52	35	53	123	102	118	102	106	96	105	106	95	110	95	129	51	51	44	73	51	49	25	49	54	48	102	116	51	54	64	123	99	54	99	58	77	79	64	58	
19	137	130	104	119	113	137	79	87	22	85	77	79	0	5	67	0	129	48	144	129	67	85	87	119	61	67	85	61	115	114	85	83	151	160	151	55	126	55	183	117	183	100	155	71	31	71	97	156	76	30	106	97	183	18	54	21	55	22	18	145	146	122	109	144	145	129	128	155	76	116	129	35	48	35	103	41	35	159	114	148	130	95	114	133	134	136	136	133	61	60	123	72	74	61	92	112	110	66	104	92	19	48	16	39	19	115	110	67	146	92	90	110	47	40	41	81	47	83	141	48	111	83	78	87	107	145	78	78	77	59	77	23	24	130	23	24	52	75	70	24	18	55	89	18	137	188	70	137	71	143	77	143	61	90	114	26	61	162	162	193	98	162	78	80	79	97	56	78	163	150	182	163	163	24	162	157	130	162	26	93	21	95	26	100	90	72	141	90	100	10	45	97	10	41	75	100	41	60	172	169	146	169	52	51	48	52	29	91	29	189	27	27	36	32	27	66	86	66	95	46	109	164	102	95	98	189	32	104	32	124	143	140	130	124	
145	231	223	225	232	209	231	89	127	136	92	70	89	129	132	196	129	0	85	107	0	177	213	216	199	168	177	45	80	15	51	45	207	224	273	224	81	100	81	244	166	244	146	59	181	145	181	218	276	196	156	225	218	297	121	157	150	180	147	121	273	274	250	237	273	273	250	249	280	205	243	250	134	151	159	185	127	134	167	106	61	147	73	106	86	91	80	75	86	172	170	215	176	197	172	143	117	193	130	162	143	138	170	119	137	138	244	175	141	191	195	155	175	155	154	121	203	155	56	48	122	45	56	51	58	29	19	53	51	161	159	161	140	119	256	140	152	166	122	199	152	143	172	153	143	260	273	159	260	116	217	70	217	174	217	235	155	174	291	290	322	227	291	94	90	90	62	134	94	255	202	275	259	255	137	224	231	184	224	155	189	148	217	155	220	209	197	260	209	220	139	145	173	139	165	158	224	165	171	284	298	241	298	110	128	107	110	101	170	101	314	152	152	161	138	152	187	215	187	218	168	208	284	228	218	209	318	97	229	97	253	271	268	259	253	
61	155	148	141	150	132	155	41	69	51	48	31	41	48	52	114	48	85	0	104	85	109	133	134	151	101	109	44	15	70	83	44	123	182	205	182	8	87	8	185	108	185	115	120	98	61	98	134	193	112	72	142	134	229	47	91	69	95	63	47	193	194	170	156	191	193	166	165	195	123	159	166	51	69	75	113	46	51	136	106	116	136	74	106	90	92	92	90	90	103	101	160	111	121	103	108	109	142	84	125	108	54	85	43	54	54	161	110	67	137	115	88	110	72	82	39	119	72	35	93	44	63	35	38	39	59	102	40	38	86	78	86	56	49	171	56	69	82	58	118	69	59	88	111	59	184	224	102	184	78	151	31	151	91	138	151	74	91	207	206	241	145	207	71	69	69	70	79	71	181	145	201	183	181	53	164	165	126	164	73	111	64	133	73	147	137	120	188	137	147	58	63	126	58	88	105	140	88	102	217	216	185	216	35	50	30	35	24	98	24	230	68	68	77	54	68	103	131	103	134	84	129	200	143	134	141	236	21	145	21	172	191	184	177	172	
147	170	163	194	189	156	170	65	72	132	59	75	65	144	148	200	144	107	104	0	107	210	222	217	255	203	210	112	89	100	148	112	188	286	303	286	96	18	96	156	89	156	216	166	150	135	150	190	238	169	154	193	190	325	149	194	163	167	147	149	275	278	257	240	272	275	219	217	250	203	224	219	121	128	153	127	111	121	64	194	167	231	158	194	21	16	27	33	21	203	202	263	214	214	203	210	201	246	187	227	210	138	156	145	120	138	234	108	102	103	151	98	108	133	182	107	178	133	80	64	102	65	80	111	74	87	123	117	111	117	128	117	136	153	234	136	154	145	78	204	154	145	152	214	145	275	328	206	275	179	143	75	143	149	227	203	161	149	271	270	317	224	271	166	163	163	148	183	166	188	115	206	195	188	133	139	153	105	139	162	141	150	192	162	242	233	212	281	233	242	151	124	230	151	183	209	202	183	203	315	296	288	296	94	104	96	94	128	116	128	286	149	149	156	127	149	165	207	165	193	154	157	245	207	193	241	310	125	207	125	255	273	249	254	255	
145	231	223	225	232	209	231	89	127	136	92	70	89	129	132	196	129	0	85	107	0	177	213	216	199	168	177	45	80	15	51	45	207	224	273	224	81	100	81	244	166	244	146	59	181	145	181	218	276	196	156	225	218	297	121	157	150	180	147	121	273	274	250	237	273	273	250	249	280	205	243	250	134	151	159	185	127	134	167	106	61	147	73	106	86	91	80	75	86	172	170	215	176	197	172	143	117	193	130	162	143	138	170	119	137	138	244	175	141	191	195	155	175	155	154	121	203	155	56	48	122	45	56	51	58	29	19	53	51	161	159	161	140	119	256	140	152	166	122	199	152	143	172	153	143	260	273	159	260	116	217	70	217	174	217	235	155	174	291	290	322	227	291	94	90	90	62	134	94	255	202	275	259	255	137	224	231	184	224	155	189	148	217	155	220	209	197	260	209	220	139	145	173	139	165	158	224	165	171	284	298	241	298	110	128	107	110	101	170	101	314	152	152	161	138	152	187	215	187	218	168	208	284	228	218	209	318	97	229	97	253	271	268	259	253	
71	177	172	123	146	155	177	145	153	84	151	140	145	67	62	56	67	177	109	210	177	0	54	70	58	9	0	132	124	165	143	132	97	90	98	90	117	192	117	235	179	235	72	182	112	88	112	117	165	106	71	127	117	122	62	20	52	83	73	62	108	107	84	79	111	108	138	138	153	71	113	138	98	103	77	156	106	98	225	115	173	107	117	115	198	200	201	199	198	7	8	57	8	34	7	67	106	49	55	66	67	78	85	66	101	78	100	168	130	206	134	151	168	100	28	108	104	100	142	199	114	170	142	127	147	160	188	124	127	133	113	133	82	60	126	82	65	97	142	55	65	72	95	55	72	86	121	27	86	71	194	140	194	103	56	130	58	103	147	147	158	81	147	93	96	96	125	46	93	201	207	217	197	201	84	215	206	189	215	57	140	69	111	57	45	34	38	84	34	45	61	104	47	61	34	34	108	34	7	109	133	79	133	119	116	115	119	85	147	85	179	74	74	75	93	74	97	80	97	110	86	151	171	107	110	33	158	88	110	88	90	106	129	106	90	
76	144	140	81	107	125	144	160	155	90	165	161	160	85	82	23	85	213	133	222	213	54	0	19	102	61	54	168	145	199	188	168	59	128	88	128	140	204	140	210	170	210	126	228	90	88	90	76	115	76	68	86	76	108	92	68	64	61	76	92	60	61	37	26	61	60	90	91	100	29	61	90	101	97	70	136	111	101	222	166	220	161	163	166	214	215	219	219	214	53	56	89	61	21	53	121	159	95	106	120	121	85	70	94	103	85	47	154	126	192	108	143	154	92	62	115	70	92	168	226	119	196	168	162	172	192	227	160	162	122	102	122	86	94	74	86	68	83	146	19	68	78	78	109	78	54	142	81	54	121	169	161	169	85	5	85	61	85	93	93	110	28	93	141	144	144	169	95	141	164	190	178	159	164	89	192	179	174	192	61	117	73	70	61	32	31	17	62	31	32	76	100	99	76	48	88	63	48	54	100	85	100	85	128	119	127	128	113	133	113	125	73	73	67	95	73	71	34	71	68	71	121	121	60	68	49	108	117	63	117	40	58	76	53	40	
74	126	123	62	88	108	126	156	147	87	160	160	156	87	85	21	87	216	134	217	216	70	19	0	121	75	70	172	145	202	196	172	42	147	102	147	140	199	140	193	158	193	142	236	77	82	77	58	97	60	64	67	58	120	96	82	67	50	73	96	60	61	41	24	58	60	71	72	84	14	43	71	96	88	64	121	106	96	211	179	229	177	172	179	210	210	215	216	210	67	70	108	77	37	67	136	172	113	119	135	136	83	61	99	97	83	32	140	117	178	92	131	140	83	72	111	53	83	168	225	114	196	168	165	172	193	232	165	165	110	92	110	82	100	57	82	66	73	138	18	66	75	66	124	75	65	160	96	65	133	152	160	152	73	21	67	61	73	80	80	107	12	80	151	153	153	177	107	151	146	175	159	140	146	85	175	162	161	175	61	102	70	51	61	51	50	32	74	50	51	77	93	116	77	55	104	45	55	68	115	83	119	83	124	113	123	124	116	120	116	110	69	69	61	90	69	57	15	57	50	62	104	103	42	50	68	103	119	45	119	39	58	60	44	39	
127	235	231	179	204	213	235	190	206	138	197	181	190	119	114	112	119	199	151	255	199	58	102	121	0	60	58	159	166	190	155	159	154	32	92	32	159	237	159	293	235	293	57	187	170	144	170	173	217	164	128	183	173	113	108	65	108	141	129	108	140	136	119	121	145	140	192	192	202	126	163	192	152	160	134	213	159	152	278	108	178	81	128	108	240	243	241	239	240	65	64	22	51	85	65	58	96	9	70	41	58	133	143	112	156	133	148	225	184	263	192	207	225	158	81	160	162	158	180	232	167	205	180	156	185	190	206	151	156	190	170	190	138	104	176	138	122	155	194	110	122	127	153	46	127	105	75	50	105	84	252	181	252	161	102	185	115	161	190	190	184	130	190	106	109	109	139	72	106	259	264	275	255	259	139	273	264	246	273	114	198	125	167	114	76	72	90	97	72	76	115	160	26	115	92	46	163	92	64	98	161	45	161	169	169	165	169	127	204	127	222	131	131	132	148	131	155	134	155	166	143	209	223	161	166	54	187	130	164	130	127	138	175	147	127	
67	177	171	125	148	154	177	138	148	79	144	131	138	61	56	59	61	168	101	203	168	9	61	75	60	0	9	123	116	156	134	123	99	92	107	92	109	185	109	234	175	234	67	173	111	84	111	119	169	106	68	129	119	131	54	11	48	82	69	54	117	116	93	86	119	117	141	141	158	74	117	141	93	100	74	153	101	93	220	107	164	102	108	107	190	192	192	191	190	8	5	62	11	40	8	61	98	51	47	62	61	74	84	58	97	74	106	165	125	203	133	147	165	97	22	102	106	97	134	191	109	162	134	118	139	151	179	115	118	130	110	130	78	52	131	78	62	95	136	59	62	68	94	49	68	95	127	21	95	63	192	131	192	102	63	133	55	102	154	154	167	87	154	84	87	87	116	37	84	201	204	218	198	201	80	213	205	186	213	54	139	65	113	54	54	43	44	93	43	54	56	100	45	56	32	29	111	32	7	118	142	86	142	113	111	109	113	77	144	77	185	71	71	73	89	71	96	84	96	112	84	150	175	110	112	42	166	80	113	80	98	115	135	113	98	
71	177	172	123	146	155	177	145	153	84	151	140	145	67	62	56	67	177	109	210	177	0	54	70	58	9	0	132	124	165	143	132	97	90	98	90	117	192	117	235	179	235	72	182	112	88	112	117	165	106	71	127	117	122	62	20	52	83	73	62	108	107	84	79	111	108	138	138	153	71	113	138	98	103	77	156	106	98	225	115	173	107	117	115	198	200	201	199	198	7	8	57	8	34	7	67	106	49	55	66	67	78	85	66	101	78	100	168	130	206	134	151	168	100	28	108	104	100	142	199	114	170	142	127	147	160	188	124	127	133	113	133	82	60	126	82	65	97	142	55	65	72	95	55	72	86	121	27	86	71	194	140	194	103	56	130	58	103	147	147	158	81	147	93	96	96	125	46	93	201	207	217	197	201	84	215	206	189	215	57	140	69	111	57	45	34	38	84	34	45	61	104	47	61	34	34	108	34	7	109	133	79	133	119	116	115	119	85	147	85	179	74	74	75	93	74	97	80	97	110	86	151	171	107	110	33	158	88	110	88	90	106	129	106	90	
102	198	191	184	194	176	198	66	103	94	71	45	66	85	87	151	85	45	44	112	45	132	168	172	159	123	132	0	46	33	42	0	165	187	229	187	43	98	43	222	144	222	111	77	142	104	142	178	236	155	113	185	178	253	76	112	105	138	104	76	228	229	205	192	228	228	210	209	238	161	200	210	95	113	117	155	90	95	160	83	73	120	46	83	92	96	90	86	92	127	125	173	132	152	127	105	90	152	89	124	105	96	128	74	98	96	200	149	109	172	159	127	149	116	109	83	162	116	34	73	87	49	34	7	39	31	60	8	7	128	122	128	98	74	213	98	108	126	95	154	108	100	132	114	100	215	234	116	215	76	191	45	191	135	172	194	111	135	247	247	277	183	247	57	54	54	36	90	57	224	181	244	226	224	96	202	205	162	202	111	155	105	176	111	175	164	152	215	164	175	95	107	133	95	120	116	182	120	126	240	253	199	253	76	93	72	76	56	140	56	272	109	109	118	98	109	146	171	146	177	126	173	244	185	176	164	274	53	186	53	208	226	225	215	208	
71	153	145	145	152	131	153	27	59	59	34	16	27	61	65	125	61	80	15	89	80	124	145	145	166	116	124	46	0	65	87	46	129	197	220	197	7	72	7	177	100	177	129	123	101	67	101	139	197	116	81	146	139	243	62	106	82	103	73	62	204	205	182	167	202	204	171	170	201	133	166	171	55	71	82	109	47	55	123	117	119	149	84	117	75	77	77	76	75	117	116	175	126	134	117	122	121	157	98	139	122	63	92	58	57	63	169	103	63	128	115	81	103	75	96	41	124	75	25	81	43	51	25	40	27	52	98	45	40	83	79	83	63	64	178	63	79	87	50	129	79	69	93	125	69	197	239	117	197	92	145	16	145	94	150	155	85	94	214	213	251	155	214	83	81	81	78	94	83	179	137	198	181	179	60	156	159	117	156	84	110	74	138	84	161	150	133	201	150	161	70	65	141	70	101	120	146	101	117	232	227	200	227	31	49	28	31	39	94	39	236	77	76	85	59	76	108	140	108	139	90	129	204	150	139	155	246	36	151	36	183	202	191	187	183	
131	217	209	210	217	195	217	76	114	121	79	56	76	115	118	182	115	15	70	100	15	165	199	202	190	156	165	33	65	0	50	33	193	216	262	216	66	91	66	231	153	231	139	67	166	130	166	204	262	181	142	211	204	286	108	145	136	165	133	108	259	260	236	224	259	259	236	235	265	191	229	236	119	136	145	171	112	119	157	103	67	143	68	103	79	84	75	70	79	160	158	205	165	185	160	135	113	183	120	154	135	124	155	105	122	124	230	162	127	179	180	141	162	140	141	106	188	140	42	47	108	36	42	38	44	16	33	41	38	147	144	147	126	107	241	126	138	151	108	185	138	129	158	144	129	247	264	148	247	106	204	56	204	159	204	220	141	159	277	276	308	213	277	86	82	82	56	123	86	241	189	261	245	241	123	211	218	172	211	141	175	134	203	141	207	196	184	248	196	207	125	130	164	125	152	148	210	152	159	273	284	231	284	96	114	93	96	87	156	87	300	138	138	147	124	138	172	201	172	203	154	194	269	213	203	197	304	83	215	83	239	257	254	245	239	
133	238	231	218	230	215	238	108	145	127	113	87	108	114	115	175	114	51	83	148	51	143	188	196	155	134	143	42	87	50	0	42	197	177	236	177	84	136	84	264	186	264	99	41	178	138	178	211	270	189	144	219	211	260	100	124	131	169	135	100	248	248	224	214	249	248	243	241	269	187	229	243	132	150	148	195	128	132	200	56	34	97	27	56	127	132	123	119	127	140	138	173	141	170	140	97	67	150	91	115	97	128	161	99	136	128	226	190	149	214	197	168	190	152	126	122	195	152	75	97	127	83	75	47	80	61	52	43	47	169	160	169	131	96	243	131	138	161	137	178	138	131	166	109	131	229	227	121	229	74	232	87	232	170	192	228	139	170	274	274	298	207	274	51	47	47	19	97	51	264	223	284	266	264	129	243	246	204	243	138	194	135	209	138	188	177	171	227	177	188	123	145	130	123	141	118	214	141	139	246	273	199	273	117	133	112	117	87	180	87	302	141	141	150	134	141	179	198	179	209	159	212	277	216	209	173	296	84	218	84	228	246	252	239	228	
102	198	191	184	194	176	198	66	103	94	71	45	66	85	87	151	85	45	44	112	45	132	168	172	159	123	132	0	46	33	42	0	165	187	229	187	43	98	43	222	144	222	111	77	142	104	142	178	236	155	113	185	178	253	76	112	105	138	104	76	228	229	205	192	228	228	210	209	238	161	200	210	95	113	117	155	90	95	160	83	73	120	46	83	92	96	90	86	92	127	125	173	132	152	127	105	90	152	89	124	105	96	128	74	98	96	200	149	109	172	159	127	149	116	109	83	162	116	34	73	87	49	34	7	39	31	60	8	7	128	122	128	98	74	213	98	108	126	95	154	108	100	132	114	100	215	234	116	215	76	191	45	191	135	172	194	111	135	247	247	277	183	247	57	54	54	36	90	57	224	181	244	226	224	96	202	205	162	202	111	155	105	176	111	175	164	152	215	164	175	95	107	133	95	120	116	182	120	126	240	253	199	253	76	93	72	76	56	140	56	272	109	109	118	98	109	146	171	146	177	126	173	244	185	176	164	274	53	186	53	208	226	225	215	208	
64	85	82	26	50	67	85	134	116	72	137	143	134	83	82	42	83	207	123	188	207	97	59	42	154	99	97	165	129	193	197	165	0	183	144	183	127	171	127	152	120	152	163	237	40	63	40	20	75	21	53	30	20	161	97	102	68	28	62	97	91	95	78	61	86	91	47	46	73	30	37	47	75	61	49	81	84	75	174	191	231	197	177	191	186	185	191	193	186	92	94	145	105	70	92	156	187	145	134	160	156	70	38	98	74	70	47	102	87	138	51	97	102	56	87	90	12	56	154	208	91	179	154	158	156	181	224	159	158	75	60	75	67	102	49	67	59	44	110	45	59	66	37	147	66	105	201	119	105	145	111	143	111	40	62	34	58	40	85	84	130	43	85	158	160	159	179	122	158	107	135	122	102	107	70	134	121	121	134	60	62	62	14	60	91	88	65	116	88	91	74	67	144	74	69	127	17	69	93	156	110	158	110	103	88	104	103	110	82	110	107	56	56	47	70	56	23	27	23	13	39	63	82	21	13	105	123	113	22	113	74	89	62	67	74	
159	266	262	208	233	244	266	222	238	170	229	211	222	151	146	141	151	224	182	286	224	90	128	147	32	92	90	187	197	216	177	187	183	0	95	0	190	269	190	325	267	325	78	204	202	176	202	202	243	195	160	212	202	112	140	97	140	173	161	140	157	153	139	145	163	157	218	219	226	154	189	218	184	192	166	245	191	184	310	125	195	91	151	125	270	273	270	268	270	97	96	39	83	113	97	82	113	41	99	63	82	165	175	144	188	165	172	257	216	295	224	239	257	189	113	192	192	189	209	260	199	234	209	184	215	218	229	179	184	222	202	222	170	135	201	170	154	187	226	138	154	159	185	73	159	120	51	82	120	111	284	211	284	193	127	213	147	193	210	211	197	155	210	131	135	135	163	103	131	289	296	304	285	289	171	305	296	278	305	146	230	157	196	146	99	97	118	109	97	99	147	192	56	147	124	78	191	124	96	98	176	42	176	201	201	197	201	159	236	159	243	163	163	164	180	163	187	161	187	194	175	240	248	188	194	79	201	162	191	162	148	156	199	169	148	
157	226	224	162	187	210	226	239	240	171	244	236	239	160	156	110	160	273	205	303	273	98	88	102	92	107	98	229	220	262	236	229	144	95	0	95	213	285	213	295	257	295	146	272	177	172	177	158	179	162	152	166	158	24	159	117	140	149	157	159	76	71	70	85	84	76	161	163	156	115	131	161	184	183	155	223	193	184	309	196	263	173	209	196	293	294	296	295	293	103	105	70	97	89	103	145	185	92	146	131	145	166	157	162	187	166	111	241	212	279	194	230	241	179	124	197	155	179	240	297	202	267	240	224	244	258	284	221	224	209	189	209	168	158	138	168	149	170	229	106	149	158	165	130	158	42	75	115	42	162	254	236	254	172	83	163	142	172	133	134	105	103	133	185	189	189	218	140	185	245	277	255	238	245	171	277	264	261	277	141	204	154	152	141	61	70	92	29	70	61	152	186	110	152	120	118	143	120	104	13	88	53	88	210	202	207	210	182	220	182	163	157	157	152	179	157	158	117	158	150	158	206	182	139	150	65	111	185	141	185	78	76	129	98	78	
159	266	262	208	233	244	266	222	238	170	229	211	222	151	146	141	151	224	182	286	224	90	128	147	32	92	90	187	197	216	177	187	183	0	95	0	190	269	190	325	267	325	78	204	202	176	202	202	243	195	160	212	202	112	140	97	140	173	161	140	157	153	139	145	163	157	218	219	226	154	189	218	184	192	166	245	191	184	310	125	195	91	151	125	270	273	270	268	270	97	96	39	83	113	97	82	113	41	99	63	82	165	175	144	188	165	172	257	216	295	224	239	257	189	113	192	192	189	209	260	199	234	209	184	215	218	229	179	184	222	202	222	170	135	201	170	154	187	226	138	154	159	185	73	159	120	51	82	120	111	284	211	284	193	127	213	147	193	210	211	197	155	210	131	135	135	163	103	131	289	296	304	285	289	171	305	296	278	305	146	230	157	196	146	99	97	118	109	97	99	147	192	56	147	124	78	191	124	96	98	176	42	176	201	201	197	201	159	236	159	243	163	163	164	180	163	187	161	187	194	175	240	248	188	194	79	201	162	191	162	148	156	199	169	148	
67	155	147	144	152	133	155	34	64	56	41	23	34	55	59	121	55	81	8	96	81	117	140	140	159	109	117	43	7	66	84	43	127	190	213	190	0	79	0	182	105	182	122	120	100	65	100	138	196	115	78	145	138	237	55	99	76	100	69	55	200	201	177	163	198	200	170	169	199	128	164	170	53	71	79	112	47	53	130	111	116	142	78	111	82	84	84	82	82	111	109	168	119	129	111	115	115	150	91	132	115	59	90	51	56	59	166	107	66	134	116	85	107	74	90	41	122	74	28	86	44	56	28	37	32	54	99	41	37	85	79	85	60	57	176	60	75	85	55	125	75	65	92	118	65	192	232	110	192	85	149	23	149	93	145	154	80	93	211	211	247	151	211	77	75	75	73	87	77	181	142	200	183	181	57	161	163	122	161	80	112	70	137	80	155	144	127	195	144	155	65	65	134	65	96	113	144	96	110	225	223	193	223	33	50	29	33	32	97	32	234	73	73	82	58	73	106	137	106	137	88	130	203	148	137	149	242	29	149	29	179	198	188	183	179	
128	158	151	178	174	143	158	47	56	114	41	58	47	126	130	182	126	100	87	18	100	192	204	199	237	185	192	98	72	91	136	98	171	269	285	269	79	0	79	151	79	151	199	158	134	117	134	174	223	153	136	177	174	307	131	176	145	149	129	131	258	260	239	222	254	258	203	201	235	185	208	203	102	111	134	114	93	102	67	180	158	216	143	180	19	15	27	32	19	185	184	245	196	196	185	193	187	229	170	210	193	120	138	127	102	120	217	96	85	97	137	84	96	116	164	89	162	116	65	62	84	56	65	96	59	77	118	102	96	101	111	101	118	135	218	118	136	128	61	185	136	127	135	197	127	257	310	188	257	162	134	58	134	132	208	187	143	132	255	254	300	206	255	150	148	148	134	166	150	178	110	196	184	178	115	134	146	97	134	144	126	132	176	144	224	215	194	263	215	224	133	106	213	133	165	191	186	165	185	297	279	270	279	76	86	78	76	110	102	110	270	131	130	137	108	130	148	190	148	177	137	143	230	191	177	223	293	107	191	107	237	255	233	237	237	
