NAME:	instance_21-triangle
TYPE:	VRPRDL
DIMENSION:	213
CAPACITY:	750
TIME_HORIZON:	720
NUM_CUSTOMERS:	61
NODE_COORD_SECTION
1	0.0	0.0
2	87.0990295127	95.2102082729
3	42.911111514	76.9617849253
4	99.771295333	27.3905298955
5	93.1455986687	107.972434196
6	87.0990295127	95.2102082729
7	9.62911047758	2.90623002568
8	106.334862077	55.6156477003
9	110.644651695	62.68036157
10	117.952675961	-15.3135756349
11	61.0454853195	101.870621209
12	106.334862077	55.6156477003
13	30.0658398275	12.9182608456
14	86.2087192185	83.3142348412
15	25.9911946443	16.1062839493
16	30.0658398275	12.9182608456
17	6.51538034276	26.0262742445
18	-24.6973669164	63.9175254783
19	-1.70084797663	25.9085595617
20	-44.2650757276	71.938617039
21	7.46746455731	32.7563135668
22	6.51538034276	26.0262742445
23	-60.7667948882	10.6489626819
24	62.4737707188	20.3672084399
25	12.398338097	-19.6512410668
26	82.8437839673	-48.3386350064
27	8.75897584501	-38.781440732
28	62.4737707188	20.3672084399
29	1.20545338959	-46.7227297227
30	-51.9995764532	-64.361073884
31	-15.2478084383	14.8917679607
32	-102.272522166	13.892926062
33	-2.57819300732	1.8431209054
34	47.3124496794	-3.71673708808
35	-15.2478084383	14.8917679607
36	25.6076252339	-115.707093355
37	135.091309699	17.4555465819
38	161.650685861	-45.8759253004
39	70.8692042617	-32.5331017427
40	177.29638434	55.5849762663
41	135.091309699	17.4555465819
42	-7.94484079627	-101.725703221
43	-86.9310024718	-61.4649934615
44	49.8251960348	-30.5418875361
45	66.3305244006	41.7826543301
46	56.2269581194	-30.4483700556
47	49.8251960348	-30.5418875361
48	-4.52034575567	95.0726955383
49	34.0988020604	2.92861260753
50	3.03962266451	91.5512354322
51	-4.52034575567	95.0726955383
52	19.6560487241	63.9029159781
53	-29.161817799	78.799637233
54	19.6560487241	63.9029159781
55	5.46354190748	22.7598741209
56	44.8145723546	32.3152342256
57	23.6074479596	-33.6772954995
58	105.632294732	72.4515085608
59	44.8145723546	32.3152342256
60	-40.7232487875	139.578582388
61	9.31878778211	99.3944931933
62	-40.7232487875	139.578582388
63	92.6336183845	5.11326544091
64	94.1607858219	15.1867521194
65	104.444387297	51.0305721587
66	36.243251087	-26.1351952616
67	108.903060876	5.28072922994
68	92.6336183845	5.11326544091
69	-7.93571477698	-60.5550222051
70	15.98376207	-72.5081716741
71	39.4093517092	-20.794197169
72	-39.9803081086	-49.6174937302
73	56.0507168458	-39.5204758111
74	-7.93571477698	-60.5550222051
75	-27.3294120736	-18.8686306458
76	-31.1514501905	-58.4038221831
77	-34.6254066146	-11.9878904302
78	-7.909474876	26.3424218071
79	-16.3911018641	-43.2573944591
80	-27.3294120736	-18.8686306458
81	-68.2644950048	155.960911127
82	-42.0357176458	167.455933416
83	-51.4281145568	156.340570726
84	-68.2644950048	155.960911127
85	16.3087955077	-2.85109723751
86	-12.7531135818	27.7342564362
87	-2.21312070282	5.36835261849
88	8.71868653656	15.1144833322
89	-6.4009573743	-16.9565183289
90	16.3087955077	-2.85109723751
91	79.6625618768	-30.756468748
92	14.6027969915	-70.1455402735
93	21.6273023668	-66.4225161334
94	2.89143552943	-86.8183631733
95	14.6027969915	-70.1455402735
96	-0.0348869166117	95.3966371712
97	-85.0017351377	54.6084653014
98	-25.33675497	129.025125181
99	-0.0348869166117	95.3966371712
100	136.793449157	-32.1454259171
101	194.774032106	-19.8448749846
102	67.1824132157	7.39196606831
103	133.175055292	-4.69940437066
104	136.793449157	-32.1454259171
105	78.0042786437	-55.6334062156
106	81.835553746	-45.0533542258
107	43.3437348507	-40.7971956596
108	48.34597831	6.91849353101
109	73.8563930767	-38.0842781895
110	78.0042786437	-55.6334062156
111	-6.26682983277	51.2586007241
112	-47.1211851716	4.73596921295
113	-7.08436466691	32.0578221035
114	72.6720931758	27.9954766545
115	-6.26682983277	51.2586007241
116	-4.24557406323	16.2816654122
117	-101.29751606	41.3869641476
118	-4.24557406323	16.2816654122
119	-42.7654419524	-0.295559531358
120	-0.172166195475	36.3599823801
121	65.51781188	-101.180804542
122	74.8461194479	-174.096385327
123	64.6135510977	-98.3449831389
124	68.0671950979	-106.754552616
125	65.51781188	-101.180804542
126	-102.251693214	-58.7934962726
127	-84.6914535433	-30.0049485757
128	-91.9396403689	-50.6224048722
129	-119.849887377	-94.8345377352
130	-102.251693214	-58.7934962726
131	-69.4091457805	91.8687932387
132	160.929544314	-12.4756939944
133	62.05625393	50.6930794073
134	109.233018165	93.7951085167
135	160.929544314	-12.4756939944
136	27.6346739676	-5.33808444115
137	160.010447766	19.0589243083
138	27.6346739676	-5.33808444115
139	12.5529224369	28.0026920223
140	-110.831770707	112.816462521
141	12.5529224369	28.0026920223
142	-7.32037377621	134.449058057
143	6.00129787921	174.147796817
144	28.3266134892	112.162915161
145	-3.50033450373	152.431455924
146	-72.0467038276	110.416759301
147	-7.32037377621	134.449058057
148	-20.3337613178	126.153645649
149	99.4451518783	-13.360568576
150	118.887440372	-16.9115385853
151	25.7647625582	-21.367486384
152	158.11850895	-16.7893088221
153	99.4451518783	-13.360568576
154	-40.3420197108	23.534861163
155	-28.566579277	67.5269706329
156	-102.66634279	38.3667563089
157	-51.0466240547	51.6652186022
158	-19.7125066091	63.5469782903
159	-40.3420197108	23.534861163
160	-38.2159652237	-118.584301612
161	-42.4329109845	-180.47687496
162	23.8978751301	-97.0978180838
163	-25.0905758775	-121.787823112
164	-80.36849936	-94.0519583628
165	-38.2159652237	-118.584301612
166	82.5633909021	29.2535503147
167	100.721420661	28.6137642331
168	4.74834206462	63.5884475885
169	68.6970096397	43.0489157282
170	82.5633909021	29.2535503147
171	-33.216473544	3.83332589841
172	-64.4758203895	-4.62861165122
173	2.46870762153	-23.3643406647
174	-19.6551180404	51.7469328117
175	-54.1469366409	9.42531925677
176	-33.216473544	3.83332589841
177	-54.1072734531	21.1212055465
178	0.509146987829	-0.365692680938
179	-1.33938714806	-36.6934564604
180	22.1075080736	65.4161639224
181	-19.4552701928	-32.0350572715
182	-1.66028550218	-0.40683570011
183	0.509146987829	-0.365692680938
184	100.084264339	-23.9192705877
185	71.7994201135	-117.488809324
186	96.5647654824	20.4691661688
187	100.084264339	-23.9192705877
188	-65.3204607154	126.035404087
189	-58.5857551227	44.724262852
190	17.0529378006	26.4037719518
191	-58.5857551227	44.724262852
192	-131.936434985	4.20301925942
193	-2.68398374258	1.00445387685
194	-8.29641148438	54.2864680565
195	115.500413496	8.45627290117
196	93.1106483928	16.3073651303
197	115.500413496	8.45627290117
198	16.5186270383	-138.918214229
199	87.538591536	-20.3506816372
200	90.1769009807	-6.15837861794
201	83.4668714756	-33.5672551875
202	105.234929389	40.950112746
203	124.818396639	-1.24279731724
204	87.538591536	-20.3506816372
205	3.40627774229	4.68496368097
206	22.3532021202	68.3384365848
207	-7.23826919532	28.920489948
208	-50.9001212411	47.0133142595
209	18.2300860536	-48.6384500207
210	3.40627774229	4.68496368097
211	146.61358142	-42.7238162346
212	179.409909301	-44.5308861403
213	146.61358142	-42.7238162346
EDGE_WEIGHT_SECTION
0	129	88	103	143	129	10	120	127	119	118	120	33	120	31	33	26	68	26	84	33	26	61	66	23	96	40	66	46	83	21	103	3	47	21	118	136	168	78	185	136	102	106	58	78	64	58	95	34	91	95	66	84	66	23	55	41	128	55	145	99	145	93	95	116	45	109	93	61	74	45	64	68	61	33	66	37	28	46	33	170	173	164	170	17	31	6	17	18	17	85	71	70	86	71	95	101	131	95	140	195	67	133	140	95	93	59	49	83	95	52	47	33	78	52	17	109	17	43	36	120	190	117	126	120	118	90	105	153	118	115	161	80	144	161	28	161	28	30	158	30	134	174	115	152	131	134	128	100	120	33	159	100	47	73	110	72	67	47	124	185	100	124	124	124	88	105	64	81	88	33	65	23	55	55	33	58	1	37	68	37	2	1	103	137	99	103	142	74	31	74	132	3	55	115	94	115	139	90	90	90	113	125	90	6	71	30	69	52	6	153	184	153	
129	0	48	69	14	0	121	44	40	115	27	44	100	12	100	100	106	116	112	133	101	106	170	79	137	143	154	79	165	211	129	205	129	106	129	219	91	160	129	99	91	218	233	131	57	129	131	91	106	84	91	74	117	74	109	76	144	29	76	135	78	135	90	80	47	131	93	90	181	182	125	192	138	181	161	194	161	117	173	161	167	148	151	167	121	120	127	112	146	121	126	180	174	200	180	87	177	117	87	136	157	90	110	136	151	140	143	96	134	151	103	161	113	69	103	120	196	120	160	105	198	269	195	203	198	243	211	230	280	243	156	130	51	22	130	116	105	116	100	199	100	102	113	61	107	160	102	112	109	116	132	132	109	146	119	198	145	111	146	246	304	202	244	252	246	66	68	88	55	66	150	181	146	115	165	150	159	129	159	71	166	130	129	120	213	75	120	156	154	98	154	236	130	103	91	79	91	244	115	101	129	57	103	115	123	70	115	146	159	123	150	167	150	
88	48	0	75	59	48	81	67	69	119	31	67	65	44	63	65	63	69	68	87	57	63	123	60	101	131	120	60	130	170	85	158	88	81	85	193	110	170	113	136	110	185	190	107	42	108	107	50	75	42	50	27	72	27	66	45	111	63	45	104	40	104	87	80	67	103	97	87	147	151	98	151	117	147	119	154	118	72	134	119	136	124	123	136	84	74	85	71	106	84	114	149	144	168	149	47	130	86	47	144	180	74	121	144	137	128	118	70	119	137	55	115	67	57	55	77	148	77	115	59	179	252	176	185	179	198	166	185	236	198	113	148	33	68	148	83	131	83	58	158	58	76	104	38	89	119	76	80	106	121	99	148	106	99	72	150	97	64	99	212	271	174	210	211	212	62	75	40	43	62	105	135	108	67	118	105	112	88	122	24	125	89	88	115	196	78	115	118	106	57	106	189	89	56	100	79	100	216	107	95	118	72	113	107	82	22	69	98	127	82	158	182	158	
103	69	75	0	81	69	93	29	37	46	84	29	71	58	75	71	93	130	101	150	92	93	161	38	99	77	112	38	123	176	116	202	105	61	116	161	37	96	66	82	37	167	207	76	36	72	76	124	70	116	124	88	138	88	94	55	97	45	55	179	115	179	23	13	24	83	24	23	138	130	77	159	80	138	134	156	139	107	135	134	211	199	198	211	88	112	104	92	115	88	61	129	122	149	129	121	186	161	121	70	106	38	46	70	85	74	88	55	70	85	109	149	107	27	109	105	201	105	145	100	132	203	130	137	132	219	192	206	250	219	180	73	44	67	73	79	61	79	87	226	87	151	174	111	162	190	151	155	41	48	88	73	41	140	134	202	152	125	140	201	252	145	193	217	201	17	2	101	35	17	135	167	110	122	155	135	153	103	119	86	133	105	103	51	147	8	51	192	159	83	159	232	105	111	25	13	25	185	49	35	63	15	38	49	99	87	107	152	111	99	84	107	84	
143	14	59	81	0	14	134	54	49	126	33	54	114	26	114	114	119	126	125	142	114	119	182	93	151	156	168	93	179	225	142	217	143	120	142	233	100	168	142	99	100	232	247	145	71	143	145	98	120	92	98	86	126	86	122	90	158	38	90	138	84	138	103	93	58	145	104	103	195	196	139	206	152	195	175	208	175	130	187	175	168	147	152	168	135	133	140	126	160	135	139	194	188	214	194	94	186	120	94	147	163	104	120	147	164	153	157	110	147	164	114	174	126	83	114	134	205	134	173	118	211	282	208	216	211	256	224	243	294	256	163	138	65	21	138	130	111	130	114	204	114	104	109	65	106	165	104	115	121	127	146	141	121	158	128	208	155	121	158	260	318	216	258	266	260	79	80	99	69	79	163	194	160	126	177	163	171	143	173	83	179	144	143	132	226	88	132	159	164	112	164	248	144	115	102	92	102	258	128	114	142	68	114	128	137	81	128	156	173	137	160	175	160	
129	0	48	69	14	0	121	44	40	115	27	44	100	12	100	100	106	116	112	133	101	106	170	79	137	143	154	79	165	211	129	205	129	106	129	219	91	160	129	99	91	218	233	131	57	129	131	91	106	84	91	74	117	74	109	76	144	29	76	135	78	135	90	80	47	131	93	90	181	182	125	192	138	181	161	194	161	117	173	161	167	148	151	167	121	120	127	112	146	121	126	180	174	200	180	87	177	117	87	136	157	90	110	136	151	140	143	96	134	151	103	161	113	69	103	120	196	120	160	105	198	269	195	203	198	243	211	230	280	243	156	130	51	22	130	116	105	116	100	199	100	102	113	61	107	160	102	112	109	116	132	132	109	146	119	198	145	111	146	246	304	202	244	252	246	66	68	88	55	66	150	181	146	115	165	150	159	129	159	71	166	130	129	120	213	75	120	156	154	98	154	236	130	103	91	79	91	244	115	101	129	57	103	115	123	70	115	146	159	123	150	167	150	
10	121	81	93	134	121	0	110	117	110	112	110	23	111	21	23	23	70	26	87	30	23	70	56	23	89	42	56	50	91	27	112	12	38	27	119	126	159	71	175	126	106	116	52	69	57	52	93	24	89	93	62	85	62	20	46	39	118	46	145	96	145	83	85	106	39	99	83	66	76	38	72	63	66	43	74	46	29	53	43	171	172	165	171	9	33	12	12	26	9	78	73	70	90	73	93	107	131	93	132	186	57	123	132	90	86	55	39	76	90	51	57	34	68	51	19	117	19	52	35	118	188	115	124	118	128	99	115	162	128	119	152	71	135	152	20	151	20	25	163	25	132	171	111	150	134	132	127	91	111	29	150	91	54	75	117	78	67	54	131	190	101	129	132	131	78	95	61	71	78	43	74	27	57	64	43	66	10	41	64	45	12	10	94	135	89	94	144	80	25	80	141	12	54	105	84	105	142	81	81	82	103	115	81	6	67	31	75	52	6	144	176	144	
120	44	67	29	54	44	110	0	8	72	65	0	87	34	90	87	104	131	112	151	101	104	173	56	120	105	135	56	146	198	128	212	121	83	128	189	48	116	95	71	48	193	225	103	42	100	103	117	89	109	117	87	137	87	106	66	121	17	66	169	106	169	52	42	5	107	50	52	162	156	101	180	108	162	152	178	156	118	157	152	201	185	187	201	107	122	120	105	134	107	90	155	148	175	155	114	191	151	114	93	116	62	66	93	113	102	115	76	99	113	113	161	116	44	113	117	208	117	158	108	160	231	158	165	160	237	209	224	271	237	179	87	45	38	87	99	65	99	98	225	98	138	155	96	146	186	138	145	69	74	111	89	69	150	135	209	157	126	150	226	279	174	219	239	226	35	28	102	40	35	148	180	130	126	167	148	164	119	142	85	153	121	119	80	175	36	80	185	165	94	165	243	122	115	48	41	48	214	77	63	91	15	60	77	115	85	116	157	136	115	106	124	106	
127	40	69	37	49	40	117	8	0	78	63	8	95	32	96	95	110	135	118	155	107	110	179	64	128	113	143	64	154	206	134	218	128	91	134	197	51	120	103	67	51	201	232	111	49	108	111	119	97	111	119	91	141	91	112	72	129	11	72	170	108	170	60	50	13	115	57	60	170	164	109	188	116	170	159	186	162	124	165	159	202	185	187	202	115	128	126	112	142	115	98	163	156	183	163	115	195	151	115	98	118	70	71	98	121	110	123	83	107	121	117	167	122	51	117	124	212	124	165	114	168	239	166	173	168	244	215	231	279	244	182	90	50	31	90	107	66	107	104	227	104	138	153	96	145	188	138	146	77	80	119	92	77	156	139	214	161	130	156	234	287	182	227	247	234	43	35	106	46	43	155	187	138	130	173	155	170	126	149	89	161	128	126	87	183	44	87	187	170	100	170	249	128	119	54	49	54	222	85	71	99	22	65	85	121	88	122	162	144	121	111	127	111	
119	115	119	46	126	115	110	72	78	0	130	72	92	103	97	92	119	163	126	184	120	119	180	66	105	48	112	66	121	177	137	221	121	72	137	136	37	53	50	92	37	153	209	70	77	64	70	165	86	157	165	126	174	126	118	87	96	89	87	222	158	222	33	39	68	82	22	33	133	117	79	161	66	133	145	155	153	132	137	145	253	242	241	253	102	137	122	113	124	102	41	117	109	135	117	162	214	203	162	25	77	56	19	25	57	47	79	73	50	57	141	166	133	63	141	126	226	126	161	128	101	165	99	104	101	224	202	213	250	224	216	43	86	109	43	91	54	91	114	262	114	195	220	156	207	227	195	198	19	2	92	40	19	163	168	227	181	159	163	187	230	124	178	213	187	57	47	138	76	57	152	183	115	153	173	152	176	118	121	125	138	120	118	20	112	42	20	231	186	109	186	250	121	144	24	40	24	160	31	29	39	58	16	31	116	127	132	179	105	116	39	68	39	
118	27	31	84	33	27	112	65	63	130	0	65	94	31	93	94	93	94	98	109	87	93	152	81	131	151	150	81	160	200	115	185	118	106	115	220	112	179	134	125	112	215	220	133	60	132	133	65	102	59	65	56	93	56	96	71	140	53	71	108	52	108	102	93	67	130	108	102	176	180	124	181	141	176	149	184	148	102	164	149	140	122	125	140	114	104	115	101	136	114	134	178	172	197	178	61	153	90	61	154	181	94	129	154	158	148	143	96	140	158	84	145	97	75	84	107	173	107	145	90	203	276	200	208	203	228	196	215	266	228	130	152	51	49	152	112	129	112	88	172	88	76	91	34	82	133	76	85	121	132	128	153	121	128	96	176	123	89	128	241	301	202	240	241	241	76	83	68	59	76	135	164	138	95	148	135	141	118	152	53	155	120	118	132	219	89	132	129	132	87	132	216	119	84	108	91	108	244	125	112	137	75	121	125	113	51	100	124	156	113	168	188	168	
120	44	67	29	54	44	110	0	8	72	65	0	87	34	90	87	104	131	112	151	101	104	173	56	120	105	135	56	146	198	128	212	121	83	128	189	48	116	95	71	48	193	225	103	42	100	103	117	89	109	117	87	137	87	106	66	121	17	66	169	106	169	52	42	5	107	50	52	162	156	101	180	108	162	152	178	156	118	157	152	201	185	187	201	107	122	120	105	134	107	90	155	148	175	155	114	191	151	114	93	116	62	66	93	113	102	115	76	99	113	113	161	116	44	113	117	208	117	158	108	160	231	158	165	160	237	209	224	271	237	179	87	45	38	87	99	65	99	98	225	98	138	155	96	146	186	138	145	69	74	111	89	69	150	135	209	157	126	150	226	279	174	219	239	226	35	28	102	40	35	148	180	130	126	167	148	164	119	142	85	153	121	119	80	175	36	80	185	165	94	165	243	122	115	48	41	48	214	77	63	91	15	60	77	115	85	116	157	136	115	106	124	106	
33	100	65	71	114	100	23	87	95	92	94	87	0	90	5	0	27	75	34	95	30	27	91	33	37	81	56	33	66	113	45	132	34	24	45	128	105	144	61	153	105	121	138	48	46	51	48	89	11	83	89	52	88	52	26	24	46	96	24	145	89	145	63	64	84	40	79	63	83	86	35	94	59	83	65	94	69	40	73	65	174	171	165	174	21	45	33	21	47	21	66	84	79	103	84	88	122	129	88	116	168	38	105	116	84	78	55	19	67	84	53	78	42	45	53	34	134	34	74	38	119	192	116	125	119	150	122	137	185	150	127	133	49	113	133	18	130	18	23	173	23	127	163	99	143	141	127	124	74	93	34	131	74	71	80	135	89	71	71	148	207	109	146	154	148	55	72	57	49	55	64	96	46	63	84	64	84	32	59	53	67	34	32	79	136	67	79	147	94	19	94	162	35	56	86	63	86	151	66	63	71	80	96	66	28	56	40	87	62	28	129	160	129	
120	12	44	58	26	12	111	34	32	103	31	34	90	0	90	90	98	113	105	131	94	98	164	67	127	131	144	67	155	202	122	201	120	95	122	208	82	150	117	95	82	207	225	119	46	117	119	91	96	84	91	69	115	69	101	66	133	22	66	139	79	139	78	69	37	120	81	78	171	171	114	183	126	171	152	184	153	110	163	152	171	153	156	171	111	113	118	103	136	111	114	169	163	189	169	87	174	121	87	126	150	78	100	126	139	128	131	85	122	139	98	154	106	57	98	112	192	112	153	98	186	257	183	191	186	235	204	222	272	235	156	121	41	25	121	106	98	106	92	199	92	107	121	65	113	160	107	115	97	105	121	123	97	140	116	194	141	108	140	236	293	190	233	243	236	54	57	84	44	54	143	174	136	110	158	143	153	120	149	67	156	121	120	108	201	64	108	157	150	90	150	232	121	99	80	67	80	232	104	90	117	46	93	104	114	66	108	142	148	114	139	158	139	
31	100	63	75	114	100	21	90	96	97	93	90	5	90	0	5	22	70	29	90	25	22	87	37	38	86	57	37	67	112	41	128	32	29	41	131	109	149	66	156	109	122	136	52	48	55	52	85	15	79	85	48	83	48	22	25	49	97	25	140	85	140	68	68	86	43	84	68	84	89	39	93	63	84	63	94	66	35	73	63	169	166	160	169	21	40	30	17	46	21	71	87	82	105	87	83	117	124	83	121	172	42	109	121	88	83	59	24	72	88	48	74	37	48	48	30	130	30	70	33	123	196	120	129	123	148	119	135	183	148	122	138	50	114	138	22	134	22	18	168	18	123	159	96	139	136	123	119	79	98	37	136	79	67	75	131	84	66	67	149	208	112	147	153	149	58	76	52	50	58	60	92	46	58	80	60	80	30	59	49	66	32	30	84	140	71	84	142	89	14	89	158	32	51	90	67	90	154	71	68	76	83	100	71	25	52	35	82	65	25	134	165	134	
33	100	65	71	114	100	23	87	95	92	94	87	0	90	5	0	27	75	34	95	30	27	91	33	37	81	56	33	66	113	45	132	34	24	45	128	105	144	61	153	105	121	138	48	46	51	48	89	11	83	89	52	88	52	26	24	46	96	24	145	89	145	63	64	84	40	79	63	83	86	35	94	59	83	65	94	69	40	73	65	174	171	165	174	21	45	33	21	47	21	66	84	79	103	84	88	122	129	88	116	168	38	105	116	84	78	55	19	67	84	53	78	42	45	53	34	134	34	74	38	119	192	116	125	119	150	122	137	185	150	127	133	49	113	133	18	130	18	23	173	23	127	163	99	143	141	127	124	74	93	34	131	74	71	80	135	89	71	71	148	207	109	146	154	148	55	72	57	49	55	64	96	46	63	84	64	84	32	59	53	67	34	32	79	136	67	79	147	94	19	94	162	35	56	86	63	86	151	66	63	71	80	96	66	28	56	40	87	62	28	129	160	129	
26	106	63	93	119	106	23	104	110	119	93	104	27	98	22	27	0	49	8	68	7	0	69	56	46	107	65	56	72	107	24	109	25	50	24	142	129	171	87	173	129	128	128	71	62	75	71	70	36	66	70	40	63	40	3	39	62	109	39	123	73	123	89	88	101	60	104	89	87	99	57	88	82	87	56	92	56	14	72	56	149	150	142	149	30	19	22	11	44	30	92	96	93	112	96	70	96	108	70	143	193	63	130	143	108	104	76	46	93	108	28	57	15	66	28	15	109	15	55	12	140	211	137	146	140	138	106	125	175	138	100	159	60	123	159	38	153	38	6	146	6	109	148	89	127	115	109	104	101	120	51	157	101	47	54	110	63	45	47	150	211	124	150	148	150	76	94	38	64	76	45	77	49	37	63	45	60	27	63	42	63	27	27	106	157	90	106	122	68	11	68	140	26	32	110	87	110	165	93	90	97	100	121	93	21	45	14	61	75	21	156	187	156	
68	116	69	130	126	116	70	131	135	163	94	131	75	113	70	75	49	0	44	21	45	49	64	97	91	155	108	97	113	131	50	92	66	99	50	186	166	215	136	201	166	166	140	120	94	124	120	37	85	39	37	44	16	44	51	76	108	130	76	77	49	77	131	128	129	108	146	131	126	142	106	115	131	126	83	122	77	41	107	83	102	105	96	102	78	38	63	59	83	78	141	139	138	153	139	40	61	65	40	187	234	108	172	187	157	152	124	92	142	157	22	63	36	104	22	52	80	52	67	37	187	257	185	193	187	145	111	133	185	145	53	200	88	137	200	87	190	87	52	99	52	73	114	72	91	66	73	62	146	165	99	199	146	43	5	82	29	5	43	183	245	168	186	167	183	113	130	29	96	113	61	79	91	13	62	61	52	69	103	46	96	68	69	152	204	129	152	74	39	56	39	123	67	19	150	127	150	206	140	134	145	132	163	140	65	47	39	31	120	65	201	231	201	
26	112	68	101	125	112	26	112	118	126	98	112	34	105	29	34	8	44	0	63	11	8	61	64	48	113	65	64	72	103	17	101	24	57	17	143	137	178	93	181	137	127	122	76	70	81	76	69	43	66	69	44	60	44	8	47	65	117	47	120	74	120	97	96	109	64	112	97	86	99	62	85	87	86	52	89	50	6	71	52	146	147	140	146	34	11	21	15	43	34	99	97	95	112	97	70	88	106	70	150	201	71	138	150	114	110	80	53	99	114	26	50	8	74	26	10	101	10	48	11	144	214	141	150	144	131	99	118	169	131	94	167	68	130	167	43	161	43	14	139	14	108	148	91	126	110	108	102	108	127	55	165	108	39	49	102	55	42	39	149	210	125	149	143	149	84	102	38	72	84	38	70	49	31	55	38	52	26	62	46	61	26	26	113	161	98	113	118	60	19	60	132	25	29	118	95	118	165	100	97	104	108	129	100	22	49	6	53	77	22	163	194	163	
84	133	87	150	142	133	87	151	155	184	109	151	95	131	90	95	68	21	63	0	65	68	63	118	107	175	123	118	127	136	64	82	82	118	64	200	187	236	155	222	187	177	140	139	114	143	139	46	104	51	46	64	17	64	70	97	125	150	97	68	60	68	152	149	150	126	167	152	137	157	125	121	150	137	92	131	84	58	119	92	87	96	85	87	96	54	79	78	97	96	160	154	153	165	154	50	44	60	50	208	255	129	193	208	176	172	142	113	161	176	43	67	55	125	43	68	65	68	72	57	204	273	201	210	204	143	109	131	183	143	32	221	108	155	221	106	210	106	72	78	72	73	114	83	90	47	73	59	167	186	116	220	167	49	16	67	21	26	49	190	252	182	194	170	190	134	151	50	116	134	69	79	106	32	63	69	52	85	117	67	107	84	85	173	221	150	173	58	31	76	31	111	82	40	171	148	171	219	161	155	165	152	184	161	82	67	57	26	136	82	222	252	222	
33	101	57	92	114	101	30	101	107	120	87	101	30	94	25	30	7	45	11	65	0	7	72	56	53	110	72	56	79	114	28	111	32	54	28	149	128	172	91	171	128	135	133	76	60	80	76	63	40	59	63	33	59	33	10	37	68	106	37	117	67	117	90	88	99	66	105	90	94	106	62	95	87	94	62	99	61	17	79	62	145	144	137	145	37	21	29	18	51	37	96	103	100	119	103	63	95	102	63	144	194	65	131	144	113	107	82	48	97	113	23	61	15	65	23	20	109	20	59	8	146	217	143	152	146	142	110	129	180	142	97	160	57	119	160	43	153	43	7	143	7	102	141	82	120	111	102	97	102	122	57	159	102	49	50	110	61	41	49	157	218	131	157	154	157	75	93	31	62	75	49	81	56	33	66	49	63	34	70	36	70	34	34	108	163	90	108	118	67	11	67	142	33	27	110	87	110	172	96	91	100	98	122	96	28	38	15	60	82	28	158	188	158	
26	106	63	93	119	106	23	104	110	119	93	104	27	98	22	27	0	49	8	68	7	0	69	56	46	107	65	56	72	107	24	109	25	50	24	142	129	171	87	173	129	128	128	71	62	75	71	70	36	66	70	40	63	40	3	39	62	109	39	123	73	123	89	88	101	60	104	89	87	99	57	88	82	87	56	92	56	14	72	56	149	150	142	149	30	19	22	11	44	30	92	96	93	112	96	70	96	108	70	143	193	63	130	143	108	104	76	46	93	108	28	57	15	66	28	15	109	15	55	12	140	211	137	146	140	138	106	125	175	138	100	159	60	123	159	38	153	38	6	146	6	109	148	89	127	115	109	104	101	120	51	157	101	47	54	110	63	45	47	150	211	124	150	148	150	76	94	38	64	76	45	77	49	37	63	45	60	27	63	42	63	27	27	106	157	90	106	122	68	11	68	140	26	32	110	87	110	165	93	90	97	100	121	93	21	45	14	61	75	21	156	187	156	
61	170	123	161	182	170	70	173	179	180	152	173	91	164	87	91	69	64	61	63	72	69	0	124	79	155	85	124	84	76	46	42	59	108	46	153	196	229	138	242	196	124	77	118	131	124	118	101	94	103	101	96	75	96	67	107	95	178	107	130	113	130	153	155	169	104	169	153	89	113	105	64	127	89	45	75	35	55	70	45	145	158	146	145	78	51	59	70	61	78	146	110	112	116	110	104	50	123	104	201	256	127	193	201	154	153	116	109	143	154	68	15	58	134	68	57	51	57	21	66	168	229	166	174	168	81	47	69	121	81	82	222	129	189	222	89	221	89	75	114	75	135	176	135	153	100	135	122	161	181	92	220	161	24	65	50	42	67	24	131	192	137	137	107	131	144	162	84	133	144	28	16	72	58	7	28	12	62	76	99	59	60	62	164	184	158	164	115	34	79	34	71	59	68	175	154	175	168	151	151	151	168	185	151	64	101	57	38	99	64	214	245	214	
66	79	60	38	93	79	56	56	64	66	81	56	33	67	37	33	56	97	64	118	56	56	124	0	64	71	80	0	91	142	78	165	67	28	78	141	73	119	54	120	73	140	170	52	22	51	52	100	33	92	100	61	108	61	57	21	66	68	21	157	95	157	34	32	52	53	49	34	107	104	47	124	60	107	98	122	102	70	101	98	188	180	177	188	52	75	66	54	78	52	54	102	96	122	102	97	151	139	97	91	138	14	75	91	78	68	64	20	60	78	75	111	71	13	75	67	165	67	107	64	122	195	119	127	122	183	155	170	215	183	150	104	30	87	104	43	97	43	51	196	51	134	164	98	148	161	134	134	50	68	56	103	50	103	102	166	117	93	103	171	226	123	166	183	171	22	39	72	24	22	97	129	74	88	117	97	116	65	86	60	97	67	65	58	138	34	58	166	123	46	123	195	68	78	54	31	54	165	48	38	58	47	66	48	61	63	70	116	82	61	105	134	105	
23	137	101	99	151	137	23	120	128	105	131	120	37	127	38	37	46	91	48	107	53	46	79	64	0	76	19	64	29	78	44	119	26	38	44	97	128	150	59	181	128	84	108	39	81	45	39	116	31	112	116	84	106	84	43	61	18	131	61	168	119	168	84	89	116	25	100	84	46	53	27	60	48	46	40	58	48	50	37	40	193	195	187	193	17	54	29	35	19	17	68	51	48	67	51	116	122	153	116	125	182	61	122	125	75	74	37	45	64	75	73	64	55	77	73	40	129	40	58	57	97	167	94	103	97	121	98	109	152	121	138	148	86	148	148	21	153	21	48	181	48	155	194	132	173	154	155	149	87	106	13	145	87	68	96	128	95	89	68	111	170	78	109	119	111	86	100	84	84	86	51	78	11	78	72	51	78	23	22	85	34	24	23	87	114	93	87	165	96	46	96	146	26	77	107	88	107	119	75	79	72	111	114	75	26	88	52	92	30	26	135	168	135	
96	143	131	77	156	143	89	105	113	48	151	105	81	131	86	81	107	155	113	175	110	107	155	71	76	0	75	71	82	136	116	195	99	57	116	88	84	79	20	140	84	105	170	38	91	32	38	167	71	160	167	128	169	128	105	89	61	122	89	224	165	224	54	64	101	52	60	54	92	71	51	123	28	92	114	114	123	118	99	114	254	248	244	254	80	122	100	98	94	80	17	72	64	89	72	165	196	207	165	56	115	57	67	56	9	3	40	65	14	9	133	140	121	76	133	108	204	108	134	118	56	126	53	60	56	185	168	175	208	185	207	86	100	143	86	70	102	70	104	252	104	203	235	169	218	221	203	202	39	48	63	82	39	142	160	204	167	151	142	140	182	76	131	169	140	77	78	136	92	77	127	153	84	143	148	127	153	95	85	129	103	97	95	30	70	69	30	228	169	99	169	221	98	137	66	65	66	112	28	42	15	91	63	28	95	131	119	164	65	95	64	97	64	
40	154	120	112	168	154	42	135	143	112	150	135	56	144	57	56	65	108	65	123	72	65	85	80	19	75	0	80	11	66	59	123	42	52	59	78	138	153	62	193	138	65	98	42	98	48	42	134	48	130	134	103	123	103	62	79	16	147	79	185	138	185	94	101	131	30	109	94	27	34	36	50	47	27	41	44	51	67	26	41	209	212	204	209	36	70	45	54	27	36	71	32	30	48	32	134	132	171	134	128	187	74	129	128	71	73	35	60	65	71	91	71	72	92	91	56	136	56	64	76	84	150	82	90	84	113	94	101	140	113	152	154	103	165	154	38	162	38	67	193	67	173	213	151	191	170	173	167	94	112	24	150	94	79	112	135	108	106	79	92	151	60	90	105	92	100	114	102	101	100	60	81	17	95	79	60	87	39	10	104	29	40	39	92	101	106	92	181	107	65	107	147	41	94	116	101	116	100	81	88	75	125	122	81	44	107	69	104	14	44	138	170	138	
66	79	60	38	93	79	56	56	64	66	81	56	33	67	37	33	56	97	64	118	56	56	124	0	64	71	80	0	91	142	78	165	67	28	78	141	73	119	54	120	73	140	170	52	22	51	52	100	33	92	100	61	108	61	57	21	66	68	21	157	95	157	34	32	52	53	49	34	107	104	47	124	60	107	98	122	102	70	101	98	188	180	177	188	52	75	66	54	78	52	54	102	96	122	102	97	151	139	97	91	138	14	75	91	78	68	64	20	60	78	75	111	71	13	75	67	165	67	107	64	122	195	119	127	122	183	155	170	215	183	150	104	30	87	104	43	97	43	51	196	51	134	164	98	148	161	134	134	50	68	56	103	50	103	102	166	117	93	103	171	226	123	166	183	171	22	39	72	24	22	97	129	74	88	117	97	116	65	86	60	97	67	65	58	138	34	58	166	123	46	123	195	68	78	54	31	54	165	48	38	58	47	66	48	61	63	70	116	82	61	105	134	105	
46	165	130	123	179	165	50	146	154	121	160	146	66	155	67	66	72	113	72	127	79	72	84	91	29	82	11	91	0	56	63	120	48	63	63	73	148	160	71	204	148	56	89	51	109	57	51	141	59	137	141	112	128	112	69	90	26	158	90	190	145	190	105	112	142	41	120	105	17	30	46	41	55	17	40	34	50	73	18	40	214	217	209	214	46	75	52	62	30	46	80	27	28	40	27	141	133	177	141	136	195	85	138	136	77	81	43	71	73	77	97	71	78	103	97	63	135	63	64	82	84	147	82	90	84	104	88	93	130	104	155	163	114	176	163	49	172	49	75	195	75	180	220	161	198	173	180	173	103	121	35	159	103	82	117	134	111	111	82	82	141	55	80	94	82	111	125	110	112	111	61	78	23	100	79	61	88	46	10	114	25	46	46	101	100	116	101	185	109	75	109	143	48	100	127	111	127	93	90	98	83	136	131	90	51	117	75	107	17	51	145	178	145	
83	211	170	176	225	211	91	198	206	177	200	198	113	202	112	113	107	131	103	136	114	107	76	142	78	136	66	142	56	0	87	93	83	116	87	93	204	214	127	258	204	58	35	107	159	113	107	166	109	165	166	147	145	147	104	137	82	209	137	204	174	204	160	166	194	96	175	160	44	68	101	19	111	44	52	22	55	101	41	52	221	232	220	221	92	100	86	100	66	92	136	67	74	59	67	168	123	195	168	191	250	138	194	191	130	135	98	123	129	130	124	69	106	155	124	94	117	94	65	113	123	168	121	127	123	51	47	42	74	51	157	219	162	226	219	99	227	99	113	187	113	204	245	194	222	176	204	193	159	177	88	215	159	89	134	115	116	132	89	56	117	82	63	41	56	164	178	140	162	164	71	61	68	120	74	71	86	83	57	149	46	81	83	157	134	170	157	191	109	114	109	105	82	126	182	165	182	101	146	153	139	189	187	146	88	152	103	111	72	88	200	232	200	
21	129	85	116	142	129	27	128	134	137	115	128	45	122	41	45	24	50	17	64	28	24	46	78	44	116	59	78	63	87	0	87	18	65	0	136	150	186	98	197	150	117	105	79	86	84	79	81	51	78	81	60	65	60	22	62	62	133	62	127	88	127	108	109	124	66	124	108	76	93	65	69	89	76	36	75	33	14	58	36	151	155	146	151	36	13	16	24	33	36	105	90	89	103	90	82	80	114	82	159	213	83	150	159	116	113	80	64	103	116	37	33	19	89	37	11	90	11	31	26	141	209	138	147	141	114	82	101	152	114	94	178	84	147	178	47	175	47	30	137	30	120	161	107	138	111	120	111	118	138	54	176	118	27	54	91	51	49	27	135	197	118	137	127	135	99	117	53	88	99	21	53	42	37	39	21	39	22	53	63	47	20	22	121	158	112	121	122	53	34	53	117	19	40	131	108	131	156	108	108	109	123	141	108	21	65	16	48	72	21	171	203	171	
103	205	158	202	217	205	112	212	218	221	185	212	132	201	128	132	109	92	101	82	111	109	42	165	119	195	123	165	120	93	87	0	100	150	87	182	237	269	178	282	237	149	77	158	171	164	158	127	136	130	127	132	98	132	108	148	134	216	148	140	140	140	195	196	210	144	211	195	120	146	146	89	167	120	82	101	72	95	103	82	146	164	151	146	119	91	100	111	101	119	187	144	148	145	144	130	44	138	130	243	298	169	235	243	193	193	155	151	183	193	103	56	97	175	103	98	27	98	61	105	203	258	201	208	203	73	47	65	110	73	84	264	168	226	264	131	262	131	115	99	115	153	193	163	170	101	153	139	203	223	132	261	203	63	91	24	63	96	63	147	203	168	156	110	147	185	203	118	173	185	70	42	111	91	48	70	49	103	113	134	95	101	103	205	218	199	205	118	53	120	53	31	100	102	217	195	217	194	192	193	191	209	227	192	106	136	96	61	136	106	254	287	254	
3	129	88	105	143	129	12	121	128	121	118	121	34	120	32	34	25	66	24	82	32	25	59	67	26	99	42	67	48	83	18	100	0	50	18	120	138	170	81	187	138	103	105	61	80	67	61	93	36	90	93	65	81	65	22	56	44	129	56	143	98	143	95	97	118	48	111	95	62	76	48	64	71	62	32	67	35	25	47	32	168	170	162	168	19	28	4	17	19	19	88	73	72	88	73	94	98	129	94	143	198	69	135	143	98	96	62	51	86	98	49	45	30	79	49	15	106	15	40	35	123	192	120	129	123	117	88	104	152	117	112	164	81	145	164	31	163	31	30	155	30	132	172	114	150	129	132	125	103	123	36	161	103	44	71	107	69	64	44	125	186	102	125	123	125	89	106	62	82	89	31	62	25	53	52	31	55	4	38	67	38	2	4	105	140	101	105	139	71	31	71	129	1	52	117	96	117	141	92	93	93	114	127	92	7	70	27	66	54	7	155	187	155	
47	106	81	61	120	106	38	83	91	72	106	83	24	95	29	24	50	99	57	118	54	50	108	28	38	57	52	28	63	116	65	150	50	0	65	114	90	122	37	143	90	112	146	27	49	28	27	112	15	105	112	73	112	73	50	36	38	96	36	168	110	168	46	51	79	25	62	46	79	76	19	98	37	79	76	96	82	63	75	76	197	193	188	197	31	68	50	43	55	31	42	74	68	94	74	110	144	151	110	94	148	23	86	94	60	54	37	11	43	60	77	94	65	41	77	55	155	55	90	62	99	172	96	105	99	159	134	147	190	159	150	114	56	115	114	20	115	20	47	196	47	148	183	117	164	165	148	146	53	73	28	112	53	92	104	155	112	95	92	143	198	96	138	156	143	48	62	80	51	48	80	112	49	87	102	80	104	47	59	74	72	49	47	57	116	55	57	171	116	43	116	179	50	80	69	50	69	138	44	43	47	73	78	44	44	76	63	110	54	44	107	138	107	
21	129	85	116	142	129	27	128	134	137	115	128	45	122	41	45	24	50	17	64	28	24	46	78	44	116	59	78	63	87	0	87	18	65	0	136	150	186	98	197	150	117	105	79	86	84	79	81	51	78	81	60	65	60	22	62	62	133	62	127	88	127	108	109	124	66	124	108	76	93	65	69	89	76	36	75	33	14	58	36	151	155	146	151	36	13	16	24	33	36	105	90	89	103	90	82	80	114	82	159	213	83	150	159	116	113	80	64	103	116	37	33	19	89	37	11	90	11	31	26	141	209	138	147	141	114	82	101	152	114	94	178	84	147	178	47	175	47	30	137	30	120	161	107	138	111	120	111	118	138	54	176	118	27	54	91	51	49	27	135	197	118	137	127	135	99	117	53	88	99	21	53	42	37	39	21	39	22	53	63	47	20	22	121	158	112	121	122	53	34	53	117	19	40	131	108	131	156	108	108	109	123	141	108	21	65	16	48	72	21	171	203	171	
118	219	193	161	233	219	119	189	197	136	220	189	128	208	131	128	142	186	143	200	149	142	153	141	97	88	78	141	73	93	136	182	120	114	136	0	172	153	95	228	172	36	125	89	163	91	89	212	119	208	212	179	201	179	139	149	82	204	149	263	215	263	138	148	184	90	146	138	65	44	96	93	82	65	110	81	120	145	84	110	287	290	282	287	113	148	123	131	103	113	100	47	49	37	47	212	203	249	212	139	194	130	155	139	80	90	77	125	91	80	169	141	150	151	169	134	202	134	134	154	42	76	43	43	42	140	140	134	147	140	228	170	170	226	170	110	190	110	144	266	144	251	290	227	269	246	251	245	126	136	94	165	126	154	190	200	184	184	154	64	94	19	51	108	64	156	162	180	164	156	133	143	95	173	148	133	158	117	83	180	95	118	117	118	46	153	118	258	181	142	181	198	119	172	153	148	153	25	113	127	100	175	151	113	122	183	147	180	67	122	141	169	141	
136	91	110	37	100	91	126	48	51	37	112	48	105	82	109	105	129	166	137	187	128	129	196	73	128	84	138	73	148	204	150	237	138	90	150	172	0	69	81	57	0	186	235	98	73	92	98	159	102	151	159	124	175	124	130	91	123	62	91	214	150	214	44	41	45	108	29	44	163	149	103	187	97	163	166	182	172	143	163	166	246	232	233	246	120	148	138	126	145	120	73	149	141	168	149	156	223	195	156	50	70	69	22	50	93	82	109	87	82	93	145	182	143	63	145	139	237	139	178	136	137	201	135	141	137	249	224	237	278	249	217	40	80	81	40	110	25	110	123	263	123	184	203	143	193	226	184	190	47	38	116	41	47	175	171	238	189	161	175	220	266	159	212	242	220	54	36	138	71	54	169	200	139	158	189	169	189	135	147	123	162	137	135	54	149	39	54	227	195	118	195	267	138	148	22	42	22	196	61	51	73	38	21	61	132	123	142	188	134	132	61	76	61	
168	160	170	96	168	160	159	116	120	53	179	116	144	150	149	144	171	215	178	236	172	171	229	119	150	79	153	119	160	214	186	269	170	122	186	153	69	0	91	103	69	179	249	112	129	106	112	217	136	209	217	179	227	179	170	140	138	131	140	274	210	274	86	91	113	126	73	86	170	148	124	201	106	170	190	193	198	184	178	190	305	294	293	305	151	189	171	164	169	151	83	149	141	164	149	214	266	255	214	28	42	108	50	28	84	80	118	125	88	84	193	214	185	116	193	177	276	177	208	180	111	155	110	112	111	264	246	253	285	264	268	33	138	149	33	140	65	140	166	314	166	246	269	206	257	280	246	250	70	52	137	29	70	213	220	276	233	211	213	213	244	147	202	247	213	109	96	191	128	109	201	228	160	205	222	201	225	167	163	178	181	169	167	65	115	93	65	284	238	161	238	296	170	197	71	92	71	172	78	81	79	104	58	78	165	180	184	231	143	165	15	18	15	
78	129	113	66	142	129	71	95	103	50	134	95	61	117	66	61	87	136	93	155	91	87	138	54	59	20	62	54	71	127	98	178	81	37	98	95	81	91	0	138	81	105	160	21	74	15	21	148	51	141	148	109	149	109	86	70	47	111	70	205	145	205	43	53	90	35	54	43	83	68	34	112	16	83	99	105	107	98	88	99	234	229	224	234	62	103	82	78	78	62	9	68	60	87	68	146	178	188	146	66	125	40	68	66	24	17	29	45	6	24	114	123	101	61	114	90	186	90	117	99	69	142	66	74	69	175	155	163	200	175	187	92	84	132	92	51	103	51	84	232	84	184	217	151	199	202	184	183	34	50	46	88	34	124	141	187	148	132	124	139	186	80	131	163	139	63	68	116	76	63	110	137	69	124	131	110	135	77	72	109	90	79	77	30	85	59	30	208	151	80	151	205	80	117	61	54	61	119	21	33	13	81	62	21	77	112	99	145	55	77	76	109	76	
185	99	136	82	99	99	175	71	67	92	125	71	153	95	156	153	173	201	181	222	171	173	242	120	181	140	193	120	204	258	197	282	187	143	197	228	57	103	138	0	57	243	288	154	112	149	154	186	152	178	186	158	208	158	175	135	178	74	135	233	174	233	99	92	73	163	85	99	219	206	158	241	154	219	216	237	221	187	217	216	265	246	250	265	170	192	186	173	197	170	130	206	198	225	206	182	261	215	182	96	77	120	75	96	149	138	165	137	139	149	183	230	186	108	183	186	278	186	226	178	193	251	191	196	193	301	274	288	332	301	249	70	115	78	70	161	40	161	167	294	167	201	208	159	205	255	201	210	104	93	170	75	104	220	206	280	227	196	220	277	322	216	269	298	277	98	81	172	109	98	216	248	191	196	236	216	233	185	201	155	215	187	185	111	203	88	111	252	236	163	236	313	187	185	78	93	78	252	118	107	129	74	77	118	181	155	186	228	190	181	103	100	103	
136	91	110	37	100	91	126	48	51	37	112	48	105	82	109	105	129	166	137	187	128	129	196	73	128	84	138	73	148	204	150	237	138	90	150	172	0	69	81	57	0	186	235	98	73	92	98	159	102	151	159	124	175	124	130	91	123	62	91	214	150	214	44	41	45	108	29	44	163	149	103	187	97	163	166	182	172	143	163	166	246	232	233	246	120	148	138	126	145	120	73	149	141	168	149	156	223	195	156	50	70	69	22	50	93	82	109	87	82	93	145	182	143	63	145	139	237	139	178	136	137	201	135	141	137	249	224	237	278	249	217	40	80	81	40	110	25	110	123	263	123	184	203	143	193	226	184	190	47	38	116	41	47	175	171	238	189	161	175	220	266	159	212	242	220	54	36	138	71	54	169	200	139	158	189	169	189	135	147	123	162	137	135	54	149	39	54	227	195	118	195	267	138	148	22	42	22	196	61	51	73	38	21	61	132	123	142	188	134	132	61	76	61	
102	218	185	167	232	218	106	193	201	153	215	193	121	207	122	121	128	166	127	177	135	128	124	140	84	105	65	140	56	58	117	149	103	112	117	36	186	179	105	243	186	0	89	91	161	95	91	196	113	193	196	168	181	168	125	144	75	207	144	243	201	243	146	154	189	87	158	146	41	37	93	61	89	41	85	49	94	128	59	85	264	271	262	264	101	129	107	118	85	101	113	38	45	18	38	197	174	231	197	161	218	132	171	161	98	106	79	122	104	98	152	113	133	152	152	118	171	118	107	138	73	110	73	76	73	104	105	98	112	104	203	191	168	227	191	103	207	103	131	238	131	235	275	216	253	221	235	228	139	153	87	187	139	129	170	169	159	165	129	35	86	32	26	73	35	158	168	165	163	158	108	112	79	154	120	108	131	101	65	169	71	101	101	133	81	159	133	234	155	130	155	163	103	155	165	154	165	45	125	136	114	181	166	125	107	172	130	155	59	107	165	196	165	
106	233	190	207	247	233	116	225	232	209	220	225	138	225	136	138	128	140	122	140	133	128	77	170	108	170	98	170	89	35	105	77	105	146	105	125	235	249	160	288	235	89	0	139	184	145	139	177	137	177	177	165	152	165	125	161	113	233	161	206	187	206	191	196	222	127	206	191	79	103	132	48	144	79	73	56	72	118	72	73	218	233	221	218	119	116	108	122	92	119	168	102	109	93	102	179	116	200	179	225	284	169	226	225	165	170	132	152	162	165	138	77	123	183	138	113	104	113	75	131	157	197	156	161	157	16	32	12	47	16	154	251	186	250	251	128	258	128	133	176	133	211	253	208	229	173	211	199	191	209	119	247	191	97	141	101	119	142	97	75	127	116	86	33	75	192	208	155	186	192	85	61	97	131	78	85	89	106	88	167	74	105	106	189	168	201	189	188	110	136	110	80	105	140	213	196	213	129	178	184	172	217	219	178	112	170	121	114	106	112	234	267	234	
