NAME:	instance_24-triangle
TYPE:	VRPRDL
DIMENSION:	234
CAPACITY:	750
TIME_HORIZON:	720
NUM_CUSTOMERS:	61
NODE_COORD_SECTION
1	0.0	0.0
2	75.4721700612	-88.139397569
3	32.4035914281	-86.4899016141
4	25.271636549	-122.837744124
5	3.06837894635	-88.3110662221
6	75.4721700612	-88.139397569
7	-118.277953147	-77.0705639401
8	-51.2308110517	12.3594447888
9	-7.79512657453	73.2325938568
10	-80.758537395	-1.55695601911
11	13.9004277475	8.0799079993
12	-51.2308110517	12.3594447888
13	-85.6594842211	-57.1796219217
14	-117.781546068	-50.3312929219
15	-43.4856605441	-16.8515247629
16	-55.77474397	-71.0709024618
17	-85.6594842211	-57.1796219217
18	75.361187812	-54.5197626156
19	148.893384733	-34.2585125593
20	57.9533429509	-55.7822923209
21	75.361187812	-54.5197626156
22	135.386834959	45.4117482594
23	90.7080782616	44.2089745377
24	137.929388746	33.6524235456
25	135.122503657	64.8394693477
26	79.0802880601	22.3636106887
27	135.386834959	45.4117482594
28	-39.9625952267	-25.0469155867
29	-70.6340165166	-13.7234936928
30	-74.5667143516	-101.293424565
31	-39.9625952267	-25.0469155867
32	90.3369577283	-9.56607225867
33	-18.2707266122	28.9932536574
34	67.8785244622	43.8786464678
35	90.3369577283	-9.56607225867
36	-123.398023314	65.4100895732
37	-123.704330686	65.4244433474
38	-153.679236134	81.6390218399
39	-125.398500266	92.9925043101
40	-123.398023314	65.4100895732
41	32.0869342008	-38.3975370413
42	-21.2624445727	-27.3964814904
43	4.51456626041	-25.4882935997
44	28.4754972667	-42.7295518218
45	32.0869342008	-38.3975370413
46	20.3175539242	-16.9230403641
47	110.68660097	94.4558564676
48	120.71056247	43.0340101711
49	65.1121039918	1.16406543977
50	110.68660097	94.4558564676
51	-93.9996387085	-24.4924456074
52	36.3368094182	-15.7893790388
53	89.7495684288	-69.6152492788
54	36.3368094182	-15.7893790388
55	17.9098295694	-53.9337913638
56	75.712785868	33.573203856
57	32.2162951841	64.3018087528
58	92.1386512758	28.5845600461
59	63.4968666747	69.8122967792
60	52.9285686811	33.0548015076
61	75.712785868	33.573203856
62	-138.230270054	25.170918071
63	-47.6360870232	2.36950132621
64	-99.9007863712	-56.5580847471
65	-55.3087741195	44.1569455756
66	-18.3718581633	79.5309405146
67	-47.6360870232	2.36950132621
68	-92.7132829525	71.6725288442
69	-127.716740994	-55.7018353182
70	-101.210870659	-136.603929984
71	-88.2659381332	-91.8883485775
72	-82.1080094505	-110.383883944
73	-127.716740994	-55.7018353182
74	14.4353276748	20.3365942251
75	39.369533656	43.5359681209
76	38.483677774	-47.4861463224
77	-41.8061007878	17.9135660019
78	14.4353276748	20.3365942251
79	-25.2523359938	-53.6865127452
80	-39.0877077012	-148.045154851
81	-31.0586598759	-119.951967571
82	-38.2754885353	-146.577712489
83	-39.0877077012	-148.045154851
84	43.6555562796	-42.9254130992
85	57.9181247571	-78.4968516825
86	-57.929707337	-83.7856787616
87	43.6555562796	-42.9254130992
88	2.17795499329	-4.66634671562
89	33.1082012389	-18.0375970958
90	18.8696014609	-3.80613311156
91	-24.745764325	2.23566527315
92	-3.07181930174	-9.21119282689
93	2.17795499329	-4.66634671562
94	13.7771912065	-136.883078805
95	-34.5786431659	-172.148179095
96	-62.1132845071	-142.977231817
97	2.79755186422	-77.9739318141
98	13.7771912065	-136.883078805
99	-66.2528544038	-58.3569964415
100	-67.5383773833	39.4503935921
101	-99.5905880118	-34.4690680517
102	-66.2528544038	-58.3569964415
103	-0.902051120105	-17.2024944116
104	-0.346489759238	-43.3300990889
105	8.69687849773	-75.3155576293
106	18.7324964174	8.97565518981
107	-7.53523381801	-22.2426756384
108	-0.902051120105	-17.2024944116
109	21.723962908	163.102048804
110	-52.2061068468	-141.222362484
111	-112.826442662	-92.7319808429
112	-43.419664071	-133.687736716
113	-52.2061068468	-141.222362484
114	29.517395114	-8.53221989776
115	7.02041137155	-54.569100445
116	32.5013630118	1.70450172784
117	64.1963997192	-51.7808671039
118	29.517395114	-8.53221989776
119	42.0637076444	-25.1165653411
120	77.3460748445	-92.7535759574
121	38.5922694268	-24.422748563
122	40.737756239	-29.3455812431
123	42.0637076444	-25.1165653411
124	16.1377735291	-21.3536029617
125	8.31377989711	-68.5534091962
126	15.6240907639	-18.877366425
127	15.8603851795	-21.5860128884
128	16.1377735291	-21.3536029617
129	-62.2697290613	-37.3829884989
130	-78.3761991317	-5.39134150031
131	-77.3330686658	-5.43567777017
132	-97.6901016294	-63.8397527776
133	-38.030292916	-27.0174790872
134	-62.2697290613	-37.3829884989
135	-23.2569310077	-22.6211410285
136	-31.4315649713	-53.8422818834
137	-10.7268759649	-9.22417386292
138	-14.5584467212	-24.7697318121
139	-23.2569310077	-22.6211410285
140	13.6622129757	-43.2793234997
141	12.5888021291	-43.27120572
142	24.3800889468	-113.276429629
143	13.6622129757	-43.2793234997
144	29.2233779471	-132.77489029
145	-61.1980607101	-110.499646345
146	29.2233779471	-132.77489029
147	18.6157552433	7.06517539052
148	69.7863804498	-16.6367122734
149	18.6157552433	7.06517539052
150	17.2232350234	153.481525734
151	21.3821436159	48.4629641098
152	0.441412818786	131.353034404
153	17.2232350234	153.481525734
154	5.66254937975	18.2172150303
155	-75.8291967081	-71.822923234
156	5.66254937975	18.2172150303
157	-65.8312408927	-30.2881098624
158	-68.644146094	-37.8923476938
159	-72.7119766022	-39.910874148
160	-32.4381216975	-9.96983564951
161	-99.2388332856	-80.2629845613
162	-65.8312408927	-30.2881098624
163	-8.25829965541	-7.90546922666
164	-5.00184091414	42.6333959747
165	-64.7019365679	50.2652647475
166	-5.22440260677	-13.6220267033
167	38.050803003	83.2484076972
168	4.40586903753	46.7344300358
169	-5.00184091414	42.6333959747
170	-33.3869082479	1.82805608206
171	-22.9453481537	123.486580385
172	-33.3869082479	1.82805608206
173	-2.59655254069	-59.5740734917
174	10.2142122243	7.00797874225
175	36.6824506752	11.3886025263
176	23.0479658402	7.72545180353
177	10.3806691514	7.32956641605
178	-3.13105152994	11.1941657026
179	10.2142122243	7.00797874225
180	-3.85948888817	-31.8663101543
181	-37.6136276138	-79.7596403146
182	-1.59911408867	-37.343434382
183	-11.5384282619	-81.240553309
184	11.6791010419	-11.6570720304
185	-3.85948888817	-31.8663101543
186	0.232741403163	-2.97851620947
187	-43.880342124	-63.9668179284
188	-31.4847020856	18.1258616975
189	-30.3132722301	51.8826864572
190	0.232741403163	-2.97851620947
191	-121.597764195	71.8362961271
192	-85.7977662709	17.2280660257
193	-121.597764195	71.8362961271
194	-72.7604707171	14.1416448676
195	-53.8601796661	101.800328216
196	-73.8382480329	82.5852406037
197	11.638527822	116.27119815
198	-53.8601796661	101.800328216
199	-88.6825456882	129.752754304
200	127.221636379	17.324386711
201	140.654527446	8.82902095657
202	155.423753305	20.0801110758
203	127.221636379	17.324386711
204	-110.355575804	-22.0351260923
205	-73.6719662467	33.6024267111
206	-61.2454308421	27.397050907
207	-139.53151838	15.1577673762
208	-73.6719662467	33.6024267111
209	8.17297993589	-144.992584127
210	-25.154503598	-162.579232921
211	-10.3700762722	-124.192534741
212	8.17297993589	-144.992584127
213	-27.4602692217	-9.74227721023
214	-46.5850077476	13.0072873145
215	-23.9898351866	88.3471279394
216	-27.4602692217	-9.74227721023
217	-56.0505420081	25.4094065841
218	-79.0762963932	38.0493262153
219	-19.6442373498	-27.8575054876
220	-59.9868719348	48.2453676472
221	-40.5961482645	34.6730230016
222	-56.0505420081	25.4094065841
223	-93.2250204787	-39.8774339069
224	-102.956575351	-31.7833370798
225	-108.274934296	-41.4069426343
226	-149.548755985	-50.2493658467
227	-151.449025403	-51.1053845026
228	-93.2250204787	-39.8774339069
229	56.623323619	-12.2621172327
230	50.8919333992	-11.6413489319
231	56.6312937793	-15.4739816
232	41.6901708169	-15.2717183727
233	51.4838604679	-16.47523263
234	56.623323619	-12.2621172327
EDGE_WEIGHT_SECTION
0	116	92	125	88	116	140	53	74	80	16	53	102	128	47	90	102	93	153	80	93	142	100	142	149	82	142	47	72	125	47	91	34	80	91	139	139	173	156	139	50	34	26	51	50	26	145	128	65	145	97	40	113	40	56	82	72	96	94	62	82	140	47	114	71	82	47	117	139	169	127	137	139	25	58	61	45	25	59	153	124	151	153	61	97	101	61	5	38	19	25	10	5	138	175	155	78	138	88	78	105	88	17	43	76	21	23	17	165	150	145	140	150	31	55	33	82	31	49	121	46	50	49	27	69	25	27	27	72	79	78	116	46	72	32	62	14	29	32	45	45	116	45	136	126	136	20	72	20	154	53	131	154	19	104	19	72	78	83	34	127	72	11	43	82	15	92	47	43	33	126	33	59	12	38	24	12	12	12	32	88	37	82	17	32	3	77	36	60	3	141	87	141	74	115	111	117	115	157	128	141	156	128	113	80	67	140	80	145	164	124	145	29	48	92	29	61	87	34	77	53	61	101	108	116	157	159	101	58	52	59	44	54	58	
116	0	43	61	72	0	193	161	180	178	113	161	164	197	138	132	164	34	91	37	34	146	133	137	164	111	146	131	164	151	131	80	150	132	80	251	251	284	270	251	66	114	95	65	66	90	186	139	90	186	180	82	23	82	67	122	158	118	158	123	122	241	152	178	185	191	152	231	205	183	163	159	205	123	136	55	158	123	106	129	111	128	129	55	20	133	55	111	81	101	135	111	111	79	138	148	73	79	145	191	182	145	104	88	68	112	106	104	257	138	188	127	138	91	76	99	38	91	71	5	73	68	71	89	70	92	89	89	146	174	173	174	129	146	118	112	117	110	118	76	77	57	76	64	138	64	110	72	110	248	147	232	248	126	152	126	153	152	155	133	174	153	116	152	196	110	175	151	152	141	232	141	83	115	107	108	115	127	115	97	113	92	87	100	97	113	122	150	175	113	253	192	253	180	229	226	214	229	272	117	117	134	117	196	192	179	238	192	88	125	93	88	129	158	201	129	174	199	112	191	169	174	175	186	190	228	229	175	78	80	75	80	76	78	
92	43	0	37	29	43	150	129	164	141	96	129	122	154	103	89	122	54	128	40	54	167	143	160	183	118	167	95	126	108	95	96	126	135	96	217	217	251	238	217	48	80	67	44	48	71	197	157	94	197	140	71	60	71	36	128	150	129	158	120	128	204	119	135	157	173	119	201	163	143	120	117	163	108	130	39	128	108	66	94	72	93	94	45	27	90	45	87	68	84	106	85	87	54	108	110	31	54	103	160	142	103	77	54	26	96	76	77	249	101	145	89	101	78	41	88	47	78	61	45	62	57	61	67	30	70	67	67	106	137	136	132	92	106	84	72	88	77	84	47	48	28	47	46	97	46	95	79	95	240	135	220	240	108	109	108	113	112	115	100	131	113	88	134	167	82	169	136	134	110	216	110	44	96	98	95	96	104	96	66	70	60	44	78	66	89	80	122	152	89	220	157	220	146	207	199	204	207	247	141	144	163	141	156	160	147	199	160	63	95	57	63	97	127	183	97	142	166	78	163	141	142	134	146	148	185	187	134	78	77	75	71	73	78	
125	61	37	0	41	61	151	155	198	161	131	155	129	160	126	96	129	85	152	75	85	201	179	193	217	155	201	118	145	102	118	131	157	172	131	239	239	271	263	239	85	106	100	80	85	106	233	191	130	233	154	108	84	108	69	164	187	165	195	157	164	220	145	142	185	207	145	227	167	127	118	108	167	143	167	76	155	143	86	69	56	68	69	82	55	92	82	120	105	119	134	117	120	18	77	90	50	18	112	187	152	112	109	83	50	131	105	109	285	80	141	70	80	114	71	125	81	114	98	60	99	94	98	101	57	104	101	101	122	156	156	136	115	122	111	89	118	106	111	80	81	10	80	11	87	11	130	115	130	276	171	254	276	142	113	142	130	127	128	127	132	130	119	168	195	113	206	170	168	137	250	137	69	130	135	131	130	137	130	95	76	89	56	112	95	122	91	151	182	122	243	178	243	168	237	227	239	237	276	173	175	193	173	168	185	173	214	185	28	64	36	28	125	154	216	125	169	191	105	190	170	169	144	156	156	189	191	144	115	114	112	108	110	115	
88	72	29	41	0	72	121	114	161	120	97	114	94	126	85	61	94	80	156	64	80	188	159	182	202	134	188	77	105	79	77	118	119	146	118	199	199	231	222	199	58	66	63	52	58	73	212	176	109	212	116	79	89	79	37	142	154	147	169	131	142	181	104	107	145	169	104	186	135	115	91	88	135	109	136	54	115	109	45	73	47	71	73	61	56	61	61	83	76	85	95	79	83	50	92	85	10	50	75	146	116	75	71	45	14	98	67	71	251	77	116	65	77	84	34	94	71	84	74	74	73	70	74	68	20	70	68	68	83	116	115	104	74	83	71	49	80	66	71	46	46	33	46	52	68	52	96	98	96	241	137	219	241	106	81	106	90	88	90	86	102	90	81	130	154	75	174	134	130	97	213	97	29	95	105	97	95	99	95	57	42	51	16	77	57	85	53	112	144	85	203	138	203	127	198	187	204	198	236	163	168	187	163	131	144	132	176	144	57	79	38	57	84	113	178	84	128	150	65	150	130	128	108	120	120	157	159	108	93	90	90	82	87	93	
116	0	43	61	72	0	193	161	180	178	113	161	164	197	138	132	164	34	91	37	34	146	133	137	164	111	146	131	164	151	131	80	150	132	80	251	251	284	270	251	66	114	95	65	66	90	186	139	90	186	180	82	23	82	67	122	158	118	158	123	122	241	152	178	185	191	152	231	205	183	163	159	205	123	136	55	158	123	106	129	111	128	129	55	20	133	55	111	81	101	135	111	111	79	138	148	73	79	145	191	182	145	104	88	68	112	106	104	257	138	188	127	138	91	76	99	38	91	71	5	73	68	71	89	70	92	89	89	146	174	173	174	129	146	118	112	117	110	118	76	77	57	76	64	138	64	110	72	110	248	147	232	248	126	152	126	153	152	155	133	174	153	116	152	196	110	175	151	152	141	232	141	83	115	107	108	115	127	115	97	113	92	87	100	97	113	122	150	175	113	253	192	253	180	229	226	214	229	272	117	117	134	117	196	192	179	238	192	88	125	93	88	129	158	201	129	174	199	112	191	169	174	175	186	190	228	229	175	78	80	75	80	76	78	
140	193	150	151	121	193	0	112	186	84	156	112	38	27	96	63	38	195	270	178	195	280	240	279	289	220	280	93	79	50	93	219	146	220	219	143	143	163	170	143	155	109	133	151	155	151	285	266	199	285	58	166	208	166	138	222	206	234	233	202	222	104	106	28	136	186	106	151	23	62	33	49	23	164	197	159	122	164	96	106	97	106	106	165	176	60	165	140	162	155	122	133	140	144	127	87	121	144	55	127	47	55	131	123	127	161	123	131	277	92	17	94	92	163	127	169	184	163	168	195	165	166	168	145	127	146	145	145	68	82	83	24	94	68	109	90	126	116	109	136	135	147	136	157	66	157	160	197	160	267	187	239	267	155	43	155	70	63	59	109	19	70	129	165	138	129	224	174	165	116	222	116	117	152	178	164	152	144	152	123	81	123	106	145	123	139	76	129	156	139	149	100	149	102	190	166	233	190	209	263	272	290	263	56	119	119	95	119	143	126	117	143	112	115	190	112	120	122	110	138	136	120	45	48	37	41	42	45	186	181	185	171	180	186	
53	161	129	155	114	161	112	0	75	33	65	0	78	91	30	84	78	142	205	128	142	189	145	190	193	131	189	39	33	116	39	143	37	123	143	90	90	124	110	90	97	50	67	97	97	77	181	175	117	181	56	92	162	92	95	129	98	144	128	106	129	88	11	84	32	75	11	72	102	157	110	126	102	66	96	107	11	66	71	161	134	159	161	109	141	96	109	56	89	72	28	52	56	163	185	155	105	163	72	32	67	72	58	75	106	70	56	58	167	154	122	146	154	83	88	84	131	83	100	165	96	100	100	75	100	73	75	75	51	32	32	89	42	51	45	69	46	52	45	85	84	146	85	166	123	166	70	124	70	157	81	130	157	57	88	57	45	53	57	29	104	45	47	55	40	53	114	65	55	21	115	21	87	62	88	74	62	48	62	64	93	70	102	67	64	54	77	21	45	54	92	35	92	22	89	74	121	89	123	178	192	206	178	68	31	18	88	31	168	177	142	168	32	5	81	32	14	38	51	37	25	14	67	68	78	116	118	67	110	105	111	97	106	110	
74	180	164	198	161	180	186	75	0	104	69	75	151	165	97	151	151	152	190	144	152	146	103	151	143	101	146	103	107	187	103	128	45	81	128	116	116	146	119	116	118	101	99	121	118	94	120	132	102	120	130	99	172	99	129	92	41	109	71	73	92	139	81	159	56	12	81	85	176	230	183	198	176	57	56	129	65	57	128	223	194	221	223	126	164	164	126	79	99	82	73	82	79	211	246	222	151	211	144	69	141	144	90	116	149	69	95	90	95	218	196	209	218	89	128	82	144	89	110	185	107	112	110	97	142	94	97	97	123	106	105	164	104	123	97	129	83	98	97	118	118	189	118	209	191	209	71	119	71	84	38	59	84	57	160	57	118	126	130	86	178	118	81	31	61	87	47	29	31	76	52	76	132	68	76	72	68	62	68	105	155	110	154	87	105	77	141	60	31	77	114	96	114	88	54	67	47	54	98	146	161	172	146	140	77	70	144	77	218	236	197	218	85	72	22	85	68	79	102	58	51	68	142	142	152	188	190	142	107	103	109	101	108	107	
80	178	141	161	120	178	84	33	104	0	95	33	56	61	40	74	56	163	231	148	163	221	177	221	225	161	221	47	16	99	47	171	70	155	171	79	79	111	104	79	118	65	88	116	118	102	214	206	145	214	26	118	183	118	112	160	131	175	161	138	160	63	33	58	52	102	33	74	72	136	91	109	72	98	128	127	44	98	76	152	128	151	152	130	158	85	130	83	115	99	56	78	83	165	176	142	113	165	59	43	37	59	81	91	116	100	76	81	193	142	96	137	142	110	102	113	152	110	124	182	121	124	124	98	111	98	98	98	40	5	5	64	50	40	61	72	70	70	61	102	101	153	102	171	111	171	99	151	99	183	114	155	183	89	70	89	32	38	39	49	80	32	73	88	54	76	146	98	88	47	138	47	97	91	117	103	91	78	91	82	89	86	105	93	82	81	72	53	73	81	84	19	84	18	107	84	149	107	132	208	221	236	208	36	36	35	61	36	168	170	141	168	54	37	106	54	37	40	66	54	54	37	40	38	48	84	86	40	137	132	138	123	133	137	
16	113	96	131	97	113	156	65	69	95	0	65	118	144	63	105	118	87	141	77	87	127	85	127	134	67	127	63	87	140	63	78	38	64	78	149	149	183	163	149	50	50	35	53	50	26	130	112	52	130	113	33	108	33	62	67	59	81	79	46	67	152	62	130	78	78	62	124	155	184	143	152	155	12	44	61	56	12	73	164	135	163	164	59	97	116	59	17	32	13	39	24	17	145	186	169	87	145	104	87	121	104	29	53	83	5	37	29	155	163	161	153	163	23	63	20	77	23	43	118	40	45	43	30	77	27	30	30	88	93	92	132	62	88	48	77	30	43	48	51	51	122	51	142	140	142	5	61	5	145	41	124	145	13	120	13	88	94	99	50	143	88	27	39	89	29	79	40	39	48	121	48	69	4	23	9	4	17	4	44	102	48	92	20	44	18	92	46	62	18	150	99	150	86	116	115	108	116	159	114	127	142	114	128	91	77	153	91	153	174	134	153	45	60	88	45	72	98	49	84	61	72	117	123	132	173	175	117	47	42	49	36	45	47	
53	161	129	155	114	161	112	0	75	33	65	0	78	91	30	84	78	142	205	128	142	189	145	190	193	131	189	39	33	116	39	143	37	123	143	90	90	124	110	90	97	50	67	97	97	77	181	175	117	181	56	92	162	92	95	129	98	144	128	106	129	88	11	84	32	75	11	72	102	157	110	126	102	66	96	107	11	66	71	161	134	159	161	109	141	96	109	56	89	72	28	52	56	163	185	155	105	163	72	32	67	72	58	75	106	70	56	58	167	154	122	146	154	83	88	84	131	83	100	165	96	100	100	75	100	73	75	75	51	32	32	89	42	51	45	69	46	52	45	85	84	146	85	166	123	166	70	124	70	157	81	130	157	57	88	57	45	53	57	29	104	45	47	55	40	53	114	65	55	21	115	21	87	62	88	74	62	48	62	64	93	70	102	67	64	54	77	21	45	54	92	35	92	22	89	74	121	89	123	178	192	206	178	68	31	18	88	31	168	177	142	168	32	5	81	32	14	38	51	37	25	14	67	68	78	116	118	67	110	105	111	97	106	110	
102	164	122	129	94	164	38	78	151	56	118	78	0	33	58	33	0	160	235	143	160	242	202	241	251	182	242	56	46	45	56	182	109	182	182	128	128	155	155	128	119	71	96	115	119	113	247	228	161	247	34	129	175	129	103	184	169	196	196	164	184	98	70	14	106	152	70	129	42	81	35	53	42	127	160	124	87	127	60	102	83	101	102	130	145	38	130	102	125	117	85	95	102	127	126	89	91	127	19	98	27	19	93	86	96	123	85	93	245	90	45	87	90	125	92	131	149	125	131	167	128	129	131	108	94	108	108	108	31	52	52	14	56	31	71	54	89	78	71	100	99	123	100	138	59	138	122	160	122	234	150	207	234	118	18	118	33	26	22	71	27	33	91	128	109	91	187	137	128	79	191	79	83	114	140	126	114	107	114	86	53	86	78	107	86	101	42	92	122	101	134	74	134	72	162	140	198	162	187	225	235	253	225	43	91	88	90	91	128	121	100	128	75	80	158	75	88	95	72	108	102	88	19	31	28	64	66	19	149	144	148	134	143	149	
128	197	154	160	126	197	27	91	165	61	144	91	33	0	81	65	33	192	267	175	192	269	228	269	277	209	269	82	60	67	82	210	127	208	210	116	116	137	143	116	150	99	124	146	150	141	270	255	189	270	35	157	208	157	135	210	189	223	217	190	210	78	88	19	113	163	88	124	11	88	51	70	11	150	183	156	102	150	92	125	111	125	125	161	178	68	161	128	153	144	107	122	128	157	147	108	124	157	52	103	24	52	121	118	129	148	113	121	254	112	43	112	112	153	124	159	181	153	161	199	158	160	161	136	127	136	136	136	57	60	60	24	83	57	98	86	115	106	98	132	131	155	132	168	83	168	148	189	148	244	171	216	244	141	47	141	56	51	46	94	35	56	117	146	114	118	205	156	146	99	198	99	115	140	166	152	140	130	140	115	85	117	110	135	115	127	75	110	134	127	122	75	122	79	165	140	210	165	182	253	263	281	253	29	95	96	69	95	157	145	130	157	99	95	167	99	97	96	100	114	114	97	27	24	13	32	34	27	177	172	176	162	171	177	
47	138	103	126	85	138	96	30	97	40	63	30	58	81	0	56	58	123	192	108	123	188	147	188	196	128	188	9	27	90	9	133	52	127	133	115	115	148	137	115	78	25	48	76	78	64	190	174	110	190	51	80	143	80	72	129	111	142	138	109	129	103	20	69	62	100	20	101	92	133	87	101	92	69	102	87	35	69	41	131	104	130	131	90	118	68	90	47	76	63	27	41	47	133	155	127	77	133	47	61	59	47	43	51	78	67	36	43	191	125	102	117	125	73	63	78	112	73	85	142	82	84	85	59	73	59	59	59	28	37	36	72	12	28	21	39	34	30	21	62	61	118	62	137	95	137	67	112	67	181	92	155	181	60	64	60	26	33	37	13	84	26	36	71	70	38	129	80	71	21	142	21	59	59	85	71	59	49	59	42	63	46	72	55	42	46	47	37	70	46	118	54	118	43	119	104	144	119	153	173	185	201	173	67	59	48	101	59	138	147	112	138	18	30	107	18	44	65	26	67	52	44	55	61	69	111	113	55	100	94	99	85	94	100	
90	132	89	96	61	132	63	84	151	74	105	84	33	65	56	0	33	132	207	115	132	223	186	220	233	163	223	49	59	36	49	158	106	168	158	152	152	181	178	152	94	56	76	89	94	93	234	209	140	234	60	107	145	107	75	168	161	177	184	150	168	126	74	46	115	155	74	147	74	79	39	47	74	115	148	97	90	115	35	79	55	78	79	103	114	13	103	88	103	100	79	81	88	96	103	72	59	96	16	111	57	16	77	62	65	109	69	77	246	70	61	64	70	105	65	114	121	105	108	134	105	105	108	87	64	88	87	87	34	69	69	43	47	34	58	30	76	62	58	75	74	90	75	105	40	105	108	137	108	235	142	210	235	108	20	108	42	36	35	65	44	42	79	124	122	76	180	132	124	76	197	76	54	102	123	111	102	97	102	65	20	64	45	90	65	88	14	92	126	88	157	93	157	87	172	155	198	172	203	203	212	230	203	73	106	99	120	106	98	96	70	98	67	85	163	67	96	111	56	119	107	96	49	61	60	96	98	49	127	122	125	112	120	127	
102	164	122	129	94	164	38	78	151	56	118	78	0	33	58	33	0	160	235	143	160	242	202	241	251	182	242	56	46	45	56	182	109	182	182	128	128	155	155	128	119	71	96	115	119	113	247	228	161	247	34	129	175	129	103	184	169	196	196	164	184	98	70	14	106	152	70	129	42	81	35	53	42	127	160	124	87	127	60	102	83	101	102	130	145	38	130	102	125	117	85	95	102	127	126	89	91	127	19	98	27	19	93	86	96	123	85	93	245	90	45	87	90	125	92	131	149	125	131	167	128	129	131	108	94	108	108	108	31	52	52	14	56	31	71	54	89	78	71	100	99	123	100	138	59	138	122	160	122	234	150	207	234	118	18	118	33	26	22	71	27	33	91	128	109	91	187	137	128	79	191	79	83	114	140	126	114	107	114	86	53	86	78	107	86	101	42	92	122	101	134	74	134	72	162	140	198	162	187	225	235	253	225	43	91	88	90	91	128	121	100	128	75	80	158	75	88	95	72	108	102	88	19	31	28	64	66	19	149	144	148	134	143	149	
93	34	54	85	80	34	195	142	152	163	87	142	160	192	123	132	160	0	76	17	0	117	100	108	133	77	117	118	150	157	118	47	125	99	47	232	232	266	248	232	45	99	75	48	45	67	153	108	56	153	171	55	21	55	57	88	126	85	125	90	88	226	134	174	163	163	134	209	202	195	167	167	202	96	104	37	138	96	100	147	125	146	147	33	30	136	33	89	55	75	115	91	89	103	161	163	76	103	141	171	175	141	84	76	70	85	87	84	224	154	191	143	154	65	68	71	11	65	44	38	48	43	44	68	68	70	68	68	138	160	159	173	116	138	103	106	97	94	103	62	63	78	62	91	148	91	84	38	84	215	116	200	215	100	152	100	142	144	148	115	176	142	96	126	174	90	142	124	126	122	203	122	78	89	76	81	89	102	89	82	115	78	91	77	82	91	119	129	149	91	234	175	234	162	202	202	182	202	246	89	91	109	89	187	173	159	224	173	113	148	110	113	111	139	173	111	154	180	98	169	146	154	169	179	184	224	226	169	46	49	43	52	45	46	
153	91	128	152	156	91	270	205	190	231	141	205	235	267	192	207	235	76	0	93	76	81	98	69	100	90	81	188	219	233	188	64	179	113	64	290	290	323	302	290	117	170	144	121	117	130	134	82	91	134	242	114	69	114	132	100	153	85	135	117	100	292	200	249	219	202	200	264	277	270	243	243	277	145	134	111	197	145	175	219	199	218	219	106	101	212	106	150	117	134	177	154	150	169	229	237	152	169	216	228	248	216	150	150	146	137	156	150	235	228	267	216	228	122	143	122	86	122	107	92	111	108	107	133	144	134	133	133	211	228	227	248	186	211	172	181	162	163	172	136	137	147	136	155	223	155	137	81	137	229	152	222	229	153	227	153	214	217	222	182	251	214	159	172	229	155	162	166	172	186	233	186	153	145	121	133	145	158	145	153	191	151	167	139	153	152	195	187	199	152	290	239	290	226	244	252	204	244	288	56	44	55	56	258	232	218	292	232	179	216	183	179	178	201	212	178	213	239	168	224	202	213	242	251	257	299	301	242	95	101	94	109	99	95	
80	37	40	75	64	37	178	128	144	148	77	128	143	175	108	115	143	17	93	0	17	127	105	120	143	81	127	102	135	140	102	56	114	100	56	218	218	252	235	218	31	84	61	32	31	54	159	117	57	159	155	45	35	45	40	91	123	91	125	88	91	211	120	157	150	155	120	196	185	178	150	150	185	87	101	21	124	87	83	134	110	132	134	19	23	119	19	75	45	65	101	77	75	92	148	148	59	92	124	157	159	124	70	60	53	75	73	70	222	139	174	128	139	55	51	63	7	55	35	42	37	32	35	54	51	56	54	54	122	145	144	156	100	122	87	89	83	79	87	46	47	67	46	82	131	82	74	41	74	213	110	195	213	90	135	90	126	128	132	101	159	126	82	116	161	76	140	115	116	108	196	108	61	79	70	72	79	91	79	66	98	62	74	64	66	78	102	116	139	78	220	161	220	148	193	191	178	193	236	101	105	123	101	171	159	145	209	159	102	135	97	102	97	125	165	97	140	166	82	156	133	140	152	163	167	207	209	152	43	45	40	44	40	43	
93	34	54	85	80	34	195	142	152	163	87	142	160	192	123	132	160	0	76	17	0	117	100	108	133	77	117	118	150	157	118	47	125	99	47	232	232	266	248	232	45	99	75	48	45	67	153	108	56	153	171	55	21	55	57	88	126	85	125	90	88	226	134	174	163	163	134	209	202	195	167	167	202	96	104	37	138	96	100	147	125	146	147	33	30	136	33	89	55	75	115	91	89	103	161	163	76	103	141	171	175	141	84	76	70	85	87	84	224	154	191	143	154	65	68	71	11	65	44	38	48	43	44	68	68	70	68	68	138	160	159	173	116	138	103	106	97	94	103	62	63	78	62	91	148	91	84	38	84	215	116	200	215	100	152	100	142	144	148	115	176	142	96	126	174	90	142	124	126	122	203	122	78	89	76	81	89	102	89	82	115	78	91	77	82	91	119	129	149	91	234	175	234	162	202	202	182	202	246	89	91	109	89	187	173	159	224	173	113	148	110	113	111	139	173	111	154	180	98	169	146	154	169	179	184	224	226	169	46	49	43	52	45	46	
142	146	167	201	188	146	280	189	146	221	127	189	242	269	188	223	242	117	81	127	117	0	45	12	19	60	0	188	213	256	188	71	154	68	71	260	260	291	265	260	133	171	148	139	133	130	55	15	83	55	239	116	124	116	154	61	105	46	76	83	61	274	188	255	190	157	188	230	280	298	261	267	280	124	96	134	179	124	188	261	234	259	261	127	146	232	127	142	120	126	165	148	142	219	275	272	181	219	226	203	247	226	149	162	175	122	157	149	164	264	282	252	264	118	163	111	120	118	117	150	119	121	117	136	170	135	136	136	213	219	218	256	187	213	172	193	155	164	172	150	151	193	150	207	251	207	122	90	122	160	114	160	160	133	240	133	214	219	224	176	265	214	152	140	200	152	104	131	140	174	177	174	173	130	104	118	130	143	130	158	213	160	194	136	158	143	209	169	166	143	258	223	258	210	197	213	143	197	239	29	37	32	29	254	209	197	276	209	229	262	224	229	171	185	165	171	192	214	170	195	176	192	243	249	257	299	301	243	98	102	100	112	104	98	
100	133	143	179	159	133	240	145	103	177	85	145	202	228	147	186	202	100	98	105	100	45	0	48	49	25	45	147	171	219	147	54	110	23	54	215	215	247	222	215	101	132	111	107	101	93	54	30	50	54	196	81	114	81	122	18	62	16	37	39	18	229	144	214	145	115	144	185	239	263	224	231	239	80	51	105	135	80	151	232	204	230	232	99	127	195	99	101	85	86	122	108	101	197	249	241	150	197	187	158	205	187	110	126	145	80	118	110	137	233	244	222	233	81	129	72	100	81	85	138	86	89	85	99	139	98	99	99	172	176	175	216	146	172	132	156	114	125	132	117	117	171	117	187	217	187	81	64	81	132	69	125	132	89	202	89	172	178	183	134	226	172	111	95	155	112	66	86	95	131	139	131	139	88	63	77	88	99	88	121	178	123	161	96	121	102	172	125	121	102	214	179	214	166	156	169	107	156	199	45	61	69	45	211	164	153	232	164	206	237	196	206	129	141	123	129	148	169	131	150	131	148	201	207	216	257	259	201	66	69	69	77	72	66	
142	137	160	193	182	137	279	190	151	221	127	190	241	269	188	220	241	108	69	120	108	12	48	0	31	60	12	187	213	251	187	64	156	71	64	263	263	295	270	263	128	170	146	133	128	128	67	20	80	67	238	113	114	113	148	62	110	46	83	85	62	276	188	254	193	163	188	233	280	293	258	262	280	124	99	128	180	124	185	254	228	252	254	121	138	228	121	141	117	125	165	147	141	211	268	267	175	211	224	205	246	224	148	158	169	122	156	148	174	258	280	246	258	116	158	110	113	116	112	140	115	116	112	134	165	133	134	134	212	219	218	255	186	212	171	190	155	163	171	146	147	186	146	199	245	199	122	85	122	170	117	169	170	133	238	133	213	218	223	175	263	213	152	143	203	151	112	134	143	174	184	174	168	130	104	118	130	143	130	156	208	156	188	134	156	142	206	170	169	142	262	224	262	211	204	217	151	204	246	20	25	22	20	254	211	199	278	211	221	255	217	221	171	185	171	171	194	217	169	198	178	194	242	249	257	298	300	242	93	98	95	108	100	93	
149	164	183	217	202	164	289	193	143	225	134	193	251	277	196	233	251	133	100	143	133	19	49	31	0	70	19	196	219	266	196	87	157	70	87	259	259	289	262	259	146	180	158	151	146	140	38	26	95	38	245	127	142	127	166	67	103	56	72	88	67	276	193	263	192	154	193	228	288	310	271	278	288	128	98	148	183	128	198	275	248	273	275	141	163	242	141	150	131	135	171	157	150	235	291	285	194	235	235	204	254	235	158	173	189	129	166	158	150	278	292	266	278	128	175	120	136	128	129	168	131	133	129	146	183	145	146	146	221	224	223	265	195	221	181	203	163	173	181	162	163	209	162	224	263	224	130	104	130	148	115	150	148	137	250	137	221	227	232	183	274	221	160	142	200	161	99	132	142	179	169	179	185	137	112	126	137	148	137	168	225	170	206	145	168	151	219	173	166	151	257	226	257	213	193	210	134	193	233	48	56	49	48	260	211	200	279	211	245	278	238	245	178	189	161	178	195	216	179	196	178	195	250	256	265	306	308	250	110	114	112	123	117	110	
82	111	118	155	134	111	220	131	101	161	67	131	182	209	128	163	182	77	90	81	77	60	25	60	70	0	60	128	153	196	128	34	98	24	34	207	207	240	216	207	76	111	88	82	76	70	79	46	25	79	179	57	93	57	97	12	63	14	50	28	12	217	128	195	136	113	128	178	220	240	201	208	220	65	45	80	121	65	128	207	179	205	207	74	103	172	74	82	61	66	105	88	82	172	224	216	125	172	166	147	187	166	89	103	120	62	97	89	152	209	222	197	209	58	105	51	76	58	60	115	62	64	60	76	114	75	76	76	153	159	158	196	127	153	112	133	95	104	112	93	93	146	93	163	193	163	62	40	62	145	63	134	145	74	180	74	154	159	164	116	205	154	92	86	146	92	73	78	86	114	144	114	115	70	44	58	70	83	70	98	155	100	137	76	98	83	149	111	113	83	206	165	206	152	155	164	115	155	199	48	63	76	48	194	153	140	219	153	181	212	171	181	111	126	122	111	135	159	110	141	120	135	183	189	197	239	241	183	41	44	44	53	47	41	
142	146	167	201	188	146	280	189	146	221	127	189	242	269	188	223	242	117	81	127	117	0	45	12	19	60	0	188	213	256	188	71	154	68	71	260	260	291	265	260	133	171	148	139	133	130	55	15	83	55	239	116	124	116	154	61	105	46	76	83	61	274	188	255	190	157	188	230	280	298	261	267	280	124	96	134	179	124	188	261	234	259	261	127	146	232	127	142	120	126	165	148	142	219	275	272	181	219	226	203	247	226	149	162	175	122	157	149	164	264	282	252	264	118	163	111	120	118	117	150	119	121	117	136	170	135	136	136	213	219	218	256	187	213	172	193	155	164	172	150	151	193	150	207	251	207	122	90	122	160	114	160	160	133	240	133	214	219	224	176	265	214	152	140	200	152	104	131	140	174	177	174	173	130	104	118	130	143	130	158	213	160	194	136	158	143	209	169	166	143	258	223	258	210	197	213	143	197	239	29	37	32	29	254	209	197	276	209	229	262	224	229	171	185	165	171	192	214	170	195	176	192	243	249	257	299	301	243	98	102	100	112	104	98	
47	131	95	118	77	131	93	39	103	47	63	39	56	82	9	49	56	118	188	102	118	188	147	187	196	128	188	0	33	84	0	129	58	127	129	123	123	156	146	123	73	19	44	71	73	60	192	174	108	192	54	76	137	76	65	129	115	142	140	109	129	110	28	67	70	107	28	110	93	127	82	95	93	71	105	81	43	71	32	123	95	122	123	85	111	61	85	47	72	63	31	40	47	124	147	120	68	124	42	70	60	42	40	44	70	68	32	40	198	117	99	109	117	71	55	77	107	71	81	135	78	80	81	55	65	55	55	55	25	43	42	69	3	25	17	30	33	25	17	56	55	109	56	128	88	128	67	108	67	187	96	162	187	63	59	63	26	31	36	17	81	26	36	76	79	37	133	84	76	28	150	28	51	59	85	71	59	52	59	37	55	40	63	53	37	46	39	44	78	46	127	62	127	51	128	112	150	128	161	172	182	200	172	70	68	56	107	68	129	138	103	129	20	39	115	20	53	74	21	76	60	53	55	63	70	112	114	55	96	91	95	81	90	96	
72	164	126	145	105	164	79	33	107	16	87	33	46	60	27	59	46	150	219	135	150	213	171	213	219	153	213	33	0	87	33	160	67	149	160	95	95	126	119	95	105	51	75	103	105	91	211	199	136	211	26	107	170	107	97	153	129	167	158	132	153	78	28	52	60	107	28	88	71	127	80	97	71	91	124	114	43	91	60	138	113	137	138	117	144	71	117	73	103	89	49	67	73	149	162	129	97	149	45	53	36	45	70	76	100	92	63	70	199	129	90	123	129	100	88	104	139	100	112	168	109	111	112	86	96	86	86	86	25	11	11	57	35	25	48	56	60	57	48	89	88	138	89	155	97	155	91	139	91	189	111	161	189	82	58	82	17	24	26	38	72	17	62	86	64	65	145	96	86	40	145	40	82	83	109	95	83	72	83	69	74	73	90	82	69	71	57	50	77	71	99	34	99	28	117	96	154	117	144	199	211	227	199	41	47	42	75	47	153	155	126	153	43	36	112	43	42	52	53	63	57	42	35	37	47	87	89	35	127	121	126	112	121	127	
125	151	108	102	79	151	50	116	187	99	140	116	45	67	90	36	45	157	233	140	157	256	219	251	266	196	256	84	87	0	84	188	142	203	188	173	173	199	200	173	124	91	109	118	124	126	269	242	173	269	79	140	167	140	104	201	197	210	219	185	201	141	107	51	147	189	107	173	70	44	17	12	70	150	183	125	124	150	68	59	47	58	59	132	134	24	132	123	136	135	115	116	123	95	81	44	81	95	44	140	71	44	111	94	87	144	103	111	281	46	39	45	46	138	94	148	147	138	139	152	137	136	139	120	89	122	120	120	65	95	95	44	83	65	94	64	112	97	94	106	105	100	106	108	16	108	142	167	142	271	178	244	271	144	29	144	72	64	61	101	32	72	114	160	151	111	216	168	160	111	231	111	83	137	158	146	137	133	137	99	43	97	66	124	99	123	48	127	159	123	179	118	179	115	204	183	234	204	230	234	241	260	234	87	134	129	133	134	93	79	68	93	103	118	196	103	128	138	91	150	140	128	64	75	68	91	92	64	158	154	156	145	152	158	
47	131	95	118	77	131	93	39	103	47	63	39	56	82	9	49	56	118	188	102	118	188	147	187	196	128	188	0	33	84	0	129	58	127	129	123	123	156	146	123	73	19	44	71	73	60	192	174	108	192	54	76	137	76	65	129	115	142	140	109	129	110	28	67	70	107	28	110	93	127	82	95	93	71	105	81	43	71	32	123	95	122	123	85	111	61	85	47	72	63	31	40	47	124	147	120	68	124	42	70	60	42	40	44	70	68	32	40	198	117	99	109	117	71	55	77	107	71	81	135	78	80	81	55	65	55	55	55	25	43	42	69	3	25	17	30	33	25	17	56	55	109	56	128	88	128	67	108	67	187	96	162	187	63	59	63	26	31	36	17	81	26	36	76	79	37	133	84	76	28	150	28	51	59	85	71	59	52	59	37	55	40	63	53	37	46	39	44	78	46	127	62	127	51	128	112	150	128	161	172	182	200	172	70	68	56	107	68	129	138	103	129	20	39	115	20	53	74	21	76	60	53	55	63	70	112	114	55	96	91	95	81	90	96	
91	80	96	131	118	80	219	143	128	171	78	143	182	210	133	158	182	47	64	56	47	71	54	64	87	34	71	129	160	188	129	0	115	58	0	226	226	259	238	226	65	111	86	70	65	70	106	61	27	106	183	54	60	54	85	46	94	38	84	57	46	230	138	195	155	140	138	200	221	229	196	199	221	81	74	64	134	81	123	190	164	188	190	57	76	165	57	88	57	72	116	93	88	148	204	203	111	148	164	164	189	164	91	96	105	73	97	91	186	194	219	182	194	61	95	59	50	61	51	84	54	53	51	74	101	75	74	74	153	168	167	195	128	153	113	129	101	104	113	83	84	123	83	137	182	137	73	22	73	179	90	167	179	89	177	89	155	159	164	122	202	155	98	108	165	95	107	103	108	124	175	124	105	81	57	69	81	95	81	96	145	96	124	78	96	90	144	124	135	90	226	177	226	164	182	188	148	182	226	46	54	72	46	199	169	155	231	169	158	191	153	158	117	138	150	117	150	175	110	160	138	150	184	192	199	241	243	184	34	39	34	49	39	34	
34	150	126	157	119	150	146	37	45	70	38	37	109	127	52	106	109	125	179	114	125	154	110	156	157	98	154	58	67	142	58	115	0	87	115	111	111	145	125	111	84	56	59	85	84	60	144	140	88	144	93	71	146	71	90	94	62	110	91	71	94	120	40	118	40	51	40	86	138	185	139	153	138	34	59	95	26	34	83	178	149	176	178	95	131	119	95	39	70	50	28	41	39	168	201	177	109	168	99	50	103	99	49	74	107	42	52	49	140	173	154	164	173	61	87	57	115	61	81	154	78	83	81	61	101	58	61	61	80	69	68	122	59	80	52	84	39	54	52	79	78	148	79	168	146	168	43	99	43	129	44	104	129	26	116	26	76	84	88	41	136	76	38	19	51	44	78	29	19	31	95	31	90	36	58	46	36	23	36	62	110	68	110	50	62	37	96	17	26	37	112	69	112	56	81	77	92	81	123	146	160	174	146	105	56	43	122	56	176	191	153	176	40	33	60	40	38	61	57	46	23	38	102	104	114	153	155	102	85	80	87	74	83	85	
80	132	135	172	146	132	220	123	81	155	64	123	182	208	127	168	182	99	113	100	99	68	23	71	70	24	68	127	149	203	127	58	87	0	58	192	192	225	199	192	89	113	94	95	89	77	66	53	43	66	175	67	116	67	109	13	41	29	26	18	13	207	123	194	123	93	123	163	219	247	206	215	219	58	29	96	113	58	135	219	191	217	219	90	123	179	90	81	71	68	101	88	81	189	238	227	137	189	168	135	184	168	92	110	132	60	100	92	128	220	225	209	220	65	116	55	96	65	74	137	74	78	74	83	126	82	83	83	152	154	153	196	126	152	112	139	94	107	112	103	103	163	103	180	201	180	61	61	61	121	47	110	121	67	183	67	152	158	163	114	207	152	91	73	133	92	49	64	73	109	121	109	125	68	45	57	68	78	68	104	162	107	148	79	104	82	155	103	99	82	192	156	192	143	135	147	91	135	178	65	81	91	65	190	142	130	209	142	198	225	184	198	109	119	102	109	125	147	112	128	109	125	181	186	195	236	238	181	57	58	60	65	63	57	
91	80	96	131	118	80	219	143	128	171	78	143	182	210	133	158	182	47	64	56	47	71	54	64	87	34	71	129	160	188	129	0	115	58	0	226	226	259	238	226	65	111	86	70	65	70	106	61	27	106	183	54	60	54	85	46	94	38	84	57	46	230	138	195	155	140	138	200	221	229	196	199	221	81	74	64	134	81	123	190	164	188	190	57	76	165	57	88	57	72	116	93	88	148	204	203	111	148	164	164	189	164	91	96	105	73	97	91	186	194	219	182	194	61	95	59	50	61	51	84	54	53	51	74	101	75	74	74	153	168	167	195	128	153	113	129	101	104	113	83	84	123	83	137	182	137	73	22	73	179	90	167	179	89	177	89	155	159	164	122	202	155	98	108	165	95	107	103	108	124	175	124	105	81	57	69	81	95	81	96	145	96	124	78	96	90	144	124	135	90	226	177	226	164	182	188	148	182	226	46	54	72	46	199	169	155	231	169	158	191	153	158	117	138	150	117	150	175	110	160	138	150	184	192	199	241	243	184	34	39	34	49	39	34	
139	251	217	239	199	251	143	90	116	79	149	90	128	116	115	152	128	232	290	218	232	260	215	263	259	207	260	123	95	173	123	226	111	192	226	0	0	34	28	0	187	138	157	186	187	165	235	245	199	235	95	179	252	179	185	202	156	218	187	179	202	43	99	124	71	106	99	31	121	202	161	180	121	145	164	197	94	145	154	230	207	228	230	199	231	163	199	143	177	158	117	141	143	244	253	217	191	244	136	62	103	136	148	164	193	153	145	148	175	218	158	215	218	170	177	168	221	170	188	255	184	189	188	164	188	162	164	164	119	84	84	131	126	119	133	150	135	141	133	175	174	232	175	250	186	250	153	209	153	166	146	140	166	137	145	137	111	117	117	118	147	111	136	121	61	142	162	129	121	110	116	110	174	146	169	157	146	132	146	154	168	159	184	155	154	141	151	103	94	141	7	61	7	72	78	52	144	78	73	255	270	282	255	88	59	73	53	59	247	248	220	247	122	93	102	122	78	52	139	66	88	78	110	99	107	119	120	110	196	190	197	183	193	196	
139	251	217	239	199	251	143	90	116	79	149	90	128	116	115	152	128	232	290	218	232	260	215	263	259	207	260	123	95	173	123	226	111	192	226	0	0	34	28	0	187	138	157	186	187	165	235	245	199	235	95	179	252	179	185	202	156	218	187	179	202	43	99	124	71	106	99	31	121	202	161	180	121	145	164	197	94	145	154	230	207	228	230	199	231	163	199	143	177	158	117	141	143	244	253	217	191	244	136	62	103	136	148	164	193	153	145	148	175	218	158	215	218	170	177	168	221	170	188	255	184	189	188	164	188	162	164	164	119	84	84	131	126	119	133	150	135	141	133	175	174	232	175	250	186	250	153	209	153	166	146	140	166	137	145	137	111	117	117	118	147	111	136	121	61	142	162	129	121	110	116	110	174	146	169	157	146	132	146	154	168	159	184	155	154	141	151	103	94	141	7	61	7	72	78	52	144	78	73	255	270	282	255	88	59	73	53	59	247	248	220	247	122	93	102	122	78	52	139	66	88	78	110	99	107	119	120	110	196	190	197	183	193	196	
173	284	251	271	231	284	163	124	146	111	183	124	155	137	148	181	155	266	323	252	266	291	247	295	289	240	291	156	126	199	156	259	145	225	259	34	34	0	30	34	221	171	191	220	221	199	265	277	232	265	122	213	286	213	218	234	187	251	217	212	234	59	132	148	105	135	132	62	140	224	185	204	140	178	197	231	128	178	186	257	236	256	257	233	265	191	233	177	211	192	151	175	177	275	280	242	223	275	165	96	128	165	182	197	226	187	179	182	193	245	179	242	245	204	210	202	255	204	222	289	218	223	222	198	221	196	198	198	150	115	116	156	159	150	167	182	169	175	167	208	208	264	208	281	213	281	187	243	187	185	178	162	185	171	172	171	142	147	146	152	171	142	170	154	94	176	192	162	154	144	137	144	207	180	202	191	180	166	180	188	199	193	216	189	188	175	182	137	127	175	34	94	34	105	102	80	169	102	81	288	303	315	288	112	93	107	68	93	278	276	251	278	156	127	130	156	112	86	173	99	122	112	136	124	131	132	133	136	230	224	231	217	227	230	
