NAME:	instance_3-triangle
TYPE:	VRPRDL
DIMENSION:	50
CAPACITY:	750
TIME_HORIZON:	720
NUM_CUSTOMERS:	16
NODE_COORD_SECTION
1	0.0	0.0
2	-2.29558901984	9.34492742955
3	37.9604453441	10.5274811269
4	104.880315588	40.7964327052
5	34.8754740776	49.3933870566
6	72.2730556958	-22.1259719722
7	37.9604453441	10.5274811269
8	-22.6501884335	5.66421498769
9	3.9459811073	5.9839730873
10	-25.9142691997	11.493228612
11	-22.6501884335	5.66421498769
12	1.51872346961	-2.65734420628
13	161.221849562	-45.0937797507
14	1.51872346961	-2.65734420628
15	-66.625007808	8.33164246641
16	3.906104216	102.692263841
17	-74.8067597968	78.1162700162
18	-66.625007808	8.33164246641
19	-124.656354313	98.8965011893
20	-167.29522753	130.998021024
21	-141.793162506	12.9983490987
22	-125.428121737	99.7429503413
23	-124.656354313	98.8965011893
24	-23.4719870559	100.931567306
25	-36.0311950409	17.688324028
26	81.447965242	-72.9835626872
27	78.4390797941	-79.6870741534
28	111.641596519	-74.6742419004
29	22.9555000477	-97.5733132394
30	83.8906979647	-85.0429119534
31	81.447965242	-72.9835626872
32	88.1200883082	-47.3010466072
33	-30.3462822033	-20.9414278577
34	88.1200883082	-47.3010466072
35	62.6391671064	24.0647187243
36	56.8152094503	21.0965016848
37	70.6443300327	107.712643201
38	112.382081696	37.2227668305
39	62.6391671064	24.0647187243
40	17.42714751	0.532743532973
41	-13.2439164459	-5.09064262904
42	17.906268107	0.62934872974
43	25.149136551	4.52264421808
44	17.42714751	0.532743532973
45	-51.0050403141	-42.4373750988
46	-52.8884129089	114.944021453
47	-58.7260637142	15.8499804395
48	-78.8224409396	123.039080028
49	-52.8884129089	114.944021453
50	-101.968442199	81.999746372
EDGE_WEIGHT_SECTION
0	10	39	112	60	76	39	23	7	28	23	3	167	3	67	103	108	67	159	212	142	160	159	104	40	109	112	134	100	119	109	100	37	100	67	61	128	118	67	17	14	17	25	17	66	127	60	146	127	131	
10	0	40	112	55	81	40	21	7	24	21	13	172	13	64	94	100	64	151	204	139	152	151	94	35	117	120	142	110	128	117	107	41	107	67	60	122	118	67	22	18	22	28	22	71	117	57	137	117	123	
39	40	0	73	39	47	0	61	34	64	61	38	135	38	104	98	131	104	185	238	179	186	185	109	74	94	99	113	109	106	94	77	74	77	28	22	103	79	28	22	53	22	14	22	103	138	97	162	138	157	
112	112	73	0	71	71	73	132	106	134	132	111	103	111	175	118	184	175	237	287	248	238	237	142	143	116	123	116	161	128	116	90	147	90	45	52	75	8	45	95	126	95	87	95	176	174	165	201	174	211	
60	55	39	71	0	81	39	72	53	72	72	62	158	62	109	62	113	109	167	218	180	168	167	78	78	131	136	146	147	143	131	110	96	110	38	36	68	78	38	52	73	52	46	52	126	110	99	135	110	140	
76	81	47	71	81	0	47	99	74	104	99	73	92	73	142	142	178	142	231	284	217	232	231	156	115	52	58	66	90	64	52	30	103	30	47	46	130	72	47	59	87	59	54	59	125	185	136	209	185	203	
39	40	0	73	39	47	0	61	34	64	61	38	135	38	104	98	131	104	185	238	179	186	185	109	74	94	99	113	109	106	94	77	74	77	28	22	103	79	28	22	53	22	14	22	103	138	97	162	138	157	
23	21	61	132	72	99	61	0	27	7	0	26	190	26	44	101	89	44	138	191	119	139	138	95	18	130	132	156	113	140	130	123	28	123	87	81	138	138	87	40	14	40	48	40	56	113	37	130	113	110	
7	7	34	106	53	74	34	27	0	30	27	9	165	9	71	97	107	71	158	211	146	159	158	99	42	111	114	135	105	121	111	100	43	100	61	55	121	112	61	15	20	15	21	15	73	123	63	143	123	130	
28	24	64	134	72	104	64	7	30	0	7	31	195	31	41	96	83	41	132	185	116	133	132	89	12	137	139	162	120	146	137	128	33	128	89	83	136	140	89	45	21	45	51	45	59	107	33	123	107	104	
23	21	61	132	72	99	61	0	27	7	0	26	190	26	44	101	89	44	138	191	119	139	138	95	18	130	132	156	113	140	130	123	28	123	87	81	138	138	87	40	14	40	48	40	56	113	37	130	113	110	
3	13	38	111	62	73	38	26	9	31	26	0	165	0	69	105	111	69	162	215	144	163	162	107	43	106	109	132	97	117	106	97	37	97	66	60	130	117	66	16	15	16	24	16	66	130	63	149	130	134	
167	172	135	103	158	92	135	190	165	195	190	165	0	165	234	216	266	234	320	373	309	321	320	235	206	85	90	58	148	87	85	73	193	73	120	124	178	96	120	150	179	150	145	150	212	267	227	293	267	292	
3	13	38	111	62	73	38	26	9	31	26	0	165	0	69	105	111	69	162	215	144	163	162	107	43	106	109	132	97	117	106	97	37	97	66	60	130	117	66	16	15	16	24	16	66	130	63	149	130	134	
67	64	104	175	109	142	104	44	71	41	44	69	234	69	0	118	70	0	108	159	75	109	108	102	32	169	170	197	139	177	169	164	47	164	130	124	169	181	130	84	55	84	92	84	53	107	11	115	107	82	
103	94	98	118	62	142	98	101	97	96	101	105	216	105	118	0	82	118	128	174	171	129	128	27	94	192	197	207	201	204	192	172	128	172	98	97	67	126	98	103	109	103	100	103	155	58	107	85	58	108	
108	100	131	184	113	178	131	89	107	83	89	111	266	111	70	82	0	70	54	107	93	55	54	56	72	217	220	241	201	227	217	206	109	206	148	143	148	191	148	121	103	121	124	121	123	43	64	45	43	27	
67	64	104	175	109	142	104	44	71	41	44	69	234	69	0	118	70	0	108	159	75	109	108	102	32	169	170	197	139	177	169	164	47	164	130	124	169	181	130	84	55	84	92	84	53	107	11	115	107	82	
159	151	185	237	167	231	185	138	158	132	138	162	320	162	108	128	54	108	0	53	88	1	0	101	120	268	270	293	245	278	268	258	152	258	202	197	195	245	202	173	152	173	177	173	159	74	106	52	74	28	
212	204	238	287	218	284	238	191	211	185	191	215	373	215	159	174	107	159	53	0	121	52	53	147	173	321	323	346	297	331	321	311	204	311	254	250	239	295	254	226	205	226	230	226	209	116	158	89	116	81	
142	139	179	248	180	217	179	119	146	116	119	144	309	144	75	171	93	75	88	121	0	88	88	147	106	239	239	268	198	246	239	238	117	238	205	199	233	255	205	159	130	159	167	159	106	135	83	127	135	80	
160	152	186	238	168	232	186	139	159	133	139	163	321	163	109	129	55	109	1	52	88	0	1	102	121	269	271	294	246	279	269	259	153	259	203	198	196	246	203	174	153	174	178	174	160	74	107	52	74	29	
159	151	185	237	167	231	185	138	158	132	138	162	320	162	108	128	54	108	0	53	88	1	0	101	120	268	270	293	245	278	268	258	152	258	202	197	195	245	202	173	152	173	177	173	159	74	106	52	74	28	
104	94	109	142	78	156	109	95	99	89	95	107	235	107	102	27	56	102	101	147	147	102	101	0	84	203	207	222	204	215	203	186	122	186	115	113	94	150	115	108	107	108	108	108	146	33	92	60	33	81	
40	35	74	143	78	115	74	18	42	12	18	43	206	43	32	94	72	32	120	173	106	121	120	84	0	148	150	174	129	158	148	140	39	140	99	93	140	150	99	56	32	56	63	56	62	99	23	114	99	92	
109	117	94	116	131	52	94	130	111	137	130	106	85	106	169	192	217	169	268	321	239	269	268	203	148	0	7	30	63	12	0	27	123	27	99	97	181	114	99	97	117	97	96	97	136	231	166	253	231	240	
112	120	99	123	136	58	99	132	114	139	132	109	90	109	170	197	220	170	270	323	239	271	270	207	150	7	0	34	58	8	7	34	124	34	105	103	188	121	105	101	118	101	100	101	135	235	167	257	235	242	
134	142	113	116	146	66	113	156	135	162	156	132	58	132	197	207	241	197	293	346	268	294	293	222	174	30	34	0	92	30	30	36	152	36	110	110	187	112	110	120	143	120	117	120	166	251	193	275	251	265	
100	110	109	161	147	90	109	113	105	120	113	97	148	97	139	201	201	139	245	297	198	246	245	204	129	63	58	92	0	62	63	82	93	82	128	123	211	162	128	98	99	98	102	98	92	225	139	243	225	218	
119	128	106	128	143	64	106	140	121	146	140	117	87	117	177	204	227	177	278	331	246	279	278	215	158	12	8	30	62	0	12	38	131	38	111	109	193	126	111	108	126	108	107	108	141	242	175	264	242	250	
109	117	94	116	131	52	94	130	111	137	130	106	85	106	169	192	217	169	268	321	239	269	268	203	148	0	7	30	63	12	0	27	123	27	99	97	181	114	99	97	117	97	96	97	136	231	166	253	231	240	
100	107	77	90	110	30	77	123	100	128	123	97	73	97	164	172	206	164	258	311	238	259	258	186	140	27	34	36	82	38	27	0	121	0	76	75	156	88	76	85	110	85	82	85	139	215	160	239	215	230	
37	41	74	147	96	103	74	28	43	33	28	37	193	37	47	128	109	47	152	204	117	153	152	122	39	123	124	152	93	131	123	121	0	121	102	96	163	153	102	52	23	52	60	52	30	138	46	152	138	125	
100	107	77	90	110	30	77	123	100	128	123	97	73	97	164	172	206	164	258	311	238	259	258	186	140	27	34	36	82	38	27	0	121	0	76	75	156	88	76	85	110	85	82	85	139	215	160	239	215	230	
67	67	28	45	38	47	28	87	61	89	87	66	120	66	130	98	148	130	202	254	205	203	202	115	99	99	105	110	128	111	99	76	102	76	0	7	84	51	0	50	81	50	42	50	131	147	122	173	147	175	
61	60	22	52	36	46	22	81	55	83	81	60	124	60	124	97	143	124	197	250	199	198	197	113	93	97	103	110	123	109	97	75	96	75	7	0	88	58	7	44	75	44	36	44	125	144	116	170	144	170	
128	122	103	75	68	130	103	138	121	136	138	130	178	130	169	67	148	169	195	239	233	196	195	94	140	181	188	187	211	193	181	156	163	156	84	88	0	82	84	119	140	119	113	119	193	124	159	150	124	175	
118	118	79	8	78	72	79	138	112	140	138	117	96	117	181	126	191	181	245	295	255	246	245	150	150	114	121	112	162	126	114	88	153	88	51	58	82	0	51	101	132	101	93	101	182	182	172	209	182	218	
67	67	28	45	38	47	28	87	61	89	87	66	120	66	130	98	148	130	202	254	205	203	202	115	99	99	105	110	128	111	99	76	102	76	0	7	84	51	0	50	81	50	42	50	131	147	122	173	147	175	
17	22	22	95	52	59	22	40	15	45	40	16	150	16	84	103	121	84	173	226	159	174	173	108	56	97	101	120	98	108	97	85	52	85	50	44	119	101	50	0	31	0	8	0	81	134	77	156	134	145	
14	18	53	126	73	87	53	14	20	21	14	15	179	15	55	109	103	55	152	205	130	153	152	107	32	117	118	143	99	126	117	110	23	110	81	75	140	132	81	31	0	31	39	31	53	126	50	144	126	124	
17	22	22	95	52	59	22	40	15	45	40	16	150	16	84	103	121	84	173	226	159	174	173	108	56	97	101	120	98	108	97	85	52	85	50	44	119	101	50	0	31	0	8	0	81	134	77	156	134	145	
25	28	14	87	46	54	14	48	21	51	48	24	145	24	92	100	124	92	177	230	167	178	177	108	63	96	100	117	102	107	96	82	60	82	42	36	113	93	42	8	39	8	0	8	89	135	84	158	135	149	
17	22	22	95	52	59	22	40	15	45	40	16	150	16	84	103	121	84	173	226	159	174	173	108	56	97	101	120	98	108	97	85	52	85	50	44	119	101	50	0	31	0	8	0	81	134	77	156	134	145	
66	71	103	176	126	125	103	56	73	59	56	66	212	66	53	155	123	53	159	209	106	160	159	146	62	136	135	166	92	141	136	139	30	139	131	125	193	182	131	81	53	81	89	81	0	157	59	168	157	134	
127	117	138	174	110	185	138	113	123	107	113	130	267	130	107	58	43	107	74	116	135	74	74	33	99	231	235	251	225	242	231	215	138	215	147	144	124	182	147	134	126	134	135	134	157	0	99	27	0	59	
60	57	97	165	99	136	97	37	63	33	37	63	227	63	11	107	64	11	106	158	83	107	106	92	23	166	167	193	139	175	166	160	46	160	122	116	159	172	122	77	50	77	84	77	59	99	0	109	99	79	
146	137	162	201	135	209	162	130	143	123	130	149	293	149	115	85	45	115	52	89	127	52	52	60	114	253	257	275	243	264	253	239	152	239	173	170	150	209	173	156	144	156	158	156	168	27	109	0	27	47	
127	117	138	174	110	185	138	113	123	107	113	130	267	130	107	58	43	107	74	116	135	74	74	33	99	231	235	251	225	242	231	215	138	215	147	144	124	182	147	134	126	134	135	134	157	0	99	27	0	59	
131	123	157	211	140	203	157	110	130	104	110	134	292	134	82	108	27	82	28	81	80	29	28	81	92	240	242	265	218	250	240	230	125	230	175	170	175	218	175	145	124	145	149	145	134	59	79	47	59	0	
EDGE_TRAVEL_TIME_SECTION
0	10	40	113	61	76	40	24	7	29	24	3	168	3	67	103	108	67	159	212	143	160	159	104	40	110	112	135	100	120	110	100	37	100	67	61	129	119	67	18	14	18	26	18	67	127	61	146	127	131	
10	0	41	112	55	81	41	21	7	24	21	13	173	13	65	94	100	65	152	205	140	153	152	94	35	118	120	142	110	128	118	107	42	107	67	61	123	118	67	22	18	22	28	22	71	117	57	137	117	124	
40	41	0	74	39	48	0	61	35	64	61	39	135	39	105	99	132	105	185	238	180	186	185	110	75	94	99	113	109	106	94	77	75	77	28	22	103	79	28	23	54	22	14	23	104	139	97	162	139	157	
113	112	74	0	71	71	74	132	107	134	132	112	103	112	175	119	184	175	237	287	248	238	237	142	143	116	124	116	161	128	116	90	149	90	46	52	75	9	46	96	127	96	88	96	177	174	166	201	174	211	
61	55	39	71	0	81	39	73	54	72	73	62	158	62	110	62	114	110	167	218	181	168	167	78	78	131	136	146	148	143	131	110	96	110	38	36	69	79	38	52	73	52	46	52	126	110	100	136	110	141	
76	81	48	71	81	0	48	99	74	104	99	74	92	74	142	142	178	142	231	284	217	232	231	156	116	52	58	66	90	64	52	30	103	30	47	46	130	72	47	60	87	59	54	60	125	186	137	210	186	203	
40	41	0	74	39	48	0	61	35	64	61	39	135	39	105	99	132	105	185	238	180	186	185	110	75	94	99	113	109	106	94	77	75	77	28	22	103	79	28	23	54	22	14	23	104	139	97	162	139	157	
24	21	61	132	73	99	61	0	27	7	0	26	191	26	44	101	89	44	138	191	120	139	138	96	18	131	133	157	113	140	131	123	28	123	87	81	139	139	87	41	15	41	48	41	56	114	38	130	114	110	
7	7	35	107	54	74	35	27	0	31	27	9	166	9	71	97	107	71	159	212	146	160	159	99	42	111	114	135	106	121	111	100	44	100	62	55	122	113	62	15	21	15	22	15	73	123	64	144	123	131	
29	24	64	134	72	104	64	7	31	0	7	31	196	31	41	96	83	41	132	185	116	133	132	90	12	137	139	163	120	146	137	129	33	129	90	84	137	141	90	45	21	45	52	45	60	107	33	124	107	104	
24	21	61	132	73	99	61	0	27	7	0	26	191	26	44	101	89	44	138	191	120	139	138	96	18	131	133	157	113	140	131	123	28	123	87	81	139	139	87	41	15	41	48	41	56	114	38	130	114	110	
3	13	39	112	62	74	39	26	9	31	26	0	165	0	69	106	111	69	162	215	144	163	162	107	43	107	109	132	98	117	107	98	37	98	67	60	130	118	67	16	15	17	25	16	66	130	63	149	130	134	
168	173	135	103	158	92	135	191	166	196	191	165	0	165	234	216	267	234	320	373	309	321	320	236	207	85	90	58	148	87	85	73	193	73	121	124	178	96	121	151	179	151	145	151	212	268	228	293	268	292	
3	13	39	112	62	74	39	26	9	31	26	0	165	0	69	106	111	69	162	215	144	163	162	107	43	107	109	132	98	117	107	98	37	98	67	60	130	118	67	16	15	17	25	16	66	130	63	149	130	134	
67	65	105	175	110	142	105	44	71	41	44	69	234	69	0	118	71	0	108	159	76	109	108	102	32	169	170	197	139	177	169	165	47	165	130	124	170	182	130	85	55	85	92	85	53	108	11	116	108	82	
103	94	99	119	62	142	99	101	97	96	101	106	216	106	118	0	83	118	129	174	171	130	129	28	94	192	197	208	201	204	192	172	128	172	98	97	67	127	98	103	109	103	101	103	155	58	107	85	58	108	
108	100	132	184	114	178	132	89	107	83	89	111	267	111	71	83	0	71	54	107	94	55	54	56	72	218	220	241	201	228	218	206	109	206	148	144	149	192	148	121	104	121	124	121	123	43	65	45	43	28	
67	65	105	175	110	142	105	44	71	41	44	69	234	69	0	118	71	0	108	159	76	109	108	102	32	169	170	197	139	177	169	165	47	165	130	124	170	182	130	85	55	85	92	85	53	108	11	116	108	82	
159	152	185	237	167	231	185	138	159	132	138	162	320	162	108	129	54	108	0	53	88	1	0	101	120	269	270	293	246	278	269	258	153	258	202	198	196	245	202	173	152	173	177	173	160	74	106	52	74	29	
212	205	238	287	218	284	238	191	212	185	191	215	373	215	159	174	107	159	53	0	121	52	53	147	173	322	323	346	297	331	322	311	205	311	254	250	239	295	254	226	205	226	230	226	209	116	159	89	116	82	
143	140	180	248	181	217	180	120	146	116	120	144	309	144	76	171	94	76	88	121	0	89	88	148	106	239	239	268	199	246	239	238	117	238	205	199	233	256	205	160	130	160	167	160	107	136	83	127	136	80	
160	153	186	238	168	232	186	139	160	133	139	163	321	163	109	130	55	109	1	52	89	0	1	102	121	270	271	294	247	279	270	259	154	259	203	199	196	246	203	174	153	174	178	174	161	74	107	52	74	30	
159	152	185	237	167	231	185	138	159	132	138	162	320	162	108	129	54	108	0	53	88	1	0	101	120	269	270	293	246	278	269	258	153	258	202	198	196	245	202	173	152	173	177	173	160	74	106	52	74	29	
104	94	110	142	78	156	110	96	99	90	96	107	236	107	102	28	56	102	101	147	148	102	101	0	84	203	208	222	204	215	203	186	122	186	116	113	95	150	116	109	107	109	108	109	146	33	92	60	33	81	
40	35	75	143	78	116	75	18	42	12	18	43	207	43	32	94	72	32	120	173	106	121	120	84	0	149	150	174	130	158	149	140	39	140	99	93	140	150	99	56	32	57	63	56	62	99	23	114	99	92	
110	118	94	116	131	52	94	131	111	137	131	107	85	107	169	192	218	169	269	322	239	270	269	203	149	0	8	30	64	13	0	27	124	27	99	98	181	115	99	98	117	97	96	98	136	231	166	253	231	240	
112	120	99	124	136	58	99	133	114	139	133	109	90	109	170	197	220	170	270	323	239	271	270	208	150	8	0	34	59	8	8	34	124	34	105	103	188	122	105	101	118	101	100	101	135	235	167	257	235	242	
135	142	113	116	146	66	113	157	135	163	157	132	58	132	197	208	241	197	293	346	268	294	293	222	174	30	34	0	92	30	30	36	152	36	110	111	187	112	110	121	143	120	118	121	166	251	193	275	251	265	
100	110	109	161	148	90	109	113	106	120	113	98	148	98	139	201	201	139	246	297	199	247	246	204	130	64	59	92	0	62	64	83	94	83	128	124	211	162	128	99	100	99	102	99	93	226	140	243	226	219	
120	128	106	128	143	64	106	140	121	146	140	117	87	117	177	204	228	177	278	331	246	279	278	215	158	13	8	30	62	0	13	38	131	38	111	110	193	126	111	109	126	108	107	109	142	242	175	264	242	250	
110	118	94	116	131	52	94	131	111	137	131	107	85	107	169	192	218	169	269	322	239	270	269	203	149	0	8	30	64	13	0	27	124	27	99	98	181	115	99	98	117	97	96	98	136	231	166	253	231	240	
100	107	77	90	110	30	77	123	100	129	123	98	73	98	165	172	206	165	258	311	238	259	258	186	140	27	34	36	83	38	27	0	122	0	76	75	156	88	76	86	110	85	82	86	139	215	160	239	215	230	
37	42	75	149	96	103	75	28	44	33	28	37	193	37	47	128	109	47	153	205	117	154	153	122	39	124	124	152	94	131	124	122	0	122	103	97	164	154	103	53	24	53	61	53	30	138	47	152	138	126	
100	107	77	90	110	30	77	123	100	129	123	98	73	98	165	172	206	165	258	311	238	259	258	186	140	27	34	36	83	38	27	0	122	0	76	75	156	88	76	86	110	85	82	86	139	215	160	239	215	230	
67	67	28	46	38	47	28	87	62	90	87	67	121	67	130	98	148	130	202	254	205	203	202	116	99	99	105	110	128	111	99	76	103	76	0	7	84	52	0	51	81	50	42	51	132	147	122	173	147	175	
61	61	22	52	36	46	22	81	55	84	81	60	124	60	124	97	144	124	198	250	199	199	198	113	93	98	103	111	124	110	98	75	97	75	7	0	88	58	7	44	75	44	36	44	125	145	116	170	145	170	
129	123	103	75	69	130	103	139	122	137	139	130	178	130	170	67	149	170	196	239	233	196	196	95	140	181	188	187	211	193	181	156	164	156	84	88	0	82	84	120	141	120	113	120	193	124	159	151	124	175	
119	118	79	9	79	72	79	139	113	141	139	118	96	118	182	127	192	182	245	295	256	246	245	150	150	115	122	112	162	126	115	88	154	88	52	58	82	0	52	102	133	101	93	102	182	183	173	210	183	219	
67	67	28	46	38	47	28	87	62	90	87	67	121	67	130	98	148	130	202	254	205	203	202	116	99	99	105	110	128	111	99	76	103	76	0	7	84	52	0	51	81	50	42	51	132	147	122	173	147	175	
18	22	23	96	52	60	23	41	15	45	41	16	151	16	85	103	121	85	173	226	160	174	173	109	56	98	101	121	99	109	98	86	53	86	51	44	120	102	51	0	31	1	9	0	81	135	78	156	135	145	
14	18	54	127	73	87	54	15	21	21	15	15	179	15	55	109	104	55	152	205	130	153	152	107	32	117	118	143	100	126	117	110	24	110	81	75	141	133	81	31	0	32	40	31	53	127	50	144	127	124	
18	22	22	96	52	59	22	41	15	45	41	17	151	17	85	103	121	85	173	226	160	174	173	109	57	97	101	120	99	108	97	85	53	85	50	44	120	101	50	1	32	0	8	1	82	135	78	156	135	145	
26	28	14	88	46	54	14	48	22	52	48	25	145	25	92	101	124	92	177	230	167	178	177	108	63	96	100	118	102	107	96	82	61	82	42	36	113	93	42	9	40	8	0	9	90	135	85	158	135	149	
18	22	23	96	52	60	23	41	15	45	41	16	151	16	85	103	121	85	173	226	160	174	173	109	56	98	101	121	99	109	98	86	53	86	51	44	120	102	51	0	31	1	9	0	81	135	78	156	135	145	
67	71	104	177	126	125	104	56	73	60	56	66	212	66	53	155	123	53	160	209	107	161	160	146	62	136	135	166	93	142	136	139	30	139	132	125	193	182	132	81	53	82	90	81	0	158	59	168	158	135	
127	117	139	174	110	186	139	114	123	107	114	130	268	130	108	58	43	108	74	116	136	74	74	33	99	231	235	251	226	242	231	215	138	215	147	145	124	183	147	135	127	135	135	135	158	0	100	27	0	59	
61	57	97	166	100	137	97	38	64	33	38	63	228	63	11	107	65	11	106	159	83	107	106	92	23	166	167	193	140	175	166	160	47	160	122	116	159	173	122	78	50	78	85	78	59	100	0	109	100	79	
146	137	162	201	136	210	162	130	144	124	130	149	293	149	116	85	45	116	52	89	127	52	52	60	114	253	257	275	243	264	253	239	152	239	173	170	151	210	173	156	144	156	158	156	168	27	109	0	27	47	
127	117	139	174	110	186	139	114	123	107	114	130	268	130	108	58	43	108	74	116	136	74	74	33	99	231	235	251	226	242	231	215	138	215	147	145	124	183	147	135	127	135	135	135	158	0	100	27	0	59	
131	124	157	211	141	203	157	110	131	104	110	134	292	134	82	108	28	82	29	82	80	30	29	81	92	240	242	265	219	250	240	230	126	230	175	170	175	219	175	145	124	145	149	145	135	59	79	47	59	0	
TIME_WINDOW_SECTION
1	0	720
2	0	720
3	0	65
4	139	213
5	284	370
6	451	542
7	590	720
8	0	87
9	114	236
10	267	325
11	332	720
12	0	2
13	167	334
14	499	720
15	0	20
16	138	310
17	393	480
18	551	720
19	0	27
20	80	150
21	271	440
22	529	670
23	671	720
24	0	720
25	0	720
26	0	35
27	43	78
28	112	289
29	381	479
30	541	625
31	638	720
32	0	69
33	191	349
34	471	720
35	0	70
36	77	166
37	254	342
38	424	549
39	601	720
40	0	116
41	147	257
42	289	401
43	409	616
44	625	720
45	0	720
46	0	64
47	164	279
48	388	612
49	639	720
50	0	720
CLUSTER_SECTION
1	1	
2	2	
3	3	4	5	6	7	
4	8	9	10	11	
5	12	13	14	
6	15	16	17	18	
7	19	20	21	22	23	
8	24	
9	25	
10	26	27	28	29	30	31	
11	32	33	34	
12	35	36	37	38	39	
13	40	41	42	43	44	
14	45	
15	46	47	48	49	
16	50	
DEMAND_SECTION
1	0
2	19
3	21
4	29
5	17
6	25
7	28
8	18
9	24
10	20
11	31
12	30
13	22
14	28
15	36
16	11
DEPOT_SECTION
1
EOF