NAME:	instance_25-triangle
TYPE:	VRPRDL
DIMENSION:	225
CAPACITY:	750
TIME_HORIZON:	720
NUM_CUSTOMERS:	61
NODE_COORD_SECTION
1	0.0	0.0
2	33.0018988103	-54.4101874938
3	43.261837186	-76.2417694736
4	33.0018988103	-54.4101874938
5	-140.285587245	109.186283128
6	-139.001191466	71.7613409882
7	-140.285587245	109.186283128
8	21.7203937619	-21.6579162026
9	-5.69137185718	-17.8084937188
10	-6.07146239916	-67.1701420808
11	-35.5538909862	-8.48558980612
12	19.7744992405	25.1299475772
13	21.7203937619	-21.6579162026
14	37.9321306324	16.2338615295
15	-28.326430825	-0.11069878376
16	71.8548793588	87.4698991089
17	84.8831478557	58.8457615886
18	37.9321306324	16.2338615295
19	83.5609494692	94.4599551085
20	71.050268707	83.4566890549
21	29.5004421577	56.5754220515
22	50.7559510308	157.817144796
23	66.0703399336	98.14350117
24	83.5609494692	94.4599551085
25	-3.83066256398	-34.1604374829
26	-13.4357348508	8.67169052487
27	51.9646677736	3.18883831893
28	-42.2151047631	-59.5090488418
29	9.87767167382	-42.0922249398
30	-3.83066256398	-34.1604374829
31	66.7234138157	96.6630018015
32	91.2370350919	154.169422182
33	66.7234138157	96.6630018015
34	7.62471622317	-132.103631265
35	30.1257104789	-157.930568271
36	17.4600400169	-105.331050512
37	7.62471622317	-132.103631265
38	12.7791718484	151.939865159
39	-32.8505229912	129.387178599
40	65.8796339393	108.505988267
41	-15.4587510297	199.389407859
42	12.7791718484	151.939865159
43	-69.3762789034	-41.2382321795
44	-130.836478212	-122.765086931
45	-69.3762789034	-41.2382321795
46	79.7924453223	-35.8333167557
47	42.8007720271	-71.5323720989
48	88.5646937872	-38.1414368124
49	89.3051153924	-41.1995470088
50	76.4964556577	-89.8764801364
51	79.7924453223	-35.8333167557
52	0.325434036127	-1.05310784907
53	-135.108177941	63.6446504485
54	-107.773910196	49.7754114994
55	-78.1705815671	154.735715126
56	-135.108177941	63.6446504485
57	-147.775504596	11.5550334572
58	-151.412232151	-1.56470716705
59	-132.088947801	42.0738767331
60	-148.412203665	17.0368181243
61	-122.86639203	47.4377976893
62	-147.775504596	11.5550334572
63	56.386262808	115.561036348
64	142.000301532	138.308664367
65	41.0464069664	126.398229329
66	47.4835610979	111.553635206
67	56.386262808	115.561036348
68	-90.9251604881	-17.3237010493
69	46.7576308965	-78.2732060549
70	-90.9251604881	-17.3237010493
71	15.5613513907	30.4988508911
72	50.0057108509	-51.4611022644
73	1.72828707405	-0.482146479156
74	166.427503475	-2.12423076432
75	16.4988480308	-5.72496571826
76	-10.0934238874	107.93298824
77	16.4988480308	-5.72496571826
78	55.2492898361	82.0800545455
79	66.2869623891	84.8160270861
80	66.5975835538	119.21839839
81	55.2492898361	82.0800545455
82	72.1199195121	-99.1344659583
83	33.3689179409	-135.32519787
84	79.2525305171	-92.662924124
85	47.2094003252	-154.358501243
86	72.1199195121	-99.1344659583
87	-95.9556234603	-0.0418539759468
88	19.9681293667	-3.0058496487
89	19.7397188659	74.3651160048
90	-27.8663558011	67.758458744
91	19.9681293667	-3.0058496487
92	52.4251722592	24.9172795597
93	44.6006798377	90.7663203316
94	106.075884001	6.29527408893
95	62.3683680138	-4.09103258758
96	52.4251722592	24.9172795597
97	24.3102849109	-2.63765612727
98	24.0728224801	-6.10651674713
99	27.4552889572	-8.94645506348
100	24.3102849109	-2.63765612727
101	13.911763442	-8.16856914032
102	-89.757520606	-47.5495792063
103	13.911763442	-8.16856914032
104	-36.8232128282	-59.0127150163
105	10.6931338193	6.58490224602
106	4.73437892782	33.700547402
107	58.1694102632	-89.1239431622
108	10.6931338193	6.58490224602
109	-76.1421716828	-22.8187988664
110	-132.197121227	-32.3485924836
111	-49.5039442013	-15.7696490326
112	-84.231245009	-35.1468194169
113	-76.1421716828	-22.8187988664
114	103.466584114	8.58298091155
115	136.15587917	-53.703184803
116	43.5376144004	5.03282855945
117	142.787725195	1.4037105384
118	90.0992115472	4.15173043717
119	103.466584114	8.58298091155
120	-5.47024348418	47.7373146069
121	-25.1218158312	144.623165778
122	-60.0970230466	54.6187921247
123	-5.47024348418	47.7373146069
124	-5.48334782448	-155.94547188
125	-11.989009686	-153.704467633
126	-71.6248185784	-91.2784082665
127	27.8885275049	-167.632834616
128	-11.989009686	-153.704467633
129	-82.5665832436	27.7719305287
130	-83.5064721799	37.1627378784
131	-128.384117011	69.3506264184
132	-82.5665832436	27.7719305287
133	-107.125776616	-113.26016464
134	-165.433095766	-139.567254419
135	-94.2545521661	-40.2840647527
136	-40.1732734656	-128.611623137
137	-107.125776616	-113.26016464
138	93.7544965064	127.008389149
139	46.6997247408	153.344553517
140	90.7912540223	76.2375848004
141	107.437136953	193.467899854
142	127.344199587	135.644095504
143	93.7544965064	127.008389149
144	97.6029933855	-27.8741364844
145	121.15996848	-26.1900481462
146	97.6029933855	-27.8741364844
147	18.360715881	-31.8340142934
148	23.1752732799	-27.1838617846
149	-7.24224973535	-74.0073083269
150	62.4435471402	-75.2115949234
151	4.40806202776	20.4917860713
152	18.360715881	-31.8340142934
153	155.761806859	34.7901752992
154	83.7854568734	43.62420945
155	144.458023217	21.3955817386
156	155.761806859	34.7901752992
157	44.4317190121	102.70193302
158	38.8373301611	123.116159538
159	56.5974699958	116.104866908
160	101.80932756	93.268541599
161	44.4317190121	102.70193302
162	66.905295829	-135.66958413
163	39.2962128384	-179.111544626
164	34.0581470128	-176.824023281
165	-4.43908700798	-175.324995467
166	66.905295829	-135.66958413
167	19.6304291915	113.966643987
168	-102.833969405	44.173042927
169	-111.998408921	46.5320633725
170	-103.004921422	50.8397427002
171	-118.005120852	50.6506762303
172	-102.833969405	44.173042927
173	-72.0575367603	-50.0625921004
174	-23.6461152484	-86.7491591525
175	-72.0575367603	-50.0625921004
176	-77.1477380041	37.0968758651
177	-72.4824118451	13.8328471014
178	-61.102880578	63.5259136808
179	-77.1477380041	37.0968758651
180	-68.1211070784	-136.046951303
181	50.1774119414	138.034826337
182	8.19185687285	-72.4156784464
183	82.5884315326	-127.007094501
184	106.520933401	-127.566612636
185	89.3612923534	-81.62632203
186	29.3238051987	-114.524397849
187	57.4197580699	-137.895162601
188	82.5884315326	-127.007094501
189	164.449410952	68.611873692
190	168.080096067	66.2775492261
191	164.449410952	68.611873692
192	-66.3892071879	-68.4062833546
193	-60.1179154916	-79.8959143134
194	-66.3892071879	-68.4062833546
195	-2.69434341917	2.72358076551
196	25.0496915574	-23.4724079325
197	1.37590923763	20.4613285848
198	-22.6183413426	-13.0426278913
199	-50.5261643407	8.31383697141
200	-2.69434341917	2.72358076551
201	53.4377004095	64.310308823
202	26.6158513179	122.328439322
203	54.4871938999	63.1200386156
204	59.1083150641	41.3577961334
205	119.835528447	90.5100991364
206	53.4377004095	64.310308823
207	-18.9843682613	-9.54541534218
208	104.419379374	-96.2265452596
209	-18.9843682613	-9.54541534218
210	19.4173076637	-10.6971468366
211	44.1261427632	-10.9510731621
212	9.74956873706	-20.3249671459
213	-2.15312099255	-35.7737074717
214	19.4173076637	-10.6971468366
215	16.9205916228	-75.2410619328
216	-2.93792419523	-81.7547132284
217	125.319142548	-60.3153083767
218	16.9205916228	-75.2410619328
219	-0.0816267312252	-0.500802627906
220	-22.997382979	-10.4924585699
221	-8.38274245648	-119.420686354
222	-0.0816267312252	-0.500802627906
223	88.3235885989	-65.9700234898
224	51.4432087288	-116.115989147
225	88.3235885989	-65.9700234898
EDGE_WEIGHT_SECTION
0	63	87	63	178	156	178	31	19	67	37	32	31	41	28	113	103	41	126	109	64	166	118	126	34	16	52	73	43	34	117	179	117	132	161	107	132	152	133	127	200	152	81	179	81	87	83	96	98	118	87	1	149	118	173	149	148	151	139	149	132	148	128	198	133	121	128	93	90	93	34	71	2	166	17	108	17	99	108	136	99	122	139	122	161	122	96	20	77	73	20	58	101	106	62	58	24	25	28	24	16	101	16	70	13	34	106	13	79	136	52	91	79	104	146	44	143	90	104	48	147	81	48	156	153	116	170	153	87	91	146	87	156	216	102	135	156	158	160	119	221	186	158	101	123	101	36	36	74	98	21	36	160	94	146	160	112	129	129	138	112	151	183	180	175	151	116	112	121	115	128	112	88	90	88	86	74	88	86	152	147	73	150	166	121	118	149	150	178	180	178	95	100	95	4	34	21	26	51	4	84	125	83	72	150	84	21	141	21	22	45	22	36	22	77	82	139	77	1	25	119	1	110	126	110	
63	0	24	0	238	212	238	35	53	41	83	80	35	71	82	147	125	71	157	143	111	213	156	157	42	78	61	75	26	42	155	216	155	82	103	53	82	207	195	166	258	207	103	178	103	50	20	58	58	56	50	62	204	174	236	204	192	192	191	195	186	192	171	221	181	167	171	129	28	129	86	17	62	143	51	168	51	138	143	176	138	59	81	60	101	59	140	53	129	136	53	82	146	95	58	82	52	49	46	52	50	123	50	70	65	92	43	65	114	166	91	119	114	95	103	60	123	82	95	109	207	143	109	109	109	111	113	109	141	148	202	141	152	216	128	104	152	191	208	143	259	212	191	70	92	70	27	29	45	36	80	27	152	110	135	152	158	178	172	163	158	88	125	122	126	88	169	167	176	172	183	167	105	65	105	143	126	151	143	130	193	31	88	104	63	60	87	88	180	181	180	100	97	100	67	32	81	69	104	67	120	177	119	99	169	120	69	83	69	46	45	41	40	46	26	45	93	26	63	71	77	63	57	64	57	
87	24	0	24	260	234	260	59	76	50	104	104	59	93	104	166	141	93	175	162	134	234	176	175	63	102	80	87	48	63	174	235	174	66	83	39	66	230	219	186	282	230	118	180	118	54	5	59	58	36	54	86	226	196	260	226	210	209	212	213	207	210	192	236	202	188	192	147	4	147	110	26	86	144	75	192	75	159	163	197	159	37	60	40	78	37	159	77	152	160	77	102	167	104	75	102	76	73	69	76	74	136	74	82	89	116	20	89	131	181	111	134	131	104	95	81	126	93	104	133	231	167	133	93	95	116	93	95	163	170	224	163	155	218	142	99	155	209	229	159	277	228	209	73	93	73	51	53	50	19	104	51	158	127	140	158	179	199	193	179	179	64	103	101	110	64	192	189	198	194	205	189	118	68	118	165	147	174	165	126	214	35	64	81	46	41	63	64	188	189	188	109	103	109	91	56	105	91	126	91	141	199	140	119	183	141	91	64	91	70	65	65	61	70	26	47	83	26	87	93	67	87	46	41	46	
63	0	24	0	238	212	238	35	53	41	83	80	35	71	82	147	125	71	157	143	111	213	156	157	42	78	61	75	26	42	155	216	155	82	103	53	82	207	195	166	258	207	103	178	103	50	20	58	58	56	50	62	204	174	236	204	192	192	191	195	186	192	171	221	181	167	171	129	28	129	86	17	62	143	51	168	51	138	143	176	138	59	81	60	101	59	140	53	129	136	53	82	146	95	58	82	52	49	46	52	50	123	50	70	65	92	43	65	114	166	91	119	114	95	103	60	123	82	95	109	207	143	109	109	109	111	113	109	141	148	202	141	152	216	128	104	152	191	208	143	259	212	191	70	92	70	27	29	45	36	80	27	152	110	135	152	158	178	172	163	158	88	125	122	126	88	169	167	176	172	183	167	105	65	105	143	126	151	143	130	193	31	88	104	63	60	87	88	180	181	180	100	97	100	67	32	81	69	104	67	120	177	119	99	169	120	69	83	69	46	45	41	40	46	26	45	93	26	63	71	77	63	57	64	57	
178	238	260	238	0	37	0	208	185	221	158	180	208	200	156	213	231	200	224	213	178	197	207	224	198	162	219	195	213	198	207	236	207	283	316	266	283	159	109	206	154	159	166	231	166	263	257	272	274	294	263	179	46	68	77	46	98	111	67	93	64	98	197	283	182	188	197	136	264	136	174	249	179	326	194	130	194	197	208	207	197	297	299	298	323	297	118	196	164	120	196	210	186	267	232	210	199	201	205	199	193	165	193	197	183	163	280	183	147	141	154	155	147	264	320	211	303	253	264	148	120	97	148	297	292	212	323	292	100	92	42	100	224	250	156	258	224	234	192	233	261	268	234	274	293	274	212	213	226	274	169	212	305	233	298	305	185	179	197	242	185	320	339	334	315	320	160	75	69	69	63	75	173	228	173	96	117	91	96	255	192	235	324	341	298	280	316	324	307	311	307	192	205	192	174	212	167	170	135	174	199	167	200	211	260	199	169	319	169	199	220	198	200	199	242	235	314	242	178	168	264	178	287	296	287	
156	212	234	212	37	0	37	186	160	192	130	165	186	185	132	211	224	185	224	210	169	208	207	224	171	141	202	163	187	171	207	244	207	251	285	236	251	172	121	208	178	172	133	194	133	243	230	252	254	268	243	157	9	38	103	9	61	74	30	56	29	61	200	289	188	191	200	101	238	101	160	224	158	314	173	134	173	195	206	211	195	270	269	272	293	270	84	176	159	111	176	197	185	253	215	197	179	181	184	179	172	129	172	166	163	149	253	163	113	104	125	120	113	250	301	194	290	238	250	136	135	81	136	264	259	176	291	259	71	65	11	71	187	213	121	223	187	239	203	230	275	274	239	256	277	256	187	190	196	248	152	187	297	224	288	297	186	185	201	242	186	292	307	302	281	292	164	45	37	42	30	45	139	196	139	71	88	78	71	219	200	206	297	315	274	251	287	297	303	307	303	158	171	158	153	189	149	143	108	153	192	173	193	200	259	192	144	294	144	178	200	175	173	178	214	205	295	214	157	141	231	157	265	267	265	
178	238	260	238	0	37	0	208	185	221	158	180	208	200	156	213	231	200	224	213	178	197	207	224	198	162	219	195	213	198	207	236	207	283	316	266	283	159	109	206	154	159	166	231	166	263	257	272	274	294	263	179	46	68	77	46	98	111	67	93	64	98	197	283	182	188	197	136	264	136	174	249	179	326	194	130	194	197	208	207	197	297	299	298	323	297	118	196	164	120	196	210	186	267	232	210	199	201	205	199	193	165	193	197	183	163	280	183	147	141	154	155	147	264	320	211	303	253	264	148	120	97	148	297	292	212	323	292	100	92	42	100	224	250	156	258	224	234	192	233	261	268	234	274	293	274	212	213	226	274	169	212	305	233	298	305	185	179	197	242	185	320	339	334	315	320	160	75	69	69	63	75	173	228	173	96	117	91	96	255	192	235	324	341	298	280	316	324	307	311	307	192	205	192	174	212	167	170	135	174	199	167	200	211	260	199	169	319	169	199	220	198	200	199	242	235	314	242	178	168	264	178	287	296	287	
31	35	59	35	208	186	208	0	28	53	59	47	0	41	54	120	102	41	131	116	78	181	128	131	28	46	39	74	24	28	126	189	126	111	136	84	111	173	160	137	224	173	93	183	93	60	54	69	70	87	60	30	178	148	202	178	172	174	166	174	160	172	141	199	149	135	141	112	62	112	52	41	29	146	17	133	17	109	115	148	109	92	114	91	135	92	119	19	96	102	19	56	115	89	44	56	19	16	14	19	16	114	16	69	30	58	77	30	98	154	71	107	98	87	118	34	123	73	87	74	173	111	74	137	136	116	146	136	115	121	175	115	158	221	117	123	158	165	176	119	231	188	165	76	100	76	11	6	60	67	45	11	145	90	130	145	126	145	142	139	126	123	158	155	156	123	136	141	150	144	157	141	98	79	98	115	100	118	115	145	162	53	122	135	90	93	122	122	169	171	169	99	100	99	34	4	47	45	78	34	92	144	91	73	149	92	42	111	42	11	25	12	28	11	54	65	111	54	30	46	102	30	80	99	80	
19	53	76	53	185	160	185	28	0	49	31	50	28	55	29	130	118	55	143	127	82	184	136	143	16	28	61	55	29	16	135	197	135	115	144	90	115	171	150	145	217	171	68	163	68	87	72	96	98	109	87	18	152	122	187	152	145	147	140	147	134	145	146	215	151	139	146	85	80	85	53	65	19	173	25	126	25	117	125	155	117	112	124	113	146	112	92	29	95	88	29	72	119	114	69	72	33	32	34	33	22	89	22	52	29	52	95	29	71	127	44	80	71	112	146	54	149	98	112	66	164	91	66	138	135	98	153	135	89	95	150	89	139	201	91	116	139	175	178	135	239	203	175	104	127	104	28	30	56	89	39	28	170	108	155	170	130	147	147	155	130	138	167	163	157	138	134	115	124	119	131	115	74	71	74	90	74	98	90	134	165	56	140	157	114	103	136	140	190	192	190	79	82	79	21	31	39	18	52	21	101	143	101	88	165	101	16	135	16	26	50	16	18	26	62	64	137	62	18	19	101	18	106	114	106	
67	41	50	41	221	192	221	53	49	0	66	96	53	94	71	173	155	94	184	169	128	231	180	184	33	76	91	37	30	33	179	241	179	66	98	45	66	219	198	189	266	219	68	137	68	91	49	99	99	85	91	66	183	154	233	183	162	159	167	165	164	162	192	252	199	185	192	98	54	98	100	58	67	184	65	175	65	161	168	200	161	84	79	89	102	84	112	69	144	137	69	109	165	134	93	109	71	68	67	71	62	86	62	32	76	101	68	76	83	131	67	84	83	133	143	87	164	120	133	115	212	133	115	89	86	70	106	86	121	130	182	121	111	175	92	70	111	218	226	172	284	241	218	111	133	111	43	50	7	69	88	43	191	142	175	191	176	195	193	192	176	100	121	117	108	100	183	147	155	152	162	147	68	26	68	126	104	142	126	92	212	15	107	128	96	59	95	107	218	219	218	60	56	60	70	54	88	57	88	70	144	192	143	126	201	144	59	114	59	62	75	49	32	62	24	15	131	24	67	59	52	67	94	76	94	
37	83	104	83	158	130	158	59	31	66	0	65	59	78	11	144	138	78	157	141	92	187	147	157	41	28	88	51	57	41	146	206	146	131	163	110	131	168	138	155	209	168	47	148	47	118	100	127	129	138	118	37	122	92	169	122	114	116	109	116	104	114	154	230	155	146	154	56	108	56	64	96	38	201	52	119	52	128	138	163	128	140	144	142	167	140	61	56	100	77	56	94	128	142	97	94	60	59	63	60	49	67	49	51	49	58	123	49	43	100	16	56	43	140	177	80	178	126	140	64	153	68	64	150	147	90	171	147	59	66	120	59	127	184	67	120	127	187	182	152	247	217	187	135	158	135	59	61	71	119	49	59	196	130	182	196	137	151	155	171	137	163	186	182	169	163	134	85	94	90	101	85	55	79	55	62	43	76	62	132	170	77	167	185	145	124	159	167	214	217	214	67	76	67	35	62	47	14	23	35	115	145	115	107	184	115	17	165	17	55	79	47	43	55	85	80	168	85	36	13	114	36	137	138	137	
32	80	104	80	180	165	180	47	50	96	65	0	47	20	54	81	73	20	94	77	33	136	86	94	64	37	39	105	68	64	86	147	86	158	182	130	158	127	117	95	178	127	111	211	111	86	99	93	96	128	86	33	160	130	162	160	168	173	153	168	144	168	97	166	103	90	97	119	107	119	7	82	31	149	31	88	31	67	76	105	67	135	160	132	181	135	118	28	49	64	28	33	70	88	52	33	28	31	35	28	34	131	34	101	21	17	121	21	107	162	80	120	107	85	140	31	125	73	85	34	128	85	34	183	181	148	192	181	102	104	155	102	187	248	131	165	187	126	131	87	190	154	126	94	113	94	57	52	103	109	16	57	136	67	125	136	81	100	98	107	81	167	204	201	202	167	89	124	133	125	140	124	119	120	119	98	93	89	98	184	117	98	164	176	127	139	167	164	151	154	151	127	132	127	32	48	19	57	72	32	52	97	51	43	119	52	52	148	52	36	44	47	65	36	100	109	136	100	32	56	147	32	114	144	114	
31	35	59	35	208	186	208	0	28	53	59	47	0	41	54	120	102	41	131	116	78	181	128	131	28	46	39	74	24	28	126	189	126	111	136	84	111	173	160	137	224	173	93	183	93	60	54	69	70	87	60	30	178	148	202	178	172	174	166	174	160	172	141	199	149	135	141	112	62	112	52	41	29	146	17	133	17	109	115	148	109	92	114	91	135	92	119	19	96	102	19	56	115	89	44	56	19	16	14	19	16	114	16	69	30	58	77	30	98	154	71	107	98	87	118	34	123	73	87	74	173	111	74	137	136	116	146	136	115	121	175	115	158	221	117	123	158	165	176	119	231	188	165	76	100	76	11	6	60	67	45	11	145	90	130	145	126	145	142	139	126	123	158	155	156	123	136	141	150	144	157	141	98	79	98	115	100	118	115	145	162	53	122	135	90	93	122	122	169	171	169	99	100	99	34	4	47	45	78	34	92	144	91	73	149	92	42	111	42	11	25	12	28	11	54	65	111	54	30	46	102	30	80	99	80	
41	71	93	71	200	185	200	41	55	94	78	20	41	0	68	79	63	0	91	75	41	142	87	91	65	52	19	110	65	65	85	148	85	151	174	123	151	138	133	96	191	138	121	218	121	67	88	74	77	113	67	41	179	150	181	179	185	190	172	186	164	185	101	160	110	96	101	133	95	133	27	69	40	130	30	104	30	68	74	107	68	120	152	116	171	120	135	26	61	84	26	17	75	69	32	17	23	26	27	23	34	142	34	105	29	37	107	29	120	177	93	132	120	66	120	13	106	54	66	54	143	105	54	178	177	152	184	177	121	123	175	121	194	256	143	164	194	124	137	80	190	149	124	74	93	74	52	46	101	95	34	52	119	53	107	119	87	107	102	100	87	154	195	193	196	154	99	144	153	145	160	144	128	119	128	117	110	109	117	185	122	93	150	159	111	131	155	150	137	139	137	134	136	134	43	42	37	67	89	43	51	107	50	33	110	51	62	130	62	32	28	46	65	32	94	106	116	94	42	66	143	42	96	133	96	
28	82	104	82	156	132	156	54	29	71	11	54	54	68	0	133	127	68	146	130	81	177	136	146	42	17	80	61	57	42	135	195	135	136	168	115	136	158	130	144	200	158	58	159	58	114	101	123	124	138	114	29	124	94	163	124	120	123	112	121	106	120	143	219	144	135	143	65	108	65	53	93	30	194	45	110	45	117	127	152	117	141	148	142	172	141	68	48	89	68	48	85	117	134	90	85	52	53	56	52	43	77	43	60	40	47	124	40	53	109	26	66	53	132	172	72	171	118	132	53	145	63	53	158	154	101	176	154	61	67	121	61	138	195	77	129	138	176	171	141	236	206	176	129	151	129	56	58	77	118	38	56	187	120	174	187	126	140	144	160	126	165	191	187	177	165	124	87	96	90	103	87	66	87	66	61	46	72	61	142	159	81	168	185	143	128	162	168	204	207	204	78	86	78	26	58	36	14	24	26	104	134	104	97	173	104	13	163	13	49	73	43	44	49	88	85	165	88	28	12	121	28	134	141	134	
113	147	166	147	213	211	213	120	130	173	144	81	120	79	133	0	31	79	14	4	52	73	12	14	143	116	87	185	144	143	11	69	11	228	249	200	228	87	113	22	142	87	191	292	191	124	162	127	130	177	124	114	208	183	164	208	232	240	208	231	198	232	32	87	50	34	32	193	168	193	80	141	112	130	108	84	108	17	6	32	17	187	226	180	243	187	189	104	53	101	104	65	27	88	92	65	102	105	106	102	112	210	112	182	101	86	177	101	184	236	159	198	184	85	154	87	112	85	85	87	112	135	87	255	255	228	259	255	165	163	201	165	268	328	209	243	268	45	71	22	112	73	45	118	123	118	131	124	180	163	95	131	99	45	98	99	31	48	32	31	31	223	268	267	273	223	58	179	188	178	193	179	199	198	199	157	162	135	157	263	55	172	215	217	170	206	226	215	94	98	94	208	212	208	113	120	97	138	145	113	30	57	30	48	48	30	133	186	133	111	102	124	143	111	171	184	157	171	113	136	221	113	154	205	154	
103	125	141	125	231	224	231	102	118	155	138	73	102	63	127	31	0	63	36	28	55	104	43	36	128	110	65	173	125	128	42	96	42	206	223	177	206	118	137	53	172	118	183	281	183	95	137	97	100	149	95	103	220	192	189	220	237	244	217	237	207	237	63	98	80	65	63	192	142	192	75	116	102	102	93	107	93	38	32	63	38	158	201	151	216	158	190	89	67	113	89	47	51	57	67	47	86	89	89	86	97	204	97	168	91	84	150	91	180	235	153	193	180	54	123	68	82	55	54	91	139	145	91	233	234	215	233	234	170	169	213	170	257	319	204	225	257	69	102	18	136	87	69	88	92	88	112	106	161	136	89	112	75	15	70	75	60	79	63	38	60	195	242	241	250	195	85	188	197	188	202	188	190	181	190	163	164	146	163	247	86	152	186	187	140	182	198	186	80	84	80	197	199	197	104	102	92	129	145	104	32	86	31	31	47	32	124	156	124	95	81	109	128	95	150	166	126	150	103	128	201	103	125	178	125	
41	71	93	71	200	185	200	41	55	94	78	20	41	0	68	79	63	0	91	75	41	142	87	91	65	52	19	110	65	65	85	148	85	151	174	123	151	138	133	96	191	138	121	218	121	67	88	74	77	113	67	41	179	150	181	179	185	190	172	186	164	185	101	160	110	96	101	133	95	133	27	69	40	130	30	104	30	68	74	107	68	120	152	116	171	120	135	26	61	84	26	17	75	69	32	17	23	26	27	23	34	142	34	105	29	37	107	29	120	177	93	132	120	66	120	13	106	54	66	54	143	105	54	178	177	152	184	177	121	123	175	121	194	256	143	164	194	124	137	80	190	149	124	74	93	74	52	46	101	95	34	52	119	53	107	119	87	107	102	100	87	154	195	193	196	154	99	144	153	145	160	144	128	119	128	117	110	109	117	185	122	93	150	159	111	131	155	150	137	139	137	134	136	134	43	42	37	67	89	43	51	107	50	33	110	51	62	130	62	32	28	46	65	32	94	106	116	94	42	66	143	42	96	133	96	
126	157	175	157	224	224	224	131	143	184	157	94	131	91	146	14	36	91	0	17	66	71	18	0	155	129	97	198	155	155	17	60	17	239	258	210	239	91	122	23	144	91	204	305	204	130	171	133	136	184	130	127	221	196	173	221	246	254	222	245	211	246	34	73	53	40	34	207	177	207	93	150	125	127	120	95	120	31	20	30	31	194	235	187	251	194	203	116	67	115	116	76	39	91	101	76	114	117	117	114	124	223	124	195	114	100	185	114	198	250	172	212	198	88	157	98	110	91	88	101	119	149	101	265	265	241	268	265	179	177	213	179	281	341	223	254	281	34	69	20	102	60	34	123	126	123	142	135	191	171	108	142	94	51	95	94	40	53	35	18	40	231	277	276	283	231	67	193	201	192	206	193	212	210	212	171	176	148	171	275	55	183	221	223	176	216	234	221	85	89	85	221	225	221	126	131	110	151	159	126	43	63	43	58	36	43	146	192	146	123	112	136	155	123	182	195	160	182	126	149	232	126	161	213	161	
109	143	162	143	213	210	213	116	127	169	141	77	116	75	130	4	28	75	17	0	49	77	16	17	139	113	83	182	140	139	14	73	14	224	245	196	224	90	114	26	144	90	188	288	188	120	158	123	126	173	120	110	207	182	165	207	230	238	207	229	197	230	35	90	52	37	35	190	164	190	77	137	108	128	104	84	104	16	5	36	16	183	222	176	239	183	186	100	52	100	100	61	27	85	88	61	98	101	102	98	108	207	108	178	98	83	173	98	181	233	156	195	181	82	151	83	109	82	82	84	114	134	84	251	251	225	255	251	163	161	200	163	264	325	206	239	264	49	74	21	116	77	49	114	120	114	127	120	176	159	92	127	98	42	96	98	33	51	36	32	33	219	264	263	269	219	60	178	187	177	192	178	196	194	196	155	159	134	155	259	58	168	211	214	166	202	222	211	95	99	95	204	209	204	109	116	94	134	142	109	26	59	26	44	49	26	129	183	129	107	98	120	139	107	167	180	154	167	109	133	217	109	150	201	150	
64	111	134	111	178	169	178	78	82	128	92	33	78	41	81	52	55	41	66	49	0	103	55	66	96	64	58	136	100	96	55	115	55	189	213	161	189	97	96	63	150	97	139	240	139	105	129	112	115	153	105	65	165	137	146	165	183	190	162	182	152	183	64	139	71	57	64	141	136	141	30	110	63	149	64	65	64	36	46	73	36	161	191	157	212	161	138	60	20	58	60	39	37	91	69	39	59	62	66	59	67	158	67	133	53	34	148	53	132	184	107	146	132	88	153	53	126	80	88	36	103	90	36	214	213	179	223	213	116	114	158	116	218	276	157	197	218	95	98	64	157	125	95	108	123	108	88	83	135	135	44	88	128	56	120	128	48	67	65	81	48	195	235	232	233	195	58	133	142	133	147	133	147	152	147	108	111	91	108	216	84	130	191	200	151	170	196	191	135	139	135	157	163	157	63	79	46	87	93	63	25	66	26	33	96	25	82	170	82	68	69	79	97	68	131	142	151	131	64	85	179	64	136	174	136	
166	213	234	213	197	208	197	181	184	231	187	136	181	142	177	73	104	142	71	77	103	0	62	71	199	162	154	236	203	199	63	41	63	292	316	264	292	38	88	52	78	38	232	334	232	196	229	200	203	249	196	167	208	192	129	208	247	257	216	244	206	247	43	93	33	46	43	225	236	225	132	209	166	197	167	79	167	76	75	42	76	258	293	252	311	258	215	163	89	120	163	133	67	161	162	133	162	165	168	162	170	249	170	233	156	132	247	156	221	264	200	235	221	158	227	153	181	158	158	124	77	151	124	317	316	277	326	316	186	180	200	186	313	367	245	300	313	53	6	91	67	80	53	191	196	191	191	186	238	233	145	191	162	118	166	162	55	37	42	82	55	294	337	335	336	294	54	191	197	187	200	191	241	255	241	175	189	146	175	316	20	233	286	290	242	273	295	286	145	149	145	254	262	254	164	182	146	186	181	164	94	43	95	117	96	94	181	259	181	171	169	182	200	171	234	245	230	234	166	183	282	166	227	273	227	
118	156	176	156	207	207	207	128	136	180	147	86	128	87	136	12	43	87	18	16	55	62	0	18	149	119	96	191	151	149	2	61	2	237	258	209	237	76	104	10	130	76	194	295	194	134	171	138	141	188	134	119	204	180	155	204	231	239	206	229	195	231	20	86	38	23	20	195	177	195	84	150	117	142	115	77	115	19	13	21	19	197	235	191	252	197	189	111	52	99	111	74	23	100	102	74	109	112	114	109	118	213	118	187	107	89	187	107	187	237	162	201	187	97	166	96	123	97	97	88	102	133	88	264	263	234	268	263	164	162	197	164	273	331	212	250	273	40	59	33	104	72	40	130	135	130	138	132	187	173	99	138	110	57	110	110	22	37	20	36	22	233	278	276	282	233	49	177	185	176	190	177	202	205	202	156	162	132	156	269	43	180	225	229	181	215	236	225	103	107	103	212	218	212	117	128	101	142	147	117	36	46	37	57	54	36	137	198	137	118	111	131	150	118	180	192	169	180	118	140	229	118	165	214	165	
126	157	175	157	224	224	224	131	143	184	157	94	131	91	146	14	36	91	0	17	66	71	18	0	155	129	97	198	155	155	17	60	17	239	258	210	239	91	122	23	144	91	204	305	204	130	171	133	136	184	130	127	221	196	173	221	246	254	222	245	211	246	34	73	53	40	34	207	177	207	93	150	125	127	120	95	120	31	20	30	31	194	235	187	251	194	203	116	67	115	116	76	39	91	101	76	114	117	117	114	124	223	124	195	114	100	185	114	198	250	172	212	198	88	157	98	110	91	88	101	119	149	101	265	265	241	268	265	179	177	213	179	281	341	223	254	281	34	69	20	102	60	34	123	126	123	142	135	191	171	108	142	94	51	95	94	40	53	35	18	40	231	277	276	283	231	67	193	201	192	206	193	212	210	212	171	176	148	171	275	55	183	221	223	176	216	234	221	85	89	85	221	225	221	126	131	110	151	159	126	43	63	43	58	36	43	146	192	146	123	112	136	155	123	182	195	160	182	126	149	232	126	161	213	161	
34	42	63	42	198	171	198	28	16	33	41	64	28	65	42	143	128	65	155	139	96	199	149	155	0	44	67	46	16	0	148	210	148	99	128	74	99	186	166	158	233	186	66	155	66	84	59	92	93	97	84	33	163	133	203	163	151	151	149	153	144	151	160	225	166	153	160	89	67	89	67	56	34	173	35	142	35	130	138	169	130	99	108	101	130	99	98	39	111	104	39	81	133	117	72	81	42	39	40	42	31	87	31	41	43	68	82	43	73	128	49	80	73	115	141	61	151	101	115	82	180	105	82	122	119	88	137	119	100	107	161	100	130	193	91	101	130	188	193	145	253	214	188	101	125	101	22	28	40	78	55	22	173	117	158	173	144	162	161	165	144	123	151	147	141	123	150	126	135	131	142	126	70	56	70	102	84	113	102	120	180	40	127	144	104	87	120	127	197	199	197	71	72	71	37	31	55	28	63	37	114	159	113	98	175	114	29	125	29	33	53	19	2	33	46	48	132	46	34	30	85	34	97	99	97	
16	78	102	78	162	141	162	46	28	76	28	37	46	52	17	116	110	52	129	113	64	162	119	129	44	0	65	74	56	44	119	179	119	142	172	118	142	146	122	127	191	146	75	176	75	102	98	111	113	133	102	17	133	103	160	133	134	138	123	135	116	134	128	202	130	119	128	82	105	82	36	87	17	180	33	99	33	100	110	136	100	137	151	137	174	137	83	35	74	61	35	68	101	119	77	68	39	40	44	39	31	94	31	71	24	31	121	24	70	126	43	83	70	117	161	57	156	103	117	40	136	65	40	165	162	115	181	162	72	76	130	72	154	212	94	140	154	159	157	124	220	189	159	116	139	116	51	51	83	113	21	51	171	103	158	171	110	126	128	143	110	165	195	191	184	165	110	96	105	99	112	96	83	96	83	70	59	73	70	154	144	84	165	181	136	130	163	165	187	190	187	93	100	93	12	50	19	24	37	12	87	121	87	80	156	87	19	157	19	37	60	37	46	37	89	91	154	89	16	21	128	16	125	141	125	
52	61	80	61	219	202	219	39	61	91	88	39	39	19	80	87	65	19	97	83	58	154	96	97	67	65	0	113	62	67	95	156	95	142	162	114	142	154	152	106	207	154	129	222	129	48	75	55	58	96	48	52	196	166	200	196	199	203	188	200	180	199	112	162	124	108	112	143	82	143	46	55	50	115	36	122	36	79	83	117	79	104	139	100	157	104	148	32	78	103	32	22	88	54	13	22	28	29	27	28	39	150	39	108	41	56	93	41	130	186	102	141	130	52	101	9	91	38	52	73	161	123	73	169	169	155	172	169	137	139	192	137	197	260	152	161	197	131	150	83	198	152	131	55	75	55	49	42	97	79	51	49	109	51	94	109	100	121	113	103	100	140	183	181	187	140	115	160	169	162	176	160	135	117	135	133	124	128	133	183	135	87	134	142	93	120	141	134	130	132	130	138	139	138	55	38	53	76	102	55	61	122	60	39	110	61	71	112	71	35	16	48	67	35	86	101	97	86	52	75	137	52	78	119	78	
73	75	87	75	195	163	195	74	55	37	51	105	74	110	61	185	173	110	198	182	136	236	191	198	46	74	113	0	55	46	190	251	190	88	122	75	88	218	189	199	260	218	33	109	33	124	86	132	132	122	124	72	154	127	217	154	127	124	135	131	134	127	200	270	203	193	200	64	91	64	107	92	74	216	80	170	80	172	180	209	172	121	107	126	130	121	80	84	147	128	84	127	173	162	118	127	88	85	86	88	76	49	76	5	84	104	105	84	50	94	44	49	50	161	178	107	194	147	161	113	204	115	113	103	99	43	129	99	96	105	155	96	84	147	55	69	84	230	230	190	293	258	230	143	166	143	67	73	38	106	93	67	219	163	203	219	184	199	201	210	184	133	145	140	122	133	184	120	127	126	134	120	31	33	31	103	79	124	103	81	218	52	142	164	133	90	127	142	243	245	243	26	27	26	74	76	91	50	68	74	156	194	156	143	220	156	55	151	55	79	99	65	47	79	61	45	167	61	73	53	69	73	130	109	130	
43	26	48	26	213	187	213	24	29	30	57	68	24	65	57	144	125	65	155	140	100	203	151	155	16	56	62	55	0	16	150	212	150	90	118	64	90	194	176	160	243	194	79	162	79	70	44	79	79	82	70	42	179	149	216	179	167	166	165	169	160	167	164	223	171	157	164	104	52	104	73	41	42	162	37	151	37	132	139	171	132	84	96	86	118	84	114	40	117	116	40	79	137	108	65	79	42	39	38	42	34	100	34	50	49	76	67	49	88	142	65	94	88	106	127	58	140	93	106	91	190	119	91	115	113	95	127	113	116	122	177	116	137	200	104	100	137	189	198	143	255	212	189	89	112	89	13	20	36	62	63	13	164	113	149	164	148	167	165	163	148	110	140	137	134	110	156	142	151	146	158	142	82	56	82	118	100	127	118	122	184	30	112	129	89	75	107	112	190	192	190	81	80	81	47	24	63	44	79	47	115	165	114	97	172	115	44	109	44	33	46	22	14	33	34	42	117	34	43	46	79	43	82	85	82	
34	42	63	42	198	171	198	28	16	33	41	64	28	65	42	143	128	65	155	139	96	199	149	155	0	44	67	46	16	0	148	210	148	99	128	74	99	186	166	158	233	186	66	155	66	84	59	92	93	97	84	33	163	133	203	163	151	151	149	153	144	151	160	225	166	153	160	89	67	89	67	56	34	173	35	142	35	130	138	169	130	99	108	101	130	99	98	39	111	104	39	81	133	117	72	81	42	39	40	42	31	87	31	41	43	68	82	43	73	128	49	80	73	115	141	61	151	101	115	82	180	105	82	122	119	88	137	119	100	107	161	100	130	193	91	101	130	188	193	145	253	214	188	101	125	101	22	28	40	78	55	22	173	117	158	173	144	162	161	165	144	123	151	147	141	123	150	126	135	131	142	126	70	56	70	102	84	113	102	120	180	40	127	144	104	87	120	127	197	199	197	71	72	71	37	31	55	28	63	37	114	159	113	98	175	114	29	125	29	33	53	19	2	33	46	48	132	46	34	30	85	34	97	99	97	
117	155	174	155	207	207	207	126	135	179	146	86	126	85	135	11	42	85	17	14	55	63	2	17	148	119	95	190	150	148	0	63	0	236	257	208	236	77	105	12	131	77	193	294	193	133	170	137	140	187	133	118	205	181	156	205	231	239	206	229	196	231	22	86	39	24	22	194	176	194	84	149	117	140	114	78	114	19	12	23	19	196	234	190	251	196	189	110	52	99	110	73	23	98	101	73	108	111	112	108	117	212	117	187	106	88	186	106	186	237	161	200	186	95	165	95	122	95	95	87	103	134	87	263	262	233	267	262	164	162	197	164	272	330	211	249	272	41	60	32	105	72	41	128	134	128	137	131	186	172	98	137	108	56	108	108	23	38	22	35	23	232	277	275	281	232	50	177	186	176	190	177	201	204	201	156	162	132	156	268	45	178	224	227	180	214	235	224	102	106	102	211	217	211	117	127	100	141	147	117	35	47	36	56	53	35	136	196	136	117	110	130	149	117	179	191	167	179	118	139	228	118	164	213	164	
179	216	235	216	236	244	236	189	197	241	206	147	189	148	195	69	96	148	60	73	115	41	61	60	210	179	156	251	212	210	63	0	63	297	318	269	297	78	127	52	116	78	252	354	252	190	231	192	195	244	190	180	244	224	169	244	278	288	249	276	239	278	52	53	57	61	52	250	237	250	145	210	178	173	176	111	176	80	74	43	80	254	295	247	311	254	243	172	107	147	172	134	79	148	161	134	170	173	175	170	179	270	179	248	168	148	245	168	243	291	220	257	243	146	213	156	161	150	146	143	117	181	143	324	324	294	328	324	215	210	235	215	333	389	268	311	333	27	45	78	43	41	27	182	183	182	199	193	248	231	159	199	136	111	143	136	69	61	51	62	69	291	337	336	342	291	82	223	229	220	233	223	261	266	261	205	216	177	205	330	44	241	281	281	235	275	294	281	113	117	113	272	278	272	178	189	161	202	203	178	97	72	98	117	70	97	197	250	197	179	171	192	211	179	240	253	217	240	179	200	290	179	220	273	220	
117	155	174	155	207	207	207	126	135	179	146	86	126	85	135	11	42	85	17	14	55	63	2	17	148	119	95	190	150	148	0	63	0	236	257	208	236	77	105	12	131	77	193	294	193	133	170	137	140	187	133	118	205	181	156	205	231	239	206	229	196	231	22	86	39	24	22	194	176	194	84	149	117	140	114	78	114	19	12	23	19	196	234	190	251	196	189	110	52	99	110	73	23	98	101	73	108	111	112	108	117	212	117	187	106	88	186	106	186	237	161	200	186	95	165	95	122	95	95	87	103	134	87	263	262	233	267	262	164	162	197	164	272	330	211	249	272	41	60	32	105	72	41	128	134	128	137	131	186	172	98	137	108	56	108	108	23	38	22	35	23	232	277	275	281	232	50	177	186	176	190	177	201	204	201	156	162	132	156	268	45	178	224	227	180	214	235	224	102	106	102	211	217	211	117	127	100	141	147	117	35	47	36	56	53	35	136	196	136	117	110	130	149	117	179	191	167	179	118	139	228	118	164	213	164	
132	82	66	82	283	251	283	111	115	66	131	158	111	151	136	228	206	151	239	224	189	292	237	239	99	142	142	88	90	99	236	297	236	0	34	29	0	284	264	247	332	284	119	139	119	120	70	124	122	81	120	131	242	215	299	242	211	205	223	215	222	211	252	302	260	246	252	151	67	151	163	91	132	205	127	240	127	219	224	258	219	72	26	82	45	72	168	130	207	203	130	163	226	170	139	163	130	127	125	130	124	128	124	86	139	166	66	139	138	171	130	133	138	170	150	142	190	159	170	180	278	199	180	27	29	89	41	29	183	192	243	183	116	173	137	48	116	273	287	224	340	293	273	138	155	138	101	106	60	79	153	101	223	191	205	223	237	256	253	244	237	59	57	52	45	59	246	208	215	214	222	208	114	55	114	189	166	207	189	76	273	60	75	99	96	28	50	75	254	255	254	97	85	97	135	110	153	122	152	135	202	255	201	181	249	202	125	103	125	122	127	112	97	122	58	51	138	58	132	125	20	132	104	47	104	
161	103	83	103	316	285	316	136	144	98	163	182	136	174	168	249	223	174	258	245	213	316	258	258	128	172	162	122	118	128	257	318	257	34	0	54	34	309	294	268	360	309	153	165	153	132	87	133	131	82	132	160	276	248	331	276	245	239	257	249	256	245	274	316	284	270	274	185	81	185	188	108	160	207	152	268	152	241	245	279	241	72	23	82	17	72	202	155	231	232	155	184	249	181	157	184	154	151	149	154	150	162	150	119	165	193	74	165	172	205	163	167	172	182	149	163	195	173	182	209	307	231	209	36	42	122	10	42	217	226	276	217	144	196	171	76	144	292	311	241	359	309	292	147	160	147	126	131	92	89	180	126	230	208	212	230	261	280	275	261	261	43	23	19	39	43	271	241	249	247	255	241	148	89	148	223	200	239	223	101	296	88	61	82	97	43	34	61	263	263	263	131	119	131	164	134	181	154	185	164	223	279	222	201	264	223	156	97	156	147	148	139	126	147	84	83	136	84	160	157	54	160	109	47	109	
107	53	39	53	266	236	266	84	90	45	110	130	84	123	115	200	177	123	210	196	161	264	209	210	74	118	114	75	64	74	208	269	208	29	54	0	29	256	240	219	306	256	108	149	108	93	42	98	96	61	93	106	227	199	277	227	202	198	209	206	207	202	224	274	232	218	224	139	40	139	135	63	106	181	99	215	99	191	196	229	191	55	34	63	57	55	154	102	179	178	102	135	198	142	111	135	102	99	97	102	97	122	97	71	112	139	44	112	124	166	112	124	124	142	129	113	164	131	142	155	253	178	155	56	57	90	63	57	166	175	227	166	125	186	129	62	125	244	259	195	312	264	244	111	130	111	73	78	40	54	126	73	196	163	179	196	209	228	225	215	209	58	77	73	73	58	219	192	199	197	206	192	105	45	105	171	149	186	171	91	245	34	69	92	76	15	52	69	227	228	227	92	82	92	110	82	127	101	132	110	173	227	172	152	221	173	102	87	102	94	98	85	72	94	30	31	117	30	106	103	29	106	81	36	81	
132	82	66	82	283	251	283	111	115	66	131	158	111	151	136	228	206	151	239	224	189	292	237	239	99	142	142	88	90	99	236	297	236	0	34	29	0	284	264	247	332	284	119	139	119	120	70	124	122	81	120	131	242	215	299	242	211	205	223	215	222	211	252	302	260	246	252	151	67	151	163	91	132	205	127	240	127	219	224	258	219	72	26	82	45	72	168	130	207	203	130	163	226	170	139	163	130	127	125	130	124	128	124	86	139	166	66	139	138	171	130	133	138	170	150	142	190	159	170	180	278	199	180	27	29	89	41	29	183	192	243	183	116	173	137	48	116	273	287	224	340	293	273	138	155	138	101	106	60	79	153	101	223	191	205	223	237	256	253	244	237	59	57	52	45	59	246	208	215	214	222	208	114	55	114	189	166	207	189	76	273	60	75	99	96	28	50	75	254	255	254	97	85	97	135	110	153	122	152	135	202	255	201	181	249	202	125	103	125	122	127	112	97	122	58	51	138	58	132	125	20	132	104	47	104	
152	207	230	207	159	172	159	173	171	219	168	127	173	138	158	87	118	138	91	90	97	38	76	91	186	146	154	218	194	186	77	78	77	284	309	256	284	0	51	69	55	0	210	309	210	199	225	205	208	250	199	153	172	158	91	172	213	225	181	210	171	213	57	130	38	53	57	198	233	198	121	207	153	217	157	50	157	82	86	63	82	258	287	253	308	258	187	155	78	93	155	133	69	173	164	133	155	158	162	155	160	224	160	216	145	119	245	145	196	234	179	210	196	170	240	150	199	167	170	106	39	122	106	308	305	257	319	305	157	150	164	157	291	341	220	285	291	85	34	109	103	116	85	199	209	199	183	179	226	232	132	183	185	130	185	185	59	39	57	107	59	292	331	328	327	292	39	158	163	154	165	158	219	241	219	146	162	115	146	299	40	224	288	294	246	266	293	288	173	177	173	234	243	234	150	175	132	169	157	150	97	33	98	120	123	97	165	264	165	162	166	172	188	162	226	234	240	226	153	166	271	153	230	270	230	
133	195	219	195	109	121	109	160	150	198	138	117	160	133	130	113	137	133	122	114	96	88	104	122	166	122	152	189	176	166	105	127	105	264	294	240	264	51	0	101	72	51	174	270	174	200	214	207	210	245	200	134	122	109	52	122	164	176	132	161	122	164	90	175	74	82	90	158	222	158	110	199	134	239	144	31	144	100	109	100	100	251	272	249	294	251	144	143	76	62	143	135	87	185	164	135	144	147	151	144	145	186	145	188	130	103	236	130	158	190	146	172	158	182	249	146	217	175	182	86	17	80	86	287	284	223	303	284	113	105	113	113	253	299	180	258	253	127	83	135	154	160	127	204	218	204	169	166	205	226	115	169	211	145	207	211	82	72	90	139	82	283	316	313	306	283	55	110	114	105	116	110	183	216	183	102	122	72	102	267	83	206	281	292	244	251	282	281	206	210	206	200	211	200	130	163	114	143	122	130	108	60	110	127	157	108	140	263	140	149	160	155	168	149	210	213	247	210	134	140	250	134	229	259	229	
