NAME:	instance_29-triangle
TYPE:	VRPRDL
DIMENSION:	238
CAPACITY:	750
TIME_HORIZON:	720
NUM_CUSTOMERS:	61
NODE_COORD_SECTION
1	0.0	0.0
2	84.7163944282	-134.986503881
3	18.793527823	-164.024964935
4	45.2674988346	-103.920876486
5	84.7163944282	-134.986503881
6	-60.672882366	-23.9000356775
7	-18.044136773	55.2210785717
8	-4.10952256497	-9.01131608388
9	-60.672882366	-23.9000356775
10	-17.5824685659	-69.8061149379
11	-54.9786042197	0.0212404098578
12	-17.5824685659	-69.8061149379
13	167.098690334	38.6411867634
14	141.185423467	7.08505455304
15	153.765709542	18.3601103631
16	167.098690334	38.6411867634
17	79.6087172576	-33.4786424847
18	106.51894441	-9.88341573438
19	128.862959663	-22.2895521716
20	83.7311251362	-89.7052871378
21	79.6087172576	-33.4786424847
22	-120.868912904	-129.648419902
23	-115.252170614	-49.2442760238
24	-122.989927318	-132.553229456
25	-112.228766799	-137.398925653
26	-120.868912904	-129.648419902
27	2.5331266903	-23.3100279906
28	10.0724412352	-25.3620640582
29	33.8394671884	-7.04531507295
30	-17.7875087858	-16.3191250343
31	14.1802519714	-86.2346164574
32	2.5331266903	-23.3100279906
33	90.241468684	124.356761146
34	30.2690363474	16.5923686952
35	-11.7241476734	6.99063813578
36	-40.4571095098	52.9076022682
37	-33.9895759854	-61.1388480598
38	-76.3246104915	38.1720472738
39	-53.0863169131	6.87158928722
40	-11.7241476734	6.99063813578
41	73.5384489758	-4.30977386807
42	58.5128849243	54.823942711
43	62.8062981958	56.147680368
44	66.4517013468	71.4810018468
45	63.2818690307	74.3858147505
46	58.5128849243	54.823942711
47	18.3523522074	-149.845751412
48	-35.9710629982	-130.441715116
49	0.544955710097	-162.696086372
50	35.167067825	-147.698983433
51	18.3523522074	-149.845751412
52	151.919058235	81.9785323275
53	44.803107243	132.660121762
54	153.745697205	83.4497520556
55	151.919058235	81.9785323275
56	3.08152702028	-46.0581120044
57	45.3598280428	-35.1322890807
58	27.2021033768	-72.5387971294
59	-8.15744089917	-47.0173447269
60	3.08152702028	-46.0581120044
61	69.9382782032	10.3917890349
62	85.7658421308	-36.252840319
63	115.864456336	36.172894942
64	51.4545863552	40.304243548
65	69.8431559432	11.0907216872
66	69.9382782032	10.3917890349
67	-14.7297518018	2.60547392112
68	33.898206455	50.8649086351
69	-32.7340205551	38.6296888781
70	5.20144153754	-3.00265329866
71	-14.7297518018	2.60547392112
72	-68.9296402999	-14.8841414582
73	6.85519018191	-58.7407073145
74	-15.283579331	-58.4278516986
75	-102.271586942	15.839880134
76	-68.9296402999	-14.8841414582
77	-58.3688365719	120.82134475
78	-57.6460055037	127.785899128
79	-95.161575336	129.021190358
80	-15.2304697422	160.061314516
81	-58.3688365719	120.82134475
82	41.1932300008	-76.3347711276
83	53.9077783137	-21.3027128801
84	39.3294820836	-7.43934478005
85	32.0827113814	-63.3709557487
86	41.1932300008	-76.3347711276
87	-85.9835055098	37.2742718093
88	-96.0152079757	44.1678766098
89	-76.5756243138	81.216034528
90	-85.9835055098	37.2742718093
91	3.48104464441	14.7807912848
92	44.3695585159	60.9786119238
93	-63.9448001652	-91.820755088
94	-14.8780172799	-121.259727306
95	-51.5388244382	-113.360936085
96	-44.43056083	-124.722060986
97	-14.8070235991	-42.0557493467
98	-63.9448001652	-91.820755088
99	88.5175474826	-138.715407268
100	134.764164235	-109.456003495
101	120.071806469	-117.265596819
102	41.9069832417	-126.617102437
103	74.0230644575	-140.69049122
104	88.5175474826	-138.715407268
105	-77.3869425351	21.764052189
106	-76.6079315537	21.5175647585
107	-66.0052576308	41.5807308669
108	-77.3869425351	21.764052189
109	1.59400820505	4.02802676321
110	17.4555210569	-6.68516285698
111	31.0818202825	-28.4369802858
112	-1.26935574307	9.60525876815
113	-10.3230905706	-4.65823053166
114	1.59400820505	4.02802676321
115	-35.3611864955	-11.773747277
116	-104.452717525	-49.4110304818
117	-95.0672944399	-13.1140034112
118	-29.6887380913	-12.5534519451
119	-35.3611864955	-11.773747277
120	-45.7274270636	-102.899426654
121	-2.82397987624	-145.729346167
122	-67.3888728619	-126.86342085
123	-45.7274270636	-102.899426654
124	27.9262565773	-158.153024551
125	60.0582049158	-190.675753847
126	33.8691114447	-96.3693041551
127	41.5052049635	-152.381563218
128	27.9262565773	-158.153024551
129	-124.164001155	122.244443999
130	-26.6683852405	6.16492304347
131	-17.1984384854	37.0038514555
132	-71.0843400504	57.1033261643
133	-16.4438636176	-11.4653517207
134	-26.6683852405	6.16492304347
135	-63.026627376	10.1427873458
136	-109.273907401	-35.5781024776
137	-59.2209028825	20.3204346838
138	-78.0470560367	-7.22256261061
139	-63.026627376	10.1427873458
140	-77.4702528739	120.388900544
141	-100.835122319	52.290900144
142	-77.4702528739	120.388900544
143	-78.0768638485	-128.337052834
144	-103.14828272	-132.134062711
145	-78.0768638485	-128.337052834
146	103.4541877	8.10426365018
147	107.032729575	7.08224164063
148	88.3470554977	-11.4962432141
149	133.810826954	3.71581948954
150	103.4541877	8.10426365018
151	76.5237543912	98.9964889388
152	-77.2129034495	91.0237664728
153	-69.4794274658	70.0563793536
154	-77.2129034495	91.0237664728
155	24.4515483882	-153.659408092
156	25.8665414039	-165.803194436
157	24.4515483882	-153.659408092
158	2.93574108394	75.6291943439
159	6.79807117498	135.786798845
160	36.1782281975	106.128072896
161	31.4275673173	149.353948742
162	6.79807117498	135.786798845
163	133.053275268	37.1593744151
164	128.46889266	32.7181911833
165	133.648005073	37.4962957707
166	74.4976238211	6.22635645752
167	113.224664198	21.9433366001
168	133.053275268	37.1593744151
169	-33.4943069047	-11.6312275111
170	-7.18533735953	-54.0307540826
171	9.75952844571	-6.95563066742
172	36.0013296042	44.3443079865
173	-33.4943069047	-11.6312275111
174	14.3522692208	39.9358268815
175	138.495657856	-76.7728173064
176	43.488254837	-37.9114093779
177	51.2273249807	-6.17268779296
178	94.8660489361	-22.2140834273
179	87.3097499306	-40.3470462634
180	19.1805181804	-43.6594714964
181	43.488254837	-37.9114093779
182	32.5335467414	104.503633567
183	-4.68119913657	85.323904677
184	74.937192397	134.679203392
185	42.3630028717	25.5993776992
186	32.5335467414	104.503633567
187	114.908186018	43.8949468921
188	113.188927802	20.1396593626
189	135.027136615	85.8132124306
190	138.136980651	121.281027204
191	114.908186018	43.8949468921
192	-23.8069335697	-107.667460866
193	0.8488944631	-139.63360436
194	-38.6930850686	-74.6785661625
195	-38.2787513936	-166.238807777
196	-24.1823290146	-107.935485215
197	-23.8069335697	-107.667460866
198	-143.308547078	-15.8563932597
199	-147.975950883	-39.269153349
200	-137.723810854	36.9456087902
201	-143.308547078	-15.8563932597
202	120.154562755	20.4698199352
203	126.051767825	57.9921643312
204	138.190047524	59.4369057811
205	94.6895649496	-20.9377456001
206	138.248211238	40.6062936336
207	120.154562755	20.4698199352
208	-56.0963608828	-82.9826722477
209	-121.74392084	-65.0721522766
210	-98.4710587385	-149.371541619
211	-40.170220663	-85.8191438759
212	-56.0963608828	-82.9826722477
213	-50.5520517269	42.284361505
214	-53.7660127628	96.6045779587
215	-50.5520517269	42.284361505
216	-7.16817830117	2.32634748995
217	48.2877515365	167.831240811
218	-7.16817830117	2.32634748995
219	79.9518758755	16.2726666516
220	-11.3711959352	-31.5713783286
221	-9.8390691618	5.84802424112
222	-55.2511074212	-101.611375425
223	-22.3342642434	-49.2724686105
224	-11.3711959352	-31.5713783286
225	72.7284841139	33.4250505215
226	-101.31692548	-114.98058659
227	-51.6506391574	-65.1983588641
228	-112.383682032	-106.899010041
229	-99.8576087736	-116.320665101
230	-143.490491691	-101.161277549
231	-101.31692548	-114.98058659
232	-8.39832538792	-87.1009444443
233	9.07095352572	9.48582822963
234	21.1293618377	-33.8458605261
235	1.09920003562	-22.4571807622
236	44.1434807916	63.2649948133
237	5.89277062707	-54.1886537209
238	9.07095352572	9.48582822963
EDGE_WEIGHT_SECTION
0	159	164	113	159	65	58	10	65	72	55	72	171	141	155	171	86	107	131	123	86	177	125	181	177	177	23	27	35	24	87	23	153	35	13	67	70	85	53	13	74	80	84	97	98	80	150	135	162	152	150	172	140	174	172	46	57	77	48	46	71	93	121	65	71	71	15	61	51	6	15	70	59	60	103	70	134	140	160	160	134	86	58	40	71	86	93	105	112	93	15	75	112	122	124	132	45	112	164	173	168	133	158	164	80	79	77	80	4	19	42	10	11	4	37	115	96	32	37	113	145	144	113	160	200	102	158	160	174	27	41	90	20	27	63	114	62	78	63	143	113	143	150	167	150	104	107	89	134	104	125	119	99	119	155	167	155	76	136	112	152	136	138	133	139	75	115	138	35	55	12	57	35	42	158	58	52	97	96	47	58	109	85	154	49	109	123	115	160	184	123	110	139	84	170	110	110	144	153	142	144	122	139	150	97	144	122	100	138	179	95	100	65	111	65	8	174	8	82	34	11	116	54	34	80	153	83	155	153	175	153	87	13	40	22	77	54	13	
159	0	72	50	0	183	216	154	183	121	194	121	192	153	168	192	101	127	121	45	101	206	218	208	197	206	138	132	137	157	86	138	259	161	171	225	140	236	197	171	131	192	192	207	210	192	68	121	89	51	68	227	271	229	227	121	107	85	128	121	146	98	173	178	147	146	169	193	209	154	169	195	109	126	240	195	293	298	319	311	293	73	118	135	89	73	242	254	269	242	170	200	155	101	138	130	136	155	5	56	40	44	12	5	225	224	232	225	162	145	119	168	161	162	172	207	217	167	172	134	88	152	134	61	61	64	47	61	331	179	200	247	160	179	207	218	211	207	207	302	263	302	163	188	163	144	144	123	147	144	234	277	256	277	63	66	63	225	282	246	289	282	179	173	179	141	159	179	171	122	148	186	171	188	79	105	133	113	94	112	105	245	237	269	166	245	181	158	226	261	181	112	84	137	127	112	112	257	251	281	257	159	197	201	114	184	159	150	218	184	134	150	222	269	222	165	305	165	151	141	169	144	137	141	168	187	153	199	186	231	187	105	163	119	140	202	113	163	
164	72	0	66	72	161	222	156	161	101	180	101	251	210	227	251	144	177	179	99	144	144	176	145	134	144	141	139	158	152	78	141	296	181	174	225	116	223	185	174	169	222	224	240	242	222	14	64	18	23	14	279	297	281	279	119	131	92	120	119	181	144	222	207	182	181	170	215	209	161	170	173	106	111	216	173	295	301	314	324	295	90	146	158	102	90	227	238	263	227	179	226	109	54	86	74	127	109	74	128	112	44	60	74	209	209	222	209	168	157	136	174	162	168	162	168	188	159	162	89	28	94	89	11	49	69	26	11	320	176	204	238	157	176	192	181	200	184	192	300	247	300	103	126	103	192	192	168	203	192	268	272	250	272	12	7	12	239	299	270	313	299	231	225	232	179	208	231	161	113	157	209	161	204	148	128	161	161	141	120	128	269	249	303	191	269	229	206	275	309	229	70	30	106	57	70	70	219	208	254	219	210	246	253	162	237	210	110	171	118	97	110	218	270	218	168	332	168	190	136	172	97	122	136	204	130	121	143	128	174	130	82	173	130	142	228	110	173	
113	50	66	0	50	133	171	106	133	72	144	72	187	147	163	187	78	112	117	41	78	168	169	171	161	168	91	86	98	108	36	91	233	121	124	177	90	186	147	124	104	159	161	177	179	159	53	85	74	45	53	214	236	216	214	72	69	36	78	72	117	79	157	144	118	117	121	155	161	109	121	145	59	76	190	145	247	253	271	270	247	28	83	97	43	28	192	204	221	192	126	165	110	63	97	92	86	110	55	90	76	23	47	55	175	174	182	175	116	101	77	122	113	116	122	159	167	117	122	91	64	115	91	57	88	14	49	57	281	131	154	198	111	131	157	169	161	157	157	254	213	254	126	151	126	126	127	102	139	126	205	229	208	229	54	65	54	184	242	210	253	242	166	160	167	114	143	166	121	72	103	149	121	147	97	66	98	96	76	66	66	209	196	240	130	209	163	141	209	243	163	69	57	89	104	69	69	208	203	231	208	145	181	188	97	172	145	103	171	150	87	103	174	223	174	118	271	118	125	91	122	101	87	91	140	146	104	157	145	189	146	56	119	74	92	167	63	119	
159	0	72	50	0	183	216	154	183	121	194	121	192	153	168	192	101	127	121	45	101	206	218	208	197	206	138	132	137	157	86	138	259	161	171	225	140	236	197	171	131	192	192	207	210	192	68	121	89	51	68	227	271	229	227	121	107	85	128	121	146	98	173	178	147	146	169	193	209	154	169	195	109	126	240	195	293	298	319	311	293	73	118	135	89	73	242	254	269	242	170	200	155	101	138	130	136	155	5	56	40	44	12	5	225	224	232	225	162	145	119	168	161	162	172	207	217	167	172	134	88	152	134	61	61	64	47	61	331	179	200	247	160	179	207	218	211	207	207	302	263	302	163	188	163	144	144	123	147	144	234	277	256	277	63	66	63	225	282	246	289	282	179	173	179	141	159	179	171	122	148	186	171	188	79	105	133	113	94	112	105	245	237	269	166	245	181	158	226	261	181	112	84	137	127	112	112	257	251	281	257	159	197	201	114	184	159	150	218	184	134	150	222	269	222	165	305	165	151	141	169	144	137	141	168	187	153	199	186	231	187	105	163	119	140	202	113	163	
65	183	161	133	183	0	90	58	0	63	25	63	235	204	218	235	140	168	189	158	140	122	60	125	124	122	63	71	96	44	97	63	211	99	58	79	46	64	32	58	135	143	147	159	158	143	149	109	151	157	149	237	189	239	237	67	106	100	57	67	135	146	186	129	135	135	53	120	68	69	53	12	76	57	57	12	145	151	157	189	145	114	114	101	100	114	66	77	106	66	75	135	68	107	90	102	49	68	188	213	203	145	178	188	49	48	66	49	68	80	92	68	54	68	28	51	36	33	28	80	134	103	80	161	206	119	164	161	159	45	75	82	46	45	34	50	44	24	34	145	86	145	106	116	106	167	170	150	196	167	184	116	94	116	155	166	155	118	173	162	196	173	203	197	203	138	179	203	30	61	72	118	30	98	206	105	113	155	148	82	105	159	122	209	114	159	188	179	224	246	188	91	131	55	144	91	91	83	89	98	83	186	203	215	155	209	186	59	74	131	65	59	67	120	67	60	220	60	146	50	59	78	46	50	145	100	42	98	100	113	100	82	77	82	62	136	73	77	
58	216	222	171	216	90	0	66	90	124	66	124	185	166	175	185	132	140	165	177	132	211	142	215	214	211	81	85	81	71	144	81	128	62	49	23	117	61	60	49	109	77	81	86	84	77	208	186	217	209	208	172	100	174	172	103	110	135	102	103	98	138	135	71	98	98	52	52	22	63	52	86	116	113	93	86	77	83	107	105	77	144	105	85	128	144	70	79	64	70	46	63	154	176	172	181	97	154	221	225	221	191	216	221	68	68	50	68	55	71	97	49	60	55	69	136	103	69	69	160	200	188	160	217	258	160	216	217	125	50	18	53	66	50	64	128	54	86	64	88	83	88	193	206	193	130	134	125	160	130	104	69	54	69	212	224	212	29	84	74	106	84	152	148	153	104	135	152	69	109	68	55	69	36	205	112	93	137	142	105	112	70	33	122	67	70	133	136	156	170	133	162	195	131	222	162	162	144	161	121	144	142	144	156	136	157	142	143	158	220	142	143	35	55	35	54	131	54	105	86	50	161	104	86	93	189	125	187	190	200	189	142	53	97	80	63	112	53	
10	154	156	106	154	58	66	0	58	62	52	62	177	146	160	177	87	110	134	119	87	168	118	171	168	168	16	22	38	16	79	16	163	43	18	72	60	86	51	18	77	89	93	107	107	89	142	125	154	144	142	181	150	183	181	38	56	70	38	38	77	94	128	74	77	77	16	71	56	11	16	65	51	51	101	65	141	147	165	169	141	81	59	43	65	81	94	106	116	94	25	85	102	113	114	123	35	102	159	171	164	126	153	159	79	79	80	79	14	22	40	19	8	14	31	108	91	26	31	103	137	134	103	152	192	95	150	152	178	27	48	94	13	27	61	108	62	74	61	149	114	149	140	158	140	109	112	92	138	109	135	124	103	124	147	159	147	85	145	122	162	145	145	139	145	80	121	145	30	45	14	67	30	52	158	56	55	100	97	42	56	119	94	164	58	119	130	121	168	193	130	100	131	74	160	100	100	139	147	140	139	128	146	158	100	151	128	90	130	169	85	90	69	117	69	12	184	12	88	24	16	106	44	24	88	144	74	146	144	167	144	78	23	35	14	87	46	23	
65	183	161	133	183	0	90	58	0	63	25	63	235	204	218	235	140	168	189	158	140	122	60	125	124	122	63	71	96	44	97	63	211	99	58	79	46	64	32	58	135	143	147	159	158	143	149	109	151	157	149	237	189	239	237	67	106	100	57	67	135	146	186	129	135	135	53	120	68	69	53	12	76	57	57	12	145	151	157	189	145	114	114	101	100	114	66	77	106	66	75	135	68	107	90	102	49	68	188	213	203	145	178	188	49	48	66	49	68	80	92	68	54	68	28	51	36	33	28	80	134	103	80	161	206	119	164	161	159	45	75	82	46	45	34	50	44	24	34	145	86	145	106	116	106	167	170	150	196	167	184	116	94	116	155	166	155	118	173	162	196	173	203	197	203	138	179	203	30	61	72	118	30	98	206	105	113	155	148	82	105	159	122	209	114	159	188	179	224	246	188	91	131	55	144	91	91	83	89	98	83	186	203	215	155	209	186	59	74	131	65	59	67	120	67	60	220	60	146	50	59	78	46	50	145	100	42	98	100	113	100	82	77	82	62	136	73	77	
72	121	101	72	121	63	124	62	63	0	79	0	214	176	193	214	104	138	154	103	104	119	100	122	116	119	51	52	81	53	36	51	221	99	77	124	19	123	84	77	112	145	148	163	165	145	88	63	94	94	88	227	212	229	227	31	72	45	25	31	119	109	170	129	119	119	72	131	109	71	72	75	27	12	120	75	194	201	213	229	194	59	86	84	50	59	127	138	162	127	87	145	51	52	55	61	28	51	126	157	146	82	116	126	109	109	121	109	76	72	64	81	66	76	61	89	96	58	61	43	77	75	43	99	144	58	102	99	219	77	106	137	58	77	92	98	99	87	92	199	147	199	84	106	84	144	146	121	168	144	192	171	149	171	94	105	94	147	207	184	224	207	184	178	185	119	159	184	60	19	69	126	60	114	156	69	94	122	109	45	69	181	155	224	112	181	174	158	218	246	174	38	72	22	98	38	38	137	134	161	137	164	192	202	122	190	164	41	104	113	28	41	117	170	117	73	246	73	130	39	76	49	21	39	137	95	34	102	94	130	95	20	84	53	51	147	28	84	
55	194	180	144	194	25	66	52	25	79	0	79	225	195	209	225	139	161	185	165	139	145	78	149	149	145	61	69	89	40	111	61	191	87	44	55	65	44	7	44	128	126	130	141	140	126	167	132	172	173	167	223	166	225	223	74	105	110	66	74	125	145	174	114	125	125	40	102	45	60	40	20	85	71	50	20	121	127	135	165	121	123	111	94	108	123	48	60	84	48	60	117	92	128	113	125	58	92	199	218	210	159	191	199	31	30	43	31	56	73	90	55	45	56	23	70	42	28	23	103	155	127	103	178	223	131	180	178	140	29	53	59	40	29	13	65	21	24	13	122	69	122	130	141	130	158	161	143	188	158	165	93	72	93	173	184	173	95	149	140	172	149	191	186	192	129	169	191	24	72	65	101	24	80	207	104	106	151	147	86	104	136	99	187	100	136	174	168	208	228	174	112	150	76	167	112	112	90	101	91	90	175	190	201	151	197	175	83	93	156	87	83	42	96	42	48	197	48	135	54	46	102	59	54	131	124	65	121	125	134	124	99	65	82	60	118	82	65	
72	121	101	72	121	63	124	62	63	0	79	0	214	176	193	214	104	138	154	103	104	119	100	122	116	119	51	52	81	53	36	51	221	99	77	124	19	123	84	77	112	145	148	163	165	145	88	63	94	94	88	227	212	229	227	31	72	45	25	31	119	109	170	129	119	119	72	131	109	71	72	75	27	12	120	75	194	201	213	229	194	59	86	84	50	59	127	138	162	127	87	145	51	52	55	61	28	51	126	157	146	82	116	126	109	109	121	109	76	72	64	81	66	76	61	89	96	58	61	43	77	75	43	99	144	58	102	99	219	77	106	137	58	77	92	98	99	87	92	199	147	199	84	106	84	144	146	121	168	144	192	171	149	171	94	105	94	147	207	184	224	207	184	178	185	119	159	184	60	19	69	126	60	114	156	69	94	122	109	45	69	181	155	224	112	181	174	158	218	246	174	38	72	22	98	38	38	137	134	161	137	164	192	202	122	190	164	41	104	113	28	41	117	170	117	73	246	73	130	39	76	49	21	39	137	95	34	102	94	130	95	20	84	53	51	147	28	84	
171	192	251	187	192	235	185	177	235	214	225	214	0	41	24	0	113	78	72	153	113	332	295	336	329	332	176	169	141	192	197	176	115	138	181	207	224	243	222	181	103	109	106	106	110	109	240	264	261	228	240	46	154	47	46	185	142	178	195	185	101	110	51	115	101	101	185	133	199	167	185	241	187	206	270	241	240	242	277	219	240	170	128	136	169	170	252	262	247	252	165	124	265	242	266	266	199	265	194	152	163	207	202	194	245	244	232	245	169	156	152	170	182	169	208	285	266	203	208	255	250	287	255	241	253	189	228	241	303	196	184	238	190	196	232	285	227	248	232	258	267	258	296	319	296	71	68	93	48	71	109	249	238	249	239	248	239	168	187	147	175	187	34	39	33	98	56	34	206	197	163	131	206	152	119	145	124	94	112	169	145	149	178	133	125	149	52	57	57	88	52	240	243	234	289	240	240	314	324	304	314	50	45	36	94	29	50	253	306	325	241	253	217	228	217	178	175	178	90	191	179	262	209	191	94	308	242	314	308	340	308	216	160	163	177	125	186	160	
141	153	210	147	153	204	166	146	204	176	195	176	41	0	17	41	74	38	32	113	74	295	262	298	290	295	142	135	108	160	157	142	128	111	153	187	188	220	193	153	69	95	92	99	103	95	199	224	220	188	199	76	158	77	76	148	104	139	159	148	71	70	39	95	71	71	155	115	177	136	155	210	149	169	243	210	229	232	265	219	229	130	92	103	130	130	229	240	229	229	137	110	227	202	227	227	164	227	155	117	126	167	162	155	218	217	210	218	139	124	116	142	152	139	177	252	236	171	177	216	210	247	216	200	214	149	188	200	288	167	161	218	158	167	203	253	200	219	203	246	246	246	257	280	257	38	34	56	8	38	112	233	220	233	199	208	199	154	186	144	179	186	31	29	31	67	32	31	175	160	132	111	175	131	84	107	91	55	72	132	107	146	165	144	101	146	45	31	79	114	45	201	203	197	249	201	201	284	292	280	284	25	53	52	54	34	25	216	272	285	203	216	195	214	195	148	186	148	62	157	151	224	173	157	73	271	206	277	270	304	271	176	132	127	143	112	148	132	
155	168	227	163	168	218	175	160	218	193	209	193	24	17	0	24	90	55	48	129	90	311	277	315	307	311	157	150	122	174	174	157	123	124	166	197	203	231	207	166	83	102	98	102	106	102	216	241	237	204	216	64	158	65	64	164	121	155	174	164	84	87	42	104	84	84	169	124	188	150	169	224	166	185	256	224	235	238	272	220	235	147	107	117	146	147	240	251	238	240	150	117	244	219	243	243	179	244	170	129	140	183	178	170	231	230	221	231	153	138	131	155	165	153	191	267	250	185	191	233	227	264	233	217	229	166	204	217	296	181	172	228	172	181	217	267	213	233	217	252	257	252	273	297	273	51	48	72	25	51	112	242	229	242	215	224	215	161	188	146	179	188	28	29	28	80	41	28	189	176	146	120	189	141	96	124	105	72	89	148	124	148	172	140	112	148	46	41	70	104	46	217	220	213	266	217	217	298	306	292	298	34	48	44	71	27	34	232	287	302	220	232	206	221	206	162	183	162	74	172	164	241	188	172	82	287	221	293	287	320	287	193	145	142	158	118	165	145	
171	192	251	187	192	235	185	177	235	214	225	214	0	41	24	0	113	78	72	153	113	332	295	336	329	332	176	169	141	192	197	176	115	138	181	207	224	243	222	181	103	109	106	106	110	109	240	264	261	228	240	46	154	47	46	185	142	178	195	185	101	110	51	115	101	101	185	133	199	167	185	241	187	206	270	241	240	242	277	219	240	170	128	136	169	170	252	262	247	252	165	124	265	242	266	266	199	265	194	152	163	207	202	194	245	244	232	245	169	156	152	170	182	169	208	285	266	203	208	255	250	287	255	241	253	189	228	241	303	196	184	238	190	196	232	285	227	248	232	258	267	258	296	319	296	71	68	93	48	71	109	249	238	249	239	248	239	168	187	147	175	187	34	39	33	98	56	34	206	197	163	131	206	152	119	145	124	94	112	169	145	149	178	133	125	149	52	57	57	88	52	240	243	234	289	240	240	314	324	304	314	50	45	36	94	29	50	253	306	325	241	253	217	228	217	178	175	178	90	191	179	262	209	191	94	308	242	314	308	340	308	216	160	163	177	125	186	160	
86	101	144	78	101	140	132	87	140	104	139	104	113	74	90	113	0	36	51	56	0	222	195	225	217	222	78	70	53	99	84	78	158	70	99	148	117	171	138	99	30	91	91	106	109	91	131	151	151	122	131	136	170	138	136	77	34	65	88	77	45	7	79	79	46	45	100	96	133	80	100	149	77	98	188	149	207	212	238	216	207	58	28	48	56	58	179	191	194	179	90	101	155	129	153	153	94	155	105	94	93	100	107	105	165	164	163	165	86	67	49	91	94	86	117	184	175	111	117	143	139	174	143	134	158	78	125	134	256	112	120	175	99	112	148	188	147	160	148	220	199	220	183	207	183	48	49	24	66	48	133	200	181	200	132	142	132	133	184	146	189	184	88	82	89	40	65	88	115	89	74	89	115	98	73	36	39	19	10	61	36	146	145	168	70	146	85	63	131	165	85	127	132	125	178	127	127	223	227	227	223	67	103	110	20	94	67	144	203	212	131	144	150	186	150	93	204	93	50	91	97	151	102	91	67	198	135	205	198	233	198	103	82	58	79	103	77	82	
107	127	177	112	127	168	140	110	168	138	161	138	78	38	55	78	36	0	26	83	36	257	224	260	252	257	105	97	72	124	120	105	135	81	119	160	150	189	159	119	33	81	79	91	95	81	165	186	186	155	165	102	155	104	102	110	66	101	121	110	42	34	47	74	42	42	121	94	147	101	121	174	111	131	209	174	210	214	245	209	210	93	54	67	92	93	198	209	204	198	106	94	189	165	189	189	126	189	130	104	108	133	135	130	186	185	180	186	105	88	78	109	116	105	141	214	200	135	141	178	174	209	178	167	187	113	157	167	265	133	132	190	122	133	169	217	168	184	169	225	216	225	219	242	219	18	17	18	30	18	113	209	193	209	165	175	165	134	176	136	176	176	54	48	55	36	33	54	139	122	96	89	139	104	74	69	55	17	36	94	69	136	146	148	73	136	54	31	100	135	54	163	167	159	213	163	163	248	256	248	248	33	71	76	16	60	33	178	234	247	165	178	165	192	165	114	187	114	37	119	117	186	135	119	55	233	168	239	232	266	233	138	99	89	106	96	110	99	
131	121	179	117	121	189	165	134	189	154	185	154	72	32	48	72	51	26	0	81	51	271	245	274	266	271	126	119	96	147	131	126	152	106	143	185	167	214	183	143	58	104	103	113	117	104	169	197	190	157	169	106	176	108	106	128	84	113	139	128	67	45	60	99	68	67	145	119	173	125	145	198	127	148	233	198	235	239	270	232	235	103	75	91	105	103	223	234	229	223	131	119	205	175	202	201	145	205	123	87	95	136	130	123	210	209	205	210	130	112	98	134	140	130	164	234	224	159	164	192	180	222	192	169	182	120	157	169	290	157	158	215	146	157	193	238	192	207	193	250	241	250	232	256	232	40	37	42	26	40	132	234	218	234	168	177	168	159	200	158	197	200	59	55	60	61	47	59	163	140	120	114	163	129	55	87	79	34	45	112	87	159	171	166	98	159	68	45	108	143	68	175	174	175	220	175	175	272	277	272	272	44	80	82	34	63	44	194	254	260	180	194	191	218	191	138	206	138	62	141	141	200	153	141	79	248	185	255	247	283	248	151	124	108	128	120	127	124	
123	45	99	41	45	158	177	119	158	103	165	103	153	113	129	153	56	83	81	0	56	208	203	211	201	208	105	98	97	125	70	105	214	119	135	189	121	205	167	135	86	147	147	162	165	147	89	126	111	76	89	184	226	186	184	92	67	59	101	92	101	53	129	134	102	101	135	149	173	117	135	170	83	104	214	170	254	259	282	269	254	45	75	93	58	45	212	224	234	212	132	156	148	104	137	133	109	148	49	55	46	56	52	49	195	195	199	195	125	106	81	131	127	125	142	192	194	137	142	130	103	156	130	88	104	50	76	88	296	146	162	212	127	146	177	200	180	181	177	265	232	265	166	191	166	99	100	78	106	99	189	242	221	242	87	96	87	184	238	202	245	238	136	130	137	96	115	136	141	98	111	142	141	147	56	66	90	68	49	79	66	201	196	224	123	201	137	114	182	217	137	109	97	123	144	109	109	239	237	255	239	116	153	158	69	141	116	140	207	191	124	140	187	231	187	129	260	129	106	111	133	139	114	111	123	186	137	196	185	227	186	92	124	84	107	158	86	124	
86	101	144	78	101	140	132	87	140	104	139	104	113	74	90	113	0	36	51	56	0	222	195	225	217	222	78	70	53	99	84	78	158	70	99	148	117	171	138	99	30	91	91	106	109	91	131	151	151	122	131	136	170	138	136	77	34	65	88	77	45	7	79	79	46	45	100	96	133	80	100	149	77	98	188	149	207	212	238	216	207	58	28	48	56	58	179	191	194	179	90	101	155	129	153	153	94	155	105	94	93	100	107	105	165	164	163	165	86	67	49	91	94	86	117	184	175	111	117	143	139	174	143	134	158	78	125	134	256	112	120	175	99	112	148	188	147	160	148	220	199	220	183	207	183	48	49	24	66	48	133	200	181	200	132	142	132	133	184	146	189	184	88	82	89	40	65	88	115	89	74	89	115	98	73	36	39	19	10	61	36	146	145	168	70	146	85	63	131	165	85	127	132	125	178	127	127	223	227	227	223	67	103	110	20	94	67	144	203	212	131	144	150	186	150	93	204	93	50	91	97	151	102	91	67	198	135	205	198	233	198	103	82	58	79	103	77	82	
177	206	144	168	206	122	211	168	122	119	145	119	332	295	311	332	222	257	271	208	222	0	81	4	12	0	162	167	197	153	142	162	329	209	174	199	110	173	152	174	230	257	260	274	274	257	141	85	126	157	141	344	310	346	344	148	191	158	139	148	235	226	288	241	236	235	169	237	190	178	169	126	146	126	147	126	258	265	260	308	258	171	204	201	166	171	170	176	215	170	190	252	68	106	71	77	137	68	210	256	241	163	195	210	157	157	179	157	181	184	181	183	167	181	146	82	119	148	146	80	119	54	80	152	191	158	164	152	252	165	196	193	158	165	151	95	162	129	151	253	183	253	43	18	43	262	264	239	287	262	301	224	206	224	147	151	147	240	294	283	317	294	302	296	303	237	277	302	147	135	178	234	147	216	264	188	211	241	226	163	188	280	244	328	224	280	291	276	333	359	291	99	122	98	90	99	99	116	94	167	116	282	309	319	241	308	282	79	65	30	92	79	185	235	185	174	342	174	247	146	175	71	127	146	252	24	94	24	25	36	24	120	190	170	161	253	147	190	
125	218	176	169	218	60	142	118	60	100	78	100	295	262	277	295	195	224	245	203	195	81	0	84	88	81	121	127	155	103	135	121	269	159	118	127	82	96	84	118	194	202	206	218	217	202	167	113	162	179	167	297	242	299	297	118	161	144	107	118	194	201	246	189	194	194	113	179	120	129	113	58	122	100	66	58	179	186	179	232	179	158	171	160	148	158	91	95	136	91	135	194	67	124	90	103	101	67	223	257	245	175	210	223	80	80	103	80	128	139	148	128	114	128	88	11	41	93	88	88	148	91	88	180	225	156	187	180	172	104	131	115	106	104	79	15	89	56	79	173	102	173	87	84	87	226	229	206	254	226	242	145	128	145	174	183	174	171	221	216	247	221	262	256	263	197	239	262	90	108	132	177	90	157	255	159	172	212	202	134	159	212	174	264	174	212	248	238	284	305	248	108	147	81	140	108	108	44	34	89	44	245	263	275	212	268	245	68	17	102	84	68	112	158	112	120	272	120	205	105	119	80	93	105	205	67	66	58	69	59	67	113	137	137	119	195	121	137	
181	208	145	171	208	125	215	171	125	122	149	122	336	298	315	336	225	260	274	211	225	4	84	0	12	4	166	170	200	157	145	166	333	213	178	203	114	177	156	178	234	260	264	278	278	260	142	87	127	159	142	348	314	350	348	152	194	161	143	152	239	229	292	245	240	239	173	241	193	182	173	129	149	130	150	129	261	268	263	312	261	174	208	204	169	174	173	179	218	173	194	255	71	109	74	79	140	71	212	259	243	165	197	212	161	161	183	161	185	188	185	187	170	185	149	85	122	152	149	83	121	56	83	153	192	161	165	153	254	169	200	196	161	169	155	98	166	133	155	256	186	256	45	20	45	266	268	243	290	266	305	227	209	227	149	152	149	243	298	287	321	298	306	300	307	241	281	306	150	139	182	237	150	220	267	191	215	244	229	167	191	284	247	332	228	284	295	280	337	363	295	102	124	102	91	102	102	118	97	170	118	286	313	323	244	312	286	83	67	30	95	83	189	239	189	178	345	178	251	150	179	74	130	150	256	28	98	28	28	37	28	123	194	174	165	257	150	194	
177	197	134	161	197	124	214	168	124	116	149	116	329	290	307	329	217	252	266	201	217	12	88	12	0	12	161	165	195	153	136	161	330	209	175	203	109	179	156	175	228	257	260	274	274	257	131	77	116	148	131	342	312	344	342	146	187	153	137	146	233	221	286	241	234	233	170	237	192	178	170	130	142	124	153	130	264	271	266	313	264	165	202	199	161	165	176	182	221	176	190	252	66	99	65	69	136	66	201	249	233	155	186	201	163	163	185	163	181	183	179	183	167	181	147	88	125	149	147	74	110	46	74	142	180	151	154	142	260	167	198	199	158	167	156	102	166	135	156	259	189	259	35	10	35	259	262	236	282	259	301	230	212	230	138	141	138	242	297	285	320	297	300	294	301	235	275	300	148	133	178	234	148	217	257	184	209	236	221	161	184	281	246	329	224	281	289	274	332	359	289	93	113	96	79	93	93	125	104	176	125	280	307	317	237	306	280	78	73	18	88	78	190	241	190	174	344	174	245	146	176	67	126	146	251	25	94	31	24	48	25	115	190	168	161	253	144	190	
177	206	144	168	206	122	211	168	122	119	145	119	332	295	311	332	222	257	271	208	222	0	81	4	12	0	162	167	197	153	142	162	329	209	174	199	110	173	152	174	230	257	260	274	274	257	141	85	126	157	141	344	310	346	344	148	191	158	139	148	235	226	288	241	236	235	169	237	190	178	169	126	146	126	147	126	258	265	260	308	258	171	204	201	166	171	170	176	215	170	190	252	68	106	71	77	137	68	210	256	241	163	195	210	157	157	179	157	181	184	181	183	167	181	146	82	119	148	146	80	119	54	80	152	191	158	164	152	252	165	196	193	158	165	151	95	162	129	151	253	183	253	43	18	43	262	264	239	287	262	301	224	206	224	147	151	147	240	294	283	317	294	302	296	303	237	277	302	147	135	178	234	147	216	264	188	211	241	226	163	188	280	244	328	224	280	291	276	333	359	291	99	122	98	90	99	99	116	94	167	116	282	309	319	241	308	282	79	65	30	92	79	185	235	185	174	342	174	247	146	175	71	127	146	252	24	94	24	25	36	24	120	190	170	161	253	147	190	
23	138	141	91	138	63	81	16	63	51	61	51	176	142	157	176	78	105	126	105	78	162	121	166	161	162	0	8	35	21	64	0	172	49	33	87	53	100	63	33	74	96	99	114	115	96	127	113	139	129	127	183	161	185	183	23	44	55	26	23	75	84	127	80	75	75	31	81	71	20	31	72	36	39	111	72	156	162	181	183	156	65	51	40	50	65	107	119	131	107	38	94	95	99	105	111	26	95	143	157	150	110	137	143	91	91	94	91	27	22	29	33	23	27	39	110	98	33	39	93	123	125	93	137	177	79	135	137	193	41	63	109	22	41	73	112	75	82	73	164	127	164	132	151	132	106	109	87	134	106	143	139	118	139	132	144	132	99	159	133	175	159	143	137	144	78	120	143	37	32	18	75	37	64	146	43	52	92	86	26	43	131	108	173	63	131	131	119	171	198	131	88	116	66	148	88	88	146	151	152	146	126	148	158	92	149	126	84	131	161	76	84	84	132	84	27	196	27	86	16	31	97	36	16	90	138	68	142	138	165	138	65	33	21	2	96	31	33	
27	132	139	86	132	71	85	22	71	52	69	52	169	135	150	169	70	97	119	98	70	167	127	170	165	167	8	0	30	29	61	8	169	47	39	93	57	107	71	39	67	93	96	111	113	93	125	114	138	125	125	178	162	180	178	22	37	50	28	22	69	76	122	77	70	69	37	80	77	23	37	79	34	41	119	79	161	167	187	186	161	59	44	34	44	59	115	127	137	115	41	93	99	99	107	113	30	99	137	150	143	106	131	137	99	98	101	99	31	20	21	37	29	31	47	117	105	41	47	95	121	127	95	134	173	75	131	134	199	48	68	115	30	48	81	120	83	90	81	170	135	170	135	155	135	99	102	79	127	99	140	145	124	145	129	141	129	100	160	134	176	160	137	131	138	71	113	137	45	33	18	74	45	65	138	36	45	85	78	20	36	132	111	172	60	132	125	112	167	195	125	89	115	69	149	89	89	153	159	160	153	119	143	153	85	143	119	88	137	164	78	88	90	138	90	33	197	33	81	22	37	100	40	22	86	143	73	147	142	171	143	64	34	14	9	95	29	34	
35	137	158	98	137	96	81	38	96	81	89	81	141	108	122	141	53	72	96	97	53	197	155	200	195	197	35	30	0	52	82	35	143	24	48	95	87	119	87	48	39	67	70	85	87	67	144	141	159	140	144	148	140	150	148	50	30	66	58	50	40	60	92	51	40	40	49	58	80	29	49	102	58	71	137	102	158	163	187	174	158	70	25	6	56	70	128	140	141	128	37	69	129	124	136	141	60	129	142	144	140	120	139	142	114	113	111	114	34	16	22	39	44	34	69	145	128	63	69	124	143	156	124	151	185	89	146	151	204	61	67	123	50	61	97	145	96	112	97	169	147	169	165	185	165	71	74	54	100	71	114	148	128	148	147	159	147	88	145	113	156	145	108	102	109	43	85	108	67	62	24	51	67	51	126	32	17	63	63	39	32	111	100	148	34	111	96	84	137	165	96	116	137	99	174	116	116	176	184	176	176	91	113	123	62	114	91	118	166	194	108	118	98	136	98	42	175	42	51	51	46	130	70	51	56	173	103	177	172	200	173	90	30	30	36	71	55	30	
24	157	152	108	157	44	71	16	44	53	40	53	192	160	174	192	99	124	147	125	99	153	103	157	153	153	21	29	52	0	77	21	177	58	24	73	48	80	42	24	91	104	108	121	121	104	138	115	147	142	138	196	161	198	196	36	65	72	32	36	92	105	144	89	92	92	19	84	57	27	19	51	49	42	90	51	143	149	165	176	143	84	72	58	69	84	87	99	114	87	37	99	88	105	103	112	26	88	162	178	171	125	154	162	70	70	75	70	28	37	50	30	14	28	18	93	77	12	18	91	130	121	91	149	191	95	148	149	174	24	53	91	5	24	52	93	55	61	52	149	107	149	127	143	127	123	126	106	152	123	148	123	101	123	144	156	144	94	154	133	173	154	160	154	161	95	136	160	16	39	29	81	16	64	167	64	69	113	107	46	64	131	102	176	73	131	146	136	184	208	146	91	124	62	151	91	91	125	132	131	125	143	162	173	113	166	143	77	115	155	73	77	67	118	67	21	196	21	103	17	24	93	33	17	103	129	59	131	129	152	129	71	37	42	20	100	45	37	
87	86	78	36	86	97	144	79	97	36	111	36	197	157	174	197	84	120	131	70	84	142	135	145	136	142	64	61	82	77	0	64	224	104	96	149	54	154	115	96	101	148	150	166	168	148	64	67	78	65	64	217	221	219	217	41	60	19	45	41	112	87	159	132	112	112	93	138	133	84	93	109	28	41	154	109	219	225	241	247	219	29	76	83	29	29	159	170	190	159	102	150	78	46	71	70	53	78	91	123	110	49	81	91	141	141	151	141	91	80	60	97	85	91	89	124	131	86	89	62	62	91	62	73	114	22	72	73	250	101	126	167	81	101	123	133	129	121	123	226	179	226	101	126	101	130	131	105	149	130	195	199	177	199	68	80	68	161	221	193	236	221	170	164	171	110	147	170	89	39	79	132	89	126	125	57	88	103	86	43	57	192	172	229	115	192	165	145	210	241	165	44	55	54	96	44	44	172	169	195	172	150	182	191	104	176	150	70	138	129	54	70	144	195	144	90	256	90	121	60	94	71	52	60	133	119	69	128	118	158	119	23	95	53	65	152	33	95	
23	138	141	91	138	63	81	16	63	51	61	51	176	142	157	176	78	105	126	105	78	162	121	166	161	162	0	8	35	21	64	0	172	49	33	87	53	100	63	33	74	96	99	114	115	96	127	113	139	129	127	183	161	185	183	23	44	55	26	23	75	84	127	80	75	75	31	81	71	20	31	72	36	39	111	72	156	162	181	183	156	65	51	40	50	65	107	119	131	107	38	94	95	99	105	111	26	95	143	157	150	110	137	143	91	91	94	91	27	22	29	33	23	27	39	110	98	33	39	93	123	125	93	137	177	79	135	137	193	41	63	109	22	41	73	112	75	82	73	164	127	164	132	151	132	106	109	87	134	106	143	139	118	139	132	144	132	99	159	133	175	159	143	137	144	78	120	143	37	32	18	75	37	64	146	43	52	92	86	26	43	131	108	173	63	131	131	119	171	198	131	88	116	66	148	88	88	146	151	152	146	126	148	158	92	149	126	84	131	161	76	84	84	132	84	27	196	27	86	16	31	97	36	16	90	138	68	142	138	165	138	65	33	21	2	96	31	33	
153	259	296	233	259	211	128	163	211	221	191	221	115	128	123	115	158	135	152	214	158	329	269	333	330	329	172	169	143	177	224	172	0	123	155	149	223	188	185	155	130	76	74	58	57	76	283	283	300	278	283	75	46	76	75	191	166	206	197	191	116	161	92	92	115	116	160	93	150	153	160	211	201	210	221	211	149	148	185	111	149	206	150	141	196	206	197	203	172	197	140	78	265	267	276	282	197	265	263	238	243	256	265	263	196	196	177	196	149	150	164	147	163	149	185	261	231	181	185	264	285	296	264	289	316	227	281	289	214	166	138	175	172	166	191	255	182	213	191	168	204	168	303	320	303	117	118	136	128	117	29	171	169	171	285	297	285	100	84	57	64	84	97	99	97	119	105	97	184	202	154	97	184	114	207	169	136	146	165	182	169	61	103	18	109	61	84	107	59	48	84	258	278	237	317	258	258	272	289	244	272	108	75	81	145	96	108	253	284	332	247	253	163	147	163	156	60	156	109	186	155	268	207	186	93	306	236	306	306	324	306	233	140	172	172	77	197	140	
35	161	181	121	161	99	62	43	99	99	87	99	138	111	124	138	70	81	106	119	70	209	159	213	209	209	49	47	24	58	104	49	123	0	43	80	100	109	84	43	48	48	51	66	67	48	167	160	181	164	167	138	117	140	138	68	54	89	74	68	40	77	88	32	40	40	47	34	67	32	47	104	79	87	133	104	137	142	168	151	137	94	45	26	80	94	118	129	125	118	27	47	143	145	153	159	74	143	166	164	161	144	163	166	108	107	99	108	31	27	45	32	46	31	71	149	128	66	71	141	165	173	141	175	209	113	169	175	187	58	52	109	54	58	94	148	90	110	94	150	135	150	180	199	180	74	77	64	104	74	94	131	113	131	170	182	170	65	121	89	132	121	105	100	105	45	83	105	69	80	31	28	69	28	143	56	31	75	80	61	56	88	77	126	15	88	89	83	126	150	89	135	159	114	195	135	135	176	186	169	176	90	104	116	75	111	90	131	172	209	124	131	85	116	85	40	152	40	50	63	41	146	84	63	46	185	115	189	185	210	185	111	22	51	49	49	75	22	
13	171	174	124	171	58	49	18	58	77	44	77	181	153	166	181	99	119	143	135	99	174	118	178	175	174	33	39	48	24	96	33	155	43	0	54	72	72	41	0	86	85	89	101	101	85	160	139	170	161	160	180	138	182	180	55	70	88	54	55	82	106	131	71	82	82	5	63	38	19	5	61	68	65	91	61	123	129	148	153	123	98	71	53	83	98	80	92	99	80	17	78	111	128	127	136	49	111	176	186	181	143	170	176	67	66	64	67	14	32	55	11	12	14	30	109	86	26	30	115	153	145	115	169	210	112	168	169	161	15	31	77	19	15	51	106	49	68	51	131	100	131	150	166	150	115	119	101	145	115	127	107	86	107	164	176	164	70	130	110	149	130	148	143	148	86	126	148	29	61	25	61	29	42	171	71	64	110	109	59	71	107	79	154	57	107	131	125	166	188	131	115	147	86	175	115	115	134	144	129	134	132	147	158	110	154	132	100	132	178	97	100	52	99	52	6	172	6	92	39	2	117	57	39	88	151	82	151	151	170	151	94	21	52	32	79	64	21	
67	225	225	177	225	79	23	72	79	124	55	124	207	187	197	207	148	160	185	189	148	199	127	203	203	199	87	93	95	73	149	87	149	80	54	0	114	39	48	54	128	99	103	109	106	99	211	183	218	214	211	194	116	196	194	108	123	141	105	108	118	154	157	93	118	118	56	74	16	72	56	74	121	114	72	74	70	77	94	110	70	152	120	100	136	152	48	56	46	48	58	85	147	175	167	178	98	147	230	239	233	197	224	230	48	48	28	48	64	83	108	58	64	64	65	121	86	66	65	156	201	182	156	222	263	166	220	222	109	49	28	31	69	49	48	112	38	71	48	77	60	77	185	195	185	151	154	144	181	151	126	53	34	53	216	228	216	49	95	93	120	95	174	170	175	124	156	174	65	112	78	77	65	56	221	123	109	155	158	113	123	89	48	141	87	89	155	157	179	191	155	161	196	128	219	161	161	124	141	98	124	163	166	178	154	179	163	137	143	210	139	137	15	46	15	60	145	60	126	89	56	155	103	89	115	179	119	175	179	185	179	143	66	106	85	85	116	66	
