NAME:	instance_23-triangle
TYPE:	VRPRDL
DIMENSION:	229
CAPACITY:	750
TIME_HORIZON:	720
NUM_CUSTOMERS:	61
NODE_COORD_SECTION
1	0.0	0.0
2	-98.5096378505	106.68264822
3	-110.735730344	111.617598105
4	-89.939635045	90.0686917035
5	-119.962881993	67.323836897
6	-74.8855426148	78.8661898705
7	-98.5096378505	106.68264822
8	99.5682146822	-44.7960335356
9	98.7356956656	-47.7816358383
10	76.2066463492	-6.17558987243
11	115.05930073	-89.2705374361
12	99.5682146822	-44.7960335356
13	76.1851947472	127.073346146
14	8.92556350039	131.218487014
15	0.882654333827	120.490434541
16	76.1851947472	127.073346146
17	96.3033595639	57.6147466695
18	95.5322451306	57.3739241645
19	155.850278534	30.2261994165
20	88.4233753262	54.7181453066
21	92.1580825101	52.487823249
22	96.3033595639	57.6147466695
23	-18.0400780688	150.414809108
24	29.2835521807	119.329892982
25	26.1973347393	100.03869572
26	-0.120585839447	202.053068156
27	-18.0400780688	150.414809108
28	-36.2280466474	-10.9988498464
29	8.27986319445	62.9307507308
30	-5.84385527573	50.098444605
31	60.5803250909	33.4748608431
32	31.4612225352	54.1953580969
33	12.133945059	72.4740918918
34	8.27986319445	62.9307507308
35	-153.840099924	42.0138596065
36	-21.93664637	131.313542245
37	-20.5484548092	189.877175806
38	3.27399509126	213.382202096
39	56.4330549718	88.9681588993
40	-21.93664637	131.313542245
41	60.5685773805	-67.2335080562
42	34.1683522083	-125.01370777
43	44.1719617596	-55.1140219105
44	59.6434071597	-85.4121169442
45	-2.4303210015	-79.2900448396
46	60.5685773805	-67.2335080562
47	-28.2736823826	107.168905158
48	-10.0694339586	89.6804040287
49	-93.8713666222	81.9729473093
50	-32.1688429953	106.638705197
51	-26.8093053342	113.986681297
52	-28.2736823826	107.168905158
53	100.679395885	-115.547905091
54	-30.7431911047	19.2892637513
55	-38.582452782	79.2353581764
56	-97.8176265444	62.6348004696
57	-30.7431911047	19.2892637513
58	121.567925356	-19.0111097533
59	105.936459284	-32.2973947646
60	28.9073409519	37.6333224575
61	121.567925356	-19.0111097533
62	-85.983405287	23.1329389412
63	-100.249106483	-8.86658882212
64	116.336238113	-67.020230598
65	49.835945458	-82.7164382464
66	15.3100821151	-55.3868115093
67	116.336238113	-67.020230598
68	88.0910684906	108.211426095
69	-5.22517299146	11.8669425004
70	-113.674266861	-36.9209303703
71	-112.322617528	-36.7509489502
72	-113.674266861	-36.9209303703
73	-17.403750756	94.9569703832
74	-21.0937992863	87.4759662248
75	-17.6859211133	48.3738175572
76	-2.56623592098	86.8866193297
77	1.88145665784	38.6284121866
78	-17.403750756	94.9569703832
79	-94.8285336746	63.7435906062
80	-51.4938704813	60.6700983381
81	-94.8285336746	63.7435906062
82	14.0106244833	-51.7169089948
83	11.7479428611	-35.0321196663
84	-33.8062541547	-54.7394537362
85	-59.6096109145	-8.68859540228
86	14.0106244833	-51.7169089948
87	-9.78533313049	-94.3901116874
88	-7.32980747392	-92.3204537384
89	26.1380010384	-94.0227929348
90	-79.0146378235	-106.742225607
91	-9.78533313049	-94.3901116874
92	-20.6251372335	-141.361202478
93	-15.8107088225	-101.890732827
94	-20.6251372335	-141.361202478
95	9.64601954838	2.92325011983
96	23.4247749713	35.9400745268
97	-20.3648488222	45.9273075428
98	-17.4572315095	-6.86533195632
99	15.1184076761	-11.1849675865
100	9.64601954838	2.92325011983
101	-69.5849322275	30.4254902089
102	-31.4046796786	25.4442236361
103	-35.2444521198	42.5475130689
104	-43.5252753135	35.3151066672
105	-69.5849322275	30.4254902089
106	127.651015783	-64.729783089
107	125.825105811	-68.8399602469
108	146.144079796	-55.3199736559
109	122.924178636	-89.2058486853
110	131.563280825	-64.796103975
111	127.651015783	-64.729783089
112	36.7225972664	35.8345060238
113	43.6641903751	18.0821996335
114	-20.3184920273	95.5260918096
115	62.3337809983	-13.2711272046
116	36.7225972664	35.8345060238
117	12.5333745751	18.6046329087
118	-75.992735766	36.2047150755
119	12.5333745751	18.6046329087
120	153.270573744	-85.6009644799
121	145.71148582	29.6204697822
122	153.270573744	-85.6009644799
123	123.981568316	-4.05887915062
124	137.264293219	63.3172939093
125	116.75490875	-42.8348996617
126	99.778411457	-63.3005322261
127	92.5019147671	-24.1010819918
128	123.981568316	-4.05887915062
129	-13.8300405818	41.2874932809
130	-20.20781115	21.0248784614
131	-13.8300405818	41.2874932809
132	122.502884717	-64.5388931383
133	121.288340496	-63.3514127088
134	88.1603381867	-120.882413223
135	122.502884717	-64.5388931383
136	50.0860636999	-137.225367641
137	52.599977397	-119.172056924
138	57.4875080181	-175.571758611
139	50.0860636999	-137.225367641
140	2.02250836326	14.2020020732
141	-2.2321623845	84.0341730063
142	-2.06961527832	13.4395997581
143	3.30173309529	6.67538877708
144	-32.8546012915	64.6974691116
145	2.02250836326	14.2020020732
146	105.748981395	-53.4502567015
147	92.1546855363	-136.123593695
148	105.748981395	-53.4502567015
149	-21.1093092	-124.97899321
150	-20.2562816081	-106.038159579
151	-20.6165571786	-133.10508473
152	39.7640609947	-121.861615444
153	-21.1093092	-124.97899321
154	44.5029212513	102.313057961
155	-3.53734849627	59.5904084369
156	120.992088435	145.227230361
157	39.7778242035	97.6873273701
158	44.5029212513	102.313057961
159	-11.5688540484	9.20494394059
160	-6.63436848236	-27.9177510923
161	-37.6081200814	-36.1453574785
162	-6.63436848236	-27.9177510923
163	19.4768461423	26.4643668764
164	-18.1930424479	21.6951607601
165	11.0973044247	6.87939741615
166	4.30126075936	0.472703639467
167	19.4768461423	26.4643668764
168	-91.0613532218	-51.8753203221
169	-117.214154452	-54.6183152987
170	-94.658758492	-43.9225080756
171	-99.0398337851	-45.7554863352
172	-93.0544305338	-56.9645317486
173	-91.0613532218	-51.8753203221
174	31.0109910985	50.1361286268
175	22.5181139341	36.2657518221
176	31.0109910985	50.1361286268
177	-142.983061281	-27.0569978578
178	11.4537330816	-2.05210343793
179	55.0993110777	7.68519452774
180	-19.6200563018	105.946176249
181	11.4537330816	-2.05210343793
182	97.1710054712	73.9021537372
183	103.285866922	78.4716879106
184	151.285289424	102.9401633
185	115.022661491	69.4835906936
186	118.135725284	85.7100393292
187	97.1710054712	73.9021537372
188	-65.6384655413	-84.9505633657
189	-49.699813857	-80.5622145353
190	-65.6384655413	-84.9505633657
191	65.7467237342	-55.5678846257
192	54.6762254431	-32.2025559975
193	86.5440308784	-66.0495965922
194	74.9349445946	-61.2566038948
195	96.0164477232	-45.1319288565
196	65.7467237342	-55.5678846257
197	0.551437980284	-7.48302750965
198	54.9901420418	-21.5485412222
199	0.551437980284	-7.48302750965
200	25.1914853716	12.0530913324
201	-3.69732071888	17.3430676469
202	-38.4728822162	7.60864777067
203	60.1464587443	89.5012763641
204	-3.69732071888	17.3430676469
205	-15.48589674	-30.5802238652
206	75.1462725983	-84.7083391588
207	-14.7898453771	83.3807489167
208	-16.8118791803	82.5089612011
209	-35.2122436845	79.2096528431
210	-10.5328961911	64.2924051115
211	-14.7898453771	83.3807489167
212	-54.6157503677	-96.6614302343
213	-54.3809605024	-99.4059505597
214	-37.0168644363	-90.8350935386
215	-53.3428371082	-96.1108352541
216	-54.6157503677	-96.6614302343
217	-87.6627890234	27.3088847829
218	13.2899854743	72.4326302268
219	-61.910929373	12.2696497109
220	-87.6627890234	27.3088847829
221	-67.6565648626	-135.039585717
222	-129.800009835	-28.6748583773
223	-226.306233707	0.798206730811
224	-82.8589185126	53.95782448
225	-129.800009835	-28.6748583773
226	-26.7722577603	135.821765924
227	56.4642808217	149.274354456
228	22.7582570167	186.7094597
229	-26.7722577603	135.821765924
EDGE_WEIGHT_SECTION
0	145	157	127	137	109	145	109	110	76	146	109	147	131	120	147	112	111	158	104	106	112	151	123	103	201	151	38	63	50	69	62	73	63	159	132	191	213	104	132	90	129	71	104	79	90	111	90	124	111	117	111	153	36	88	116	36	123	111	47	123	89	101	134	97	57	134	139	13	119	118	119	96	90	52	86	38	96	114	79	114	54	37	64	60	54	95	93	97	133	95	143	103	143	10	42	50	19	19	10	76	40	55	56	76	143	143	156	152	146	143	51	47	97	64	51	22	84	22	175	148	175	124	151	124	118	96	124	44	29	44	138	136	150	138	146	130	184	146	14	84	14	7	73	14	118	164	118	127	108	135	128	127	111	60	188	105	111	15	29	52	29	32	28	13	4	32	105	129	104	109	109	105	58	42	58	145	12	55	107	12	122	130	183	134	146	122	107	94	107	86	63	109	97	106	86	8	59	8	28	18	39	107	18	34	113	84	84	86	65	84	111	113	98	110	111	92	73	63	92	151	133	226	99	133	138	159	188	138	
145	0	13	19	45	36	0	249	250	207	289	249	176	110	100	176	201	200	265	194	198	201	92	128	125	137	92	133	115	109	175	140	116	115	85	80	114	147	156	80	235	267	215	248	209	235	70	90	25	66	72	70	298	110	66	44	110	253	247	145	253	84	116	276	240	198	276	186	133	144	144	144	82	80	100	98	121	82	43	66	43	194	179	174	122	194	220	219	236	214	220	260	224	260	149	141	99	139	163	149	82	105	90	90	82	283	284	292	295	286	283	153	168	79	200	153	142	74	142	316	256	316	249	239	261	261	231	249	107	116	107	279	277	294	279	285	271	322	285	136	99	134	142	78	136	259	308	259	244	226	252	267	244	143	106	223	139	143	130	163	155	163	142	117	148	147	142	159	162	151	152	164	159	141	140	141	141	154	182	79	154	198	204	249	216	218	198	194	193	194	230	206	252	241	246	230	151	200	151	156	130	116	160	130	160	258	87	85	69	98	87	208	211	207	208	208	80	117	101	80	243	139	166	55	139	77	160	145	77	
157	13	0	30	45	49	13	262	263	220	302	262	188	121	112	188	214	213	278	207	211	214	100	140	137	143	100	143	128	122	188	153	129	128	82	91	119	152	169	91	247	277	227	260	219	247	83	103	34	79	84	83	310	122	79	51	122	266	260	158	266	92	121	288	252	209	288	199	145	149	148	149	95	93	113	111	134	95	50	78	50	206	191	183	131	206	229	229	247	221	229	268	233	268	162	154	112	151	176	162	91	117	102	102	91	296	297	305	307	299	296	166	181	92	213	166	154	83	154	329	269	329	262	252	274	273	244	262	120	128	120	292	290	306	292	296	283	332	296	149	112	146	155	91	149	272	320	272	253	235	260	277	253	155	119	234	151	155	143	174	165	174	155	129	160	160	155	165	166	156	158	169	165	154	153	154	142	167	195	91	167	211	217	262	229	230	211	201	201	201	243	219	265	253	259	243	163	212	163	168	142	127	172	142	171	270	100	98	82	111	100	215	218	215	215	215	87	130	111	87	250	142	160	64	142	87	171	153	87	
127	19	30	0	38	19	19	232	233	191	272	232	170	107	96	170	188	188	252	181	185	188	94	123	117	144	94	114	101	93	160	126	103	101	80	80	122	155	146	80	217	248	197	230	190	217	64	80	9	60	68	64	280	92	52	29	92	237	231	129	237	67	99	258	222	179	258	179	115	129	129	129	73	69	83	87	105	73	27	48	27	176	161	155	103	176	201	200	217	197	201	241	205	241	132	125	82	121	146	132	63	87	72	72	63	266	267	276	277	270	266	137	151	70	184	137	125	56	125	299	242	299	233	228	245	243	215	233	90	98	90	262	260	276	262	266	253	303	266	119	88	116	125	62	119	242	290	242	225	208	233	248	225	135	91	218	130	135	113	144	137	144	126	99	130	130	126	142	147	134	136	147	142	127	124	127	129	137	166	72	137	187	193	242	205	208	187	177	175	177	213	189	235	223	229	213	133	182	133	139	112	97	150	112	142	240	75	74	55	83	75	190	193	188	190	190	63	104	83	63	226	125	163	37	125	78	158	148	78	
137	45	45	38	0	47	45	246	247	209	282	246	205	144	132	205	216	215	277	208	212	216	132	158	150	180	132	115	128	115	183	151	132	128	42	117	158	191	177	117	224	246	204	236	187	224	100	112	30	96	104	100	286	101	82	23	101	256	246	151	256	56	79	271	226	183	271	211	127	104	104	104	106	101	104	119	125	106	25	68	25	179	166	149	97	179	195	195	217	179	195	231	199	231	144	146	102	126	156	144	62	98	88	83	62	280	280	292	288	283	280	159	171	104	199	159	141	54	141	312	268	312	254	257	260	255	231	254	109	110	109	275	273	280	275	265	254	300	265	133	118	129	137	87	133	255	294	255	216	200	224	247	216	168	116	253	162	168	123	148	132	148	145	111	144	141	145	123	122	114	115	127	123	151	146	151	97	148	185	108	148	217	223	273	235	238	217	162	164	162	222	200	245	233	243	222	142	196	142	155	126	101	181	126	143	247	106	104	85	109	106	177	179	179	176	177	51	133	80	51	209	97	125	39	97	116	194	186	116	
109	36	49	19	47	0	36	214	215	173	253	214	159	99	86	159	172	172	236	165	169	172	91	112	103	144	91	98	85	75	143	109	87	85	87	75	124	156	131	75	199	231	179	212	174	199	55	65	19	51	60	55	262	74	36	28	74	219	212	111	219	57	91	240	204	162	240	164	97	122	121	122	60	54	65	73	87	60	25	30	25	158	143	140	89	158	185	184	200	186	185	227	190	227	113	107	64	103	127	113	49	69	54	54	49	248	249	258	259	251	248	119	133	57	165	119	106	43	106	281	226	281	215	212	227	225	196	215	72	80	72	244	242	258	244	249	235	287	249	100	72	98	106	44	100	224	272	224	211	193	219	231	211	121	74	207	115	121	94	127	121	127	108	81	112	111	108	132	140	124	127	137	132	110	106	110	126	118	148	62	118	171	178	227	189	192	171	164	161	164	194	170	216	205	211	194	115	164	115	120	94	80	135	94	125	222	60	58	39	66	60	177	179	174	176	177	53	88	68	53	214	121	170	26	121	75	149	145	75	
145	0	13	19	45	36	0	249	250	207	289	249	176	110	100	176	201	200	265	194	198	201	92	128	125	137	92	133	115	109	175	140	116	115	85	80	114	147	156	80	235	267	215	248	209	235	70	90	25	66	72	70	298	110	66	44	110	253	247	145	253	84	116	276	240	198	276	186	133	144	144	144	82	80	100	98	121	82	43	66	43	194	179	174	122	194	220	219	236	214	220	260	224	260	149	141	99	139	163	149	82	105	90	90	82	283	284	292	295	286	283	153	168	79	200	153	142	74	142	316	256	316	249	239	261	261	231	249	107	116	107	279	277	294	279	285	271	322	285	136	99	134	142	78	136	259	308	259	244	226	252	267	244	143	106	223	139	143	130	163	155	163	142	117	148	147	142	159	162	151	152	164	159	141	140	141	141	154	182	79	154	198	204	249	216	218	198	194	193	194	230	206	252	241	246	230	151	200	151	156	130	116	160	130	160	258	87	85	69	98	87	208	211	207	208	208	80	117	101	80	243	139	166	55	139	77	160	145	77	
109	249	262	232	246	214	249	0	3	45	47	0	173	198	192	173	102	102	94	100	98	102	227	178	162	266	227	140	141	142	87	120	146	141	267	214	263	275	141	214	45	103	56	57	107	45	198	173	231	200	202	198	71	145	185	224	145	34	14	108	34	197	203	28	63	85	28	153	119	213	212	213	182	179	150	166	128	182	222	184	222	86	88	134	163	86	120	117	88	187	120	154	129	154	102	111	150	123	91	102	185	148	160	163	185	34	35	48	50	38	34	102	84	184	49	102	108	193	108	67	87	67	47	114	17	19	22	47	142	136	142	30	29	77	30	105	88	137	105	114	164	117	109	171	114	11	92	11	144	135	149	98	144	157	147	191	154	157	123	108	137	108	107	135	102	105	107	191	217	194	199	193	191	117	112	117	242	98	69	192	98	118	123	156	115	132	118	170	153	170	35	47	25	30	4	35	106	50	106	94	120	148	140	120	116	47	171	172	183	155	171	161	162	143	160	161	201	145	171	201	190	229	329	207	229	220	199	244	220	
110	250	263	233	247	215	250	3	0	47	45	3	176	200	194	176	105	105	97	103	100	105	229	181	164	268	229	140	143	143	90	122	148	143	267	216	265	277	143	216	43	101	55	54	106	43	200	175	232	202	204	200	68	146	186	225	146	37	17	110	37	197	203	26	60	84	26	156	120	212	211	212	184	180	151	168	129	184	223	185	223	85	88	133	163	85	118	115	86	186	118	152	126	152	103	113	152	123	91	103	185	149	161	164	185	34	34	48	48	37	34	104	86	186	50	104	109	194	109	66	90	66	50	117	19	16	24	50	144	137	144	29	27	74	29	102	85	134	102	115	166	118	110	172	115	9	89	9	142	132	147	95	142	159	148	194	157	159	124	107	137	107	108	136	103	106	108	190	216	193	198	192	190	119	113	119	242	99	71	194	99	121	126	159	118	135	121	169	152	169	34	47	22	27	4	34	106	51	106	95	121	148	142	121	116	44	173	174	184	156	173	160	161	142	159	160	201	147	171	201	188	229	329	208	229	222	201	246	222	
76	207	220	191	209	173	207	45	47	0	92	45	133	153	147	133	67	66	88	62	61	67	182	134	117	222	182	112	97	99	43	75	101	97	234	169	218	231	97	169	63	126	58	80	107	63	154	129	190	156	157	154	112	110	142	187	110	47	40	64	47	164	176	73	81	78	73	115	83	192	191	192	138	135	108	121	86	138	184	143	184	77	71	120	135	77	123	120	101	185	123	166	133	166	67	67	109	94	61	67	150	112	121	126	150	78	79	85	95	80	78	58	40	140	16	58	68	158	68	110	78	110	48	93	55	62	24	48	101	100	101	74	73	115	74	132	114	170	132	77	119	81	74	129	77	56	131	56	154	139	159	121	154	113	103	157	110	113	89	86	118	86	65	98	66	72	65	173	199	175	180	177	173	72	68	72	220	65	25	147	65	83	88	132	85	101	83	162	146	162	50	34	61	55	44	50	76	26	76	54	83	115	97	83	95	78	127	128	140	111	127	159	160	141	158	159	167	100	139	167	193	207	302	170	207	175	157	200	175	
146	289	302	272	282	253	289	47	45	92	0	47	219	245	239	219	148	148	126	146	144	148	274	225	209	313	274	170	185	184	134	166	191	185	299	258	310	322	188	258	59	88	79	56	117	59	242	217	270	244	246	242	30	182	227	261	182	70	58	152	70	230	229	22	65	105	22	199	157	234	233	234	226	223	191	210	170	226	259	224	259	108	117	153	192	108	125	122	89	194	125	145	131	145	140	155	191	156	127	140	220	186	200	201	220	27	23	46	8	30	27	147	128	228	92	147	149	229	149	38	123	38	85	154	46	30	69	85	183	174	183	26	27	42	26	81	69	104	81	153	208	156	147	213	153	37	52	37	141	136	143	82	141	204	190	234	201	204	160	136	161	136	150	173	142	143	150	209	234	215	218	210	209	162	156	162	265	135	114	236	135	164	168	195	158	175	164	180	164	180	60	83	37	49	48	60	141	91	141	135	160	182	187	160	143	40	215	216	225	198	215	169	170	152	168	169	234	190	204	234	188	252	353	244	252	265	246	291	265	
109	249	262	232	246	214	249	0	3	45	47	0	173	198	192	173	102	102	94	100	98	102	227	178	162	266	227	140	141	142	87	120	146	141	267	214	263	275	141	214	45	103	56	57	107	45	198	173	231	200	202	198	71	145	185	224	145	34	14	108	34	197	203	28	63	85	28	153	119	213	212	213	182	179	150	166	128	182	222	184	222	86	88	134	163	86	120	117	88	187	120	154	129	154	102	111	150	123	91	102	185	148	160	163	185	34	35	48	50	38	34	102	84	184	49	102	108	193	108	67	87	67	47	114	17	19	22	47	142	136	142	30	29	77	30	105	88	137	105	114	164	117	109	171	114	11	92	11	144	135	149	98	144	157	147	191	154	157	123	108	137	108	107	135	102	105	107	191	217	194	199	193	191	117	112	117	242	98	69	192	98	118	123	156	115	132	118	170	153	170	35	47	25	30	4	35	106	50	106	94	120	148	140	120	116	47	171	172	183	155	171	161	162	143	160	161	201	145	171	201	190	229	329	207	229	220	199	244	220	
147	176	188	170	205	159	176	173	176	133	219	173	0	67	76	0	72	72	125	73	76	72	97	48	57	107	97	178	93	112	95	86	84	93	245	98	115	113	43	98	195	255	185	213	220	195	106	94	176	110	104	106	244	152	124	185	152	153	162	101	153	192	222	198	211	192	198	22	141	250	249	250	99	105	122	88	116	99	182	144	182	189	174	211	192	189	237	234	227	280	237	285	246	285	140	105	126	163	150	140	175	148	140	151	175	198	201	195	221	199	198	99	114	102	141	99	125	177	125	226	119	226	139	88	174	192	152	139	124	143	124	196	195	248	196	265	247	303	265	135	89	138	140	125	135	183	263	183	269	251	277	251	269	40	104	48	47	40	147	175	199	175	115	141	136	145	115	244	265	241	246	249	244	89	105	89	268	144	121	98	144	57	55	79	69	59	57	254	241	254	183	161	193	188	173	183	154	150	154	125	136	165	41	136	181	211	101	103	121	107	101	258	260	245	257	258	191	83	179	191	298	258	327	175	258	103	30	80	103	
131	110	121	107	144	99	110	198	200	153	245	198	67	0	13	67	114	114	178	110	114	114	33	24	36	71	33	148	68	82	111	80	59	68	185	31	66	82	64	31	205	257	189	222	210	205	44	46	114	48	40	44	263	118	70	126	118	188	190	96	188	143	177	225	217	186	225	82	120	207	206	207	44	52	86	46	93	44	123	92	123	183	166	190	155	183	226	223	226	253	226	273	234	273	128	96	90	140	142	128	127	113	99	109	127	229	231	232	248	231	229	99	118	46	154	99	113	127	113	260	170	260	178	145	205	215	176	178	92	113	92	226	225	263	226	271	254	310	271	117	48	118	124	78	117	208	279	208	257	238	265	255	257	46	72	113	46	46	123	159	173	159	105	112	124	130	105	208	224	203	206	213	208	84	96	84	219	133	132	38	133	105	108	145	123	118	105	228	219	228	195	169	212	203	197	195	138	159	138	120	114	132	66	114	163	225	53	55	68	69	53	236	238	226	235	236	141	59	138	141	276	211	268	120	211	36	51	57	36	
120	100	112	96	132	86	100	192	194	147	239	192	76	13	0	76	114	114	179	109	113	114	35	28	33	82	35	136	58	71	106	73	49	58	173	25	73	93	64	25	197	247	180	214	199	197	32	33	102	36	28	32	256	106	57	114	106	184	185	87	184	130	164	220	208	176	220	88	109	194	193	194	31	39	74	34	82	31	111	79	111	173	156	178	142	173	215	212	216	240	215	262	223	262	118	87	78	128	132	118	114	100	86	96	114	224	226	228	242	226	224	92	111	33	147	92	103	114	103	256	171	256	175	147	200	209	171	175	80	101	80	221	220	255	221	262	245	301	262	106	37	107	114	65	106	203	271	203	246	227	254	245	246	47	61	123	45	47	112	148	161	148	96	100	114	120	96	195	211	190	193	200	195	77	87	77	206	123	125	25	123	107	110	151	125	122	107	215	207	215	187	161	205	196	191	187	128	152	128	111	103	119	67	103	152	217	40	42	55	57	40	224	226	214	223	224	128	50	125	128	264	198	256	107	198	32	63	70	32	
147	176	188	170	205	159	176	173	176	133	219	173	0	67	76	0	72	72	125	73	76	72	97	48	57	107	97	178	93	112	95	86	84	93	245	98	115	113	43	98	195	255	185	213	220	195	106	94	176	110	104	106	244	152	124	185	152	153	162	101	153	192	222	198	211	192	198	22	141	250	249	250	99	105	122	88	116	99	182	144	182	189	174	211	192	189	237	234	227	280	237	285	246	285	140	105	126	163	150	140	175	148	140	151	175	198	201	195	221	199	198	99	114	102	141	99	125	177	125	226	119	226	139	88	174	192	152	139	124	143	124	196	195	248	196	265	247	303	265	135	89	138	140	125	135	183	263	183	269	251	277	251	269	40	104	48	47	40	147	175	199	175	115	141	136	145	115	244	265	241	246	249	244	89	105	89	268	144	121	98	144	57	55	79	69	59	57	254	241	254	183	161	193	188	173	183	154	150	154	125	136	165	41	136	181	211	101	103	121	107	101	258	260	245	257	258	191	83	179	191	298	258	327	175	258	103	30	80	103	
112	201	214	188	216	172	201	102	105	67	148	102	72	114	114	72	0	1	66	8	7	0	147	91	82	174	147	149	88	102	43	65	85	88	250	139	176	181	51	139	130	193	124	147	169	130	134	111	191	138	135	134	173	132	136	194	132	81	90	70	81	185	206	126	148	139	126	51	111	229	228	229	120	121	114	103	96	120	191	148	191	137	125	171	168	137	185	182	167	240	185	231	195	231	102	76	117	130	106	102	168	131	132	141	168	126	130	123	149	127	126	63	66	123	79	63	92	173	92	154	57	154	68	41	103	121	82	68	111	121	111	125	124	179	125	199	181	236	199	103	102	107	106	129	103	111	194	111	217	201	224	188	217	68	100	91	69	68	117	133	163	133	83	119	99	108	83	216	240	216	220	221	216	66	76	66	252	104	65	126	104	16	22	71	22	36	16	215	201	215	117	99	124	121	103	117	115	89	115	84	107	143	48	107	142	144	114	116	133	107	114	215	217	199	214	215	186	84	164	186	253	241	327	179	241	146	100	149	146	
111	200	213	188	215	172	200	102	105	66	148	102	72	114	114	72	1	0	66	8	6	1	147	91	81	173	147	148	87	102	42	64	85	87	249	138	176	181	50	138	129	192	123	146	168	129	133	110	191	137	135	133	173	131	136	193	131	81	90	69	81	185	206	126	147	138	126	51	111	229	228	229	119	120	113	102	96	119	190	147	190	136	125	171	168	136	184	181	166	239	184	230	194	230	101	75	116	130	106	101	167	131	131	141	167	126	129	124	149	127	126	63	65	122	78	63	92	172	92	154	57	154	68	42	102	121	82	68	111	121	111	124	123	178	124	198	180	236	198	103	101	107	105	128	103	111	194	111	216	200	223	187	216	68	99	91	69	68	117	133	162	133	82	119	98	107	82	216	240	215	220	220	216	65	76	65	252	103	64	125	103	17	22	72	23	36	17	215	200	215	116	98	124	120	103	116	114	89	114	83	107	143	48	107	141	143	113	115	133	106	113	215	217	199	214	215	185	84	163	185	252	241	326	178	241	145	100	148	145	
158	265	278	252	277	236	265	94	97	88	126	94	125	178	179	125	66	66	0	71	67	66	211	155	147	232	211	196	151	163	95	127	149	151	309	204	238	238	115	204	136	197	140	150	192	136	199	176	255	202	201	199	155	187	200	255	187	60	80	127	60	242	259	105	155	165	105	103	162	277	276	277	184	185	174	168	154	184	252	209	252	164	158	208	218	164	207	204	179	271	207	246	216	246	149	132	177	177	147	149	225	187	191	199	225	99	103	86	124	98	99	119	113	187	103	119	144	231	144	116	10	116	47	38	83	109	83	47	170	176	170	100	100	166	100	198	181	228	198	155	166	159	154	192	155	98	177	98	235	222	240	191	235	133	162	120	134	133	169	173	205	173	136	174	147	154	136	260	286	261	266	264	260	126	133	126	303	148	103	191	148	73	71	73	57	67	73	249	233	249	124	119	119	122	96	124	160	113	160	132	160	195	113	160	182	140	178	180	197	170	178	245	247	228	244	245	243	148	218	243	277	291	383	239	291	210	155	205	210	
104	194	207	181	208	165	194	100	103	62	146	100	73	110	109	73	8	8	71	0	4	8	143	88	77	172	143	141	81	94	35	57	78	81	242	134	174	180	47	134	125	188	118	142	162	125	128	105	184	131	130	128	171	124	129	186	124	81	89	62	81	177	198	125	143	132	125	53	103	221	220	221	113	114	106	97	88	113	183	140	183	130	118	164	160	130	178	175	161	232	178	224	188	224	94	68	109	122	99	94	160	123	124	133	160	126	129	124	148	127	126	55	58	116	73	55	84	165	84	155	62	155	69	49	102	119	79	69	103	113	103	124	123	176	124	194	176	232	194	95	95	99	98	121	95	110	191	110	210	194	217	183	210	65	92	96	65	65	109	126	155	126	75	111	91	100	75	208	232	208	212	213	208	58	68	58	244	96	58	120	96	21	28	79	30	43	21	208	193	208	112	93	121	117	100	112	107	83	107	76	99	135	45	99	134	140	107	109	126	99	107	208	210	192	207	208	178	77	156	178	246	233	319	171	233	141	100	147	141	
106	198	211	185	212	169	198	98	100	61	144	98	76	114	113	76	7	6	67	4	0	7	147	92	81	176	147	143	85	98	37	61	82	85	246	138	178	184	51	138	124	187	117	141	162	124	132	109	188	135	134	132	168	127	133	190	127	77	86	65	77	180	202	122	142	132	122	56	106	224	223	224	117	118	110	101	91	117	187	144	187	130	119	165	163	130	178	175	160	233	178	224	188	224	96	71	113	125	100	96	163	126	128	137	163	122	125	121	145	124	122	58	59	120	72	58	87	169	87	151	58	151	65	46	98	116	77	65	107	117	107	120	119	173	120	193	175	231	193	98	99	102	100	125	98	107	189	107	210	194	217	182	210	69	96	97	69	69	112	127	157	127	77	115	93	102	77	211	235	210	215	215	211	61	72	61	248	97	58	124	97	22	28	77	28	42	22	209	194	209	111	92	119	115	98	111	109	83	109	78	102	138	49	102	136	138	111	113	130	103	111	209	211	193	208	209	181	81	159	181	246	236	322	175	236	145	103	151	145	
112	201	214	188	216	172	201	102	105	67	148	102	72	114	114	72	0	1	66	8	7	0	147	91	82	174	147	149	88	102	43	65	85	88	250	139	176	181	51	139	130	193	124	147	169	130	134	111	191	138	135	134	173	132	136	194	132	81	90	70	81	185	206	126	148	139	126	51	111	229	228	229	120	121	114	103	96	120	191	148	191	137	125	171	168	137	185	182	167	240	185	231	195	231	102	76	117	130	106	102	168	131	132	141	168	126	130	123	149	127	126	63	66	123	79	63	92	173	92	154	57	154	68	41	103	121	82	68	111	121	111	125	124	179	125	199	181	236	199	103	102	107	106	129	103	111	194	111	217	201	224	188	217	68	100	91	69	68	117	133	163	133	83	119	99	108	83	216	240	216	220	221	216	66	76	66	252	104	65	126	104	16	22	71	22	36	16	215	201	215	117	99	124	121	103	117	115	89	115	84	107	143	48	107	142	144	114	116	133	107	114	215	217	199	214	215	186	84	164	186	253	241	327	179	241	146	100	149	146	
151	92	100	94	132	91	92	227	229	182	274	227	97	33	35	97	147	147	211	143	147	147	0	57	67	55	0	162	91	101	141	108	84	91	174	19	40	66	97	19	231	280	214	248	229	231	44	61	102	46	37	44	291	131	74	119	131	219	220	122	219	144	179	255	242	208	255	114	139	210	209	210	55	62	101	65	113	55	116	96	116	204	187	205	164	204	244	241	248	263	244	290	251	290	150	122	104	156	165	150	131	125	109	117	131	259	261	263	277	261	259	127	146	54	182	127	135	128	135	291	203	291	210	178	235	244	206	210	108	128	108	256	255	290	256	295	278	334	295	137	68	137	145	87	137	238	306	238	274	255	282	278	274	79	92	139	78	79	140	177	187	177	129	128	146	151	129	215	228	209	212	220	215	112	121	112	217	155	160	44	155	138	141	176	156	151	138	239	232	239	222	196	240	231	226	222	158	187	158	145	133	144	99	133	180	252	67	67	73	86	67	249	251	241	248	249	141	84	145	141	289	211	256	116	211	17	75	55	17	
123	128	140	123	158	112	128	178	181	134	225	178	48	24	28	48	91	91	155	88	92	91	57	0	20	88	57	146	60	78	91	65	50	60	199	53	86	98	41	53	189	244	175	206	201	189	59	49	129	63	56	59	245	117	79	139	117	166	170	82	166	150	182	206	203	175	206	60	113	211	210	211	53	60	85	45	85	53	136	100	136	171	155	185	156	171	217	215	213	251	217	265	225	265	118	84	89	134	131	118	133	112	100	111	133	208	211	210	228	210	208	84	102	55	137	84	102	134	102	240	147	240	156	122	184	195	157	156	89	110	89	206	204	247	206	257	240	296	257	109	47	110	116	83	109	189	263	189	249	230	257	241	249	23	68	95	24	23	117	151	169	151	93	109	114	121	93	209	227	205	209	214	209	69	83	69	226	123	115	51	123	82	85	123	99	95	82	225	214	225	179	153	194	186	177	179	130	143	130	107	107	131	43	107	156	209	57	59	76	68	57	231	233	220	230	231	149	50	140	149	271	217	282	130	217	58	40	68	58	
103	125	137	117	150	103	125	162	164	117	209	162	57	36	33	57	82	81	147	77	81	82	67	20	0	105	67	127	41	59	75	46	31	41	189	57	101	116	32	57	171	225	156	188	181	171	55	38	121	59	55	55	228	99	68	129	99	153	155	62	153	136	167	190	184	156	190	62	93	195	194	195	44	49	68	32	66	44	126	87	126	152	136	165	138	152	197	195	194	232	197	245	206	245	98	64	71	115	112	98	118	94	84	95	118	193	196	196	212	195	193	65	84	47	119	65	83	120	83	225	138	225	143	116	169	179	141	143	71	91	71	191	189	229	191	238	221	277	238	89	33	91	96	69	89	173	245	173	229	211	237	222	229	18	50	105	14	18	98	132	150	132	74	90	94	102	74	191	211	188	192	196	191	50	64	50	211	103	97	46	103	75	80	125	93	93	75	206	195	206	161	135	177	168	161	161	110	125	110	88	88	113	36	88	137	191	44	46	65	51	44	212	214	201	211	212	135	30	124	135	252	202	271	118	202	64	58	87	64	
201	137	143	144	180	144	137	266	268	222	313	266	107	71	82	107	174	173	232	172	176	174	55	88	105	0	55	216	139	152	179	151	130	139	222	74	24	12	126	74	276	328	260	293	280	276	99	113	152	101	92	99	333	185	129	170	185	252	257	167	252	198	233	293	288	257	293	129	190	264	263	264	108	116	154	115	163	108	168	150	168	254	237	258	219	254	296	293	297	318	296	343	304	343	199	167	157	209	213	199	185	179	163	172	185	295	298	296	316	297	295	170	189	108	224	170	184	182	184	326	226	326	241	195	271	283	244	241	161	181	161	293	292	334	293	342	325	381	342	187	118	188	195	141	187	276	350	276	327	308	335	326	327	109	142	134	112	109	193	229	240	229	176	181	195	201	176	269	282	263	266	274	269	155	167	155	270	204	202	98	204	161	161	181	176	166	161	294	286	294	266	240	282	273	265	266	209	230	209	191	184	198	128	184	233	296	120	120	128	138	120	303	305	294	302	303	195	130	199	195	343	265	303	170	265	71	77	28	71	
151	92	100	94	132	91	92	227	229	182	274	227	97	33	35	97	147	147	211	143	147	147	0	57	67	55	0	162	91	101	141	108	84	91	174	19	40	66	97	19	231	280	214	248	229	231	44	61	102	46	37	44	291	131	74	119	131	219	220	122	219	144	179	255	242	208	255	114	139	210	209	210	55	62	101	65	113	55	116	96	116	204	187	205	164	204	244	241	248	263	244	290	251	290	150	122	104	156	165	150	131	125	109	117	131	259	261	263	277	261	259	127	146	54	182	127	135	128	135	291	203	291	210	178	235	244	206	210	108	128	108	256	255	290	256	295	278	334	295	137	68	137	145	87	137	238	306	238	274	255	282	278	274	79	92	139	78	79	140	177	187	177	129	128	146	151	129	215	228	209	212	220	215	112	121	112	217	155	160	44	155	138	141	176	156	151	138	239	232	239	222	196	240	231	226	222	158	187	158	145	133	144	99	133	180	252	67	67	73	86	67	249	251	241	248	249	141	84	145	141	289	211	256	116	211	17	75	55	17	
38	133	143	114	115	98	133	140	140	112	170	140	178	148	136	178	149	148	196	141	143	149	162	146	127	216	162	0	86	68	106	94	96	86	129	143	201	228	136	143	112	134	92	121	76	112	118	104	109	118	125	118	172	31	90	96	31	158	144	81	158	60	64	163	112	68	163	172	39	81	80	81	108	100	62	103	63	108	95	73	95	65	54	44	23	65	87	86	104	105	87	131	93	131	48	76	59	19	51	48	53	37	54	47	53	172	172	187	177	176	172	87	85	108	98	87	57	62	57	204	186	204	160	188	156	146	129	160	57	36	57	168	166	166	168	153	140	189	153	46	100	42	43	76	46	148	179	148	115	96	123	134	115	139	78	222	133	139	32	34	25	34	67	37	51	42	67	68	92	67	72	73	68	91	75	91	108	48	93	118	48	158	166	219	171	182	158	80	71	80	111	93	134	122	136	111	37	92	37	66	43	19	139	43	29	134	97	96	90	79	97	88	90	80	87	88	64	97	35	64	128	95	190	80	95	147	185	205	147	
63	115	128	101	128	85	115	141	143	97	185	141	93	68	58	93	88	87	151	81	85	88	91	60	41	139	91	86	0	19	60	25	10	0	163	74	130	150	55	74	140	189	123	157	142	140	57	32	104	59	62	57	200	59	49	106	59	140	136	33	140	102	130	168	151	118	168	92	53	157	156	157	41	38	30	26	25	41	103	60	103	115	98	125	99	115	158	155	158	191	158	205	166	205	60	31	33	74	74	60	84	55	48	58	84	175	176	181	190	177	175	39	57	43	93	39	45	88	45	207	141	207	134	129	151	155	121	134	31	51	31	171	169	200	171	204	187	243	204	49	24	50	56	41	49	151	216	151	189	171	197	187	189	54	12	140	47	54	57	92	109	92	38	49	56	62	38	151	172	148	153	156	151	26	30	26	175	65	72	51	65	90	96	148	107	112	90	165	154	165	131	106	151	140	139	131	70	96	70	54	47	72	58	47	96	162	31	32	46	19	31	171	173	160	170	171	102	11	86	102	211	165	242	92	165	81	99	125	81	
50	109	122	93	115	75	109	142	143	99	184	142	112	82	71	112	102	102	163	94	98	102	101	78	59	152	101	68	19	0	68	38	29	19	148	82	141	163	73	82	134	179	116	150	129	134	61	40	94	62	67	61	196	40	44	93	40	145	139	37	145	84	111	169	144	107	169	110	38	138	137	138	46	40	12	37	14	46	90	47	90	103	86	109	80	103	144	142	147	173	144	192	152	192	50	33	15	58	65	50	66	36	30	40	66	176	177	184	190	179	176	45	59	47	93	45	36	71	36	209	153	209	141	143	154	155	123	141	12	32	12	172	170	194	172	195	179	234	195	37	34	37	44	31	37	152	210	152	176	157	184	177	176	72	10	159	66	72	41	78	92	78	35	31	46	50	35	133	153	129	134	138	133	37	32	37	157	55	74	57	55	106	113	166	122	129	106	147	138	147	127	102	148	137	139	127	58	94	58	49	33	54	77	33	81	157	34	34	41	15	34	155	157	144	154	155	84	29	68	84	195	147	225	77	147	88	117	139	88	
69	175	188	160	183	143	175	87	90	43	134	87	95	111	106	95	43	42	95	35	37	43	141	91	75	179	141	106	60	68	0	36	62	60	214	128	176	188	56	128	101	160	90	119	129	101	115	90	162	117	118	115	154	92	109	161	92	80	80	32	80	147	166	115	116	100	115	80	69	187	186	187	99	98	80	82	59	99	158	115	158	97	84	129	126	97	146	143	132	198	146	193	155	193	59	37	82	88	64	59	130	92	96	104	130	119	121	123	137	121	119	24	23	101	47	24	50	136	50	151	85	151	74	82	95	104	66	74	75	82	75	116	114	157	116	171	153	209	171	61	80	65	63	99	61	98	173	98	178	161	185	156	178	71	69	127	67	71	75	91	120	91	42	80	56	65	42	174	198	173	178	178	174	34	38	34	211	61	26	108	61	55	62	114	65	78	55	173	159	173	89	66	103	96	86	89	72	55	72	41	66	102	56	66	99	119	90	92	106	77	90	174	176	158	173	174	148	61	124	148	212	199	288	145	199	135	116	158	135	
62	140	153	126	151	109	140	120	122	75	166	120	86	80	73	86	65	64	127	57	61	65	108	65	46	151	108	94	25	38	36	0	27	25	185	94	145	162	43	94	125	179	110	142	137	125	80	55	128	82	83	80	183	71	74	129	71	116	114	17	116	121	146	148	138	111	148	78	56	171	170	171	64	62	49	47	33	64	126	83	126	107	91	126	110	107	154	151	148	195	154	202	163	202	55	20	52	78	67	55	103	69	67	77	103	153	154	159	170	155	153	19	38	66	74	19	40	108	40	185	117	185	109	106	129	136	99	109	47	61	47	149	148	183	149	192	175	231	192	50	45	53	55	65	50	131	199	131	186	168	194	176	186	50	35	128	44	50	62	90	114	90	30	59	51	60	30	162	184	160	164	167	162	4	20	4	192	60	52	73	60	69	76	129	85	92	69	169	156	169	115	89	132	123	118	115	69	79	69	43	51	84	45	51	96	145	55	56	71	43	55	173	175	160	172	173	121	26	102	121	213	181	262	114	181	100	98	133	100	
73	116	129	103	132	87	116	146	148	101	191	146	84	59	49	84	85	85	149	78	82	85	84	50	31	130	84	96	10	29	62	27	0	10	169	68	122	141	47	68	148	199	131	165	152	148	53	28	106	55	57	53	207	68	51	110	68	142	140	39	142	110	138	174	159	128	174	84	63	166	165	166	37	36	38	21	35	37	107	65	107	124	108	135	108	124	168	165	167	201	168	215	176	215	70	38	42	84	84	70	92	64	56	67	92	179	180	185	196	181	179	44	63	39	99	44	54	95	54	211	140	211	136	125	155	161	125	136	41	61	41	175	174	207	175	213	196	252	213	59	18	60	66	46	59	157	223	157	199	181	207	196	199	44	20	131	37	44	67	102	119	102	47	59	66	72	47	161	181	158	162	166	161	29	38	29	184	75	78	46	75	85	91	142	103	107	85	175	164	175	139	113	157	147	144	139	80	103	80	62	57	82	51	57	106	169	29	31	48	24	29	181	183	170	180	181	110	1	95	110	221	174	249	97	174	74	89	115	74	
63	115	128	101	128	85	115	141	143	97	185	141	93	68	58	93	88	87	151	81	85	88	91	60	41	139	91	86	0	19	60	25	10	0	163	74	130	150	55	74	140	189	123	157	142	140	57	32	104	59	62	57	200	59	49	106	59	140	136	33	140	102	130	168	151	118	168	92	53	157	156	157	41	38	30	26	25	41	103	60	103	115	98	125	99	115	158	155	158	191	158	205	166	205	60	31	33	74	74	60	84	55	48	58	84	175	176	181	190	177	175	39	57	43	93	39	45	88	45	207	141	207	134	129	151	155	121	134	31	51	31	171	169	200	171	204	187	243	204	49	24	50	56	41	49	151	216	151	189	171	197	187	189	54	12	140	47	54	57	92	109	92	38	49	56	62	38	151	172	148	153	156	151	26	30	26	175	65	72	51	65	90	96	148	107	112	90	165	154	165	131	106	151	140	139	131	70	96	70	54	47	72	58	47	96	162	31	32	46	19	31	171	173	160	170	171	102	11	86	102	211	165	242	92	165	81	99	125	81	
159	85	82	80	42	87	85	267	267	234	299	267	245	185	173	245	250	249	309	242	246	250	174	199	189	222	174	129	163	148	214	185	169	163	0	159	199	232	215	159	240	251	221	249	194	240	141	151	72	138	146	141	299	125	121	60	125	281	270	182	281	70	74	291	239	195	291	250	152	89	89	89	146	140	136	158	156	146	63	104	63	192	183	154	107	192	198	199	226	167	198	226	199	226	168	177	134	144	177	168	85	124	119	110	85	300	300	314	306	303	300	190	199	144	223	190	168	78	168	332	299	332	281	291	283	274	255	281	140	135	140	295	293	292	295	271	262	303	271	158	157	154	161	123	158	275	304	275	213	199	220	254	213	207	151	293	201	207	146	163	140	163	174	137	168	163	174	113	103	104	103	116	113	185	176	185	70	171	211	149	171	253	259	311	270	275	253	154	161	154	240	220	263	251	263	240	162	218	162	181	152	120	219	152	156	261	145	143	124	145	145	170	172	177	171	170	68	170	96	68	197	75	83	72	75	158	236	228	158	
132	80	91	80	117	75	80	214	216	169	258	214	98	31	25	98	139	138	204	134	138	139	19	53	57	74	19	143	74	82	128	94	68	74	159	0	59	85	89	0	214	261	197	231	210	214	25	43	87	27	18	25	274	112	55	102	112	208	208	106	208	125	160	241	225	189	241	112	120	191	190	191	36	43	82	48	95	36	99	77	99	185	168	186	145	185	225	222	229	244	225	271	232	271	132	105	85	137	147	132	112	106	90	98	112	247	248	251	263	249	247	112	130	35	166	112	118	109	118	279	195	279	199	172	223	228	193	199	89	109	89	243	242	274	243	277	261	316	277	119	51	118	126	68	119	224	290	224	255	236	263	259	255	72	74	144	70	72	121	158	168	158	112	109	128	132	112	196	209	190	193	201	196	97	104	97	199	137	145	25	137	132	135	175	150	147	132	220	213	220	205	180	224	214	212	205	139	170	139	128	114	125	92	114	161	236	48	48	54	67	48	230	232	222	229	230	123	69	126	123	270	193	242	98	193	7	80	71	7	
191	114	119	122	158	124	114	263	265	218	310	263	115	66	73	115	176	176	238	174	178	176	40	86	101	24	40	201	130	141	176	145	122	130	199	59	0	33	127	59	269	319	253	286	269	269	83	101	130	84	76	83	328	170	112	149	170	252	256	160	252	179	214	291	281	247	291	136	179	245	244	245	95	102	141	105	153	95	146	133	146	243	226	244	202	243	284	281	287	302	284	330	291	330	189	160	144	196	204	189	167	164	147	156	167	294	297	296	313	296	294	164	183	94	219	164	174	163	174	326	231	326	242	202	270	280	242	242	148	168	148	292	290	328	292	334	317	373	334	177	107	177	184	125	177	274	344	274	314	295	322	317	314	109	131	148	110	109	180	217	226	217	168	168	185	190	168	252	263	245	248	257	252	149	159	149	249	194	197	84	194	165	167	193	181	173	165	278	271	278	260	234	277	268	262	260	198	224	198	183	173	182	129	173	220	290	107	107	111	126	107	288	290	280	287	288	176	122	182	176	328	244	279	150	244	54	87	43	54	
213	147	152	155	191	156	147	275	277	231	322	275	113	82	93	113	181	181	238	180	184	181	66	98	116	12	66	228	150	163	188	162	141	150	232	85	33	0	135	85	286	339	271	303	292	286	110	124	163	112	103	110	342	197	140	182	197	261	266	178	261	210	245	302	299	268	302	135	201	276	275	276	120	128	166	127	175	120	179	162	179	265	248	270	230	265	307	304	308	329	307	354	315	354	210	178	169	220	224	210	197	191	175	183	197	304	307	304	325	306	304	181	199	120	234	181	195	194	195	334	232	334	249	201	280	292	253	249	172	193	172	302	301	344	302	353	336	392	353	199	129	199	206	153	199	285	360	285	338	319	346	337	338	118	153	136	121	118	204	240	252	240	187	192	206	212	187	281	294	275	278	286	281	166	178	166	281	215	212	110	215	168	168	185	182	172	168	305	298	305	276	250	291	284	274	276	220	240	220	202	195	210	136	195	244	306	131	132	139	149	131	315	317	306	314	315	207	141	211	207	355	276	312	181	276	83	83	33	83	
