NAME:	instance_28-triangle
TYPE:	VRPRDL
DIMENSION:	226
CAPACITY:	750
TIME_HORIZON:	720
NUM_CUSTOMERS:	61
NODE_COORD_SECTION
1	0.0	0.0
2	-87.4186812348	49.0262342627
3	-95.5670261212	42.5639974751
4	-58.2266621898	-31.2797313189
5	-66.4463628586	-3.83998138502
6	-87.4186812348	49.0262342627
7	-32.5783777853	-35.1720982131
8	9.20083164133	1.78407216719
9	-9.45666200815	-82.5440347542
10	-26.4428660928	-100.217733697
11	-39.6821842914	-31.5436831381
12	-61.2084636945	-114.248836209
13	-6.33620227426	-123.093194039
14	-9.45666200815	-82.5440347542
15	-138.574751428	23.6707049047
16	-132.578773964	41.9260623148
17	-167.046491473	27.2943343202
18	-135.959797766	42.0185861118
19	-138.574751428	23.6707049047
20	1.48548705944	35.3673254242
21	-81.6458234876	1.36185627469
22	1.48548705944	35.3673254242
23	-47.0539682353	-93.4445985908
24	-33.2623136041	-21.0136499444
25	-94.1785225809	-133.838175101
26	-47.0539682353	-93.4445985908
27	144.941079386	26.3366368759
28	180.915921038	77.2621340808
29	144.118680558	-38.3524191636
30	73.5422244106	29.4324534456
31	144.941079386	26.3366368759
32	38.7941084463	60.7317178311
33	-15.1999101717	104.383816645
34	34.7489592785	60.1971108283
35	14.5065096706	127.762970749
36	19.4680389016	47.6771476439
37	38.7941084463	60.7317178311
38	98.7255892816	26.3610807177
39	142.776868406	-6.13733804842
40	98.7255892816	26.3610807177
41	74.5373306141	-21.6917836112
42	95.5807684137	-30.8903449034
43	80.6273466743	-37.7133492211
44	65.1475270915	-27.0960909962
45	42.8585227788	5.87782026509
46	74.5373306141	-21.6917836112
47	-87.9207339916	-88.3629748318
48	-37.8675724878	31.9173974965
49	-42.0274370137	40.9049511521
50	-80.4824622298	77.7682335215
51	-48.8499775778	54.9036131806
52	-44.3935328609	-29.4350397503
53	-37.8675724878	31.9173974965
54	150.175373586	58.9745064377
55	159.063099647	81.499940724
56	134.0428699	20.8371456077
57	230.936475396	58.2903594784
58	150.175373586	58.9745064377
59	-63.4024095302	-123.099607939
60	-49.4668578161	-47.9478158216
61	-72.1625674857	63.0819286459
62	-49.4668578161	-47.9478158216
63	2.74435179316	4.82758269068
64	11.0013651579	20.191942332
65	-42.8045587365	18.8238084665
66	-47.7708281637	-32.306671201
67	-13.9017095902	7.47789490233
68	11.0013651579	20.191942332
69	-61.0848737456	51.2494182749
70	-60.0319857096	60.7014249245
71	-98.1074748628	41.7666658995
72	-83.0911312458	65.6488144308
73	-38.8808411388	70.5349677556
74	-61.0848737456	51.2494182749
75	3.25854540254	9.79403349313
76	-91.4089989421	-38.8732654328
77	-76.3583394952	-44.8302292181
78	-91.4089989421	-38.8732654328
79	76.292514932	19.5852772862
80	90.7120764191	21.9820586094
81	87.9962457342	31.7618519259
82	47.2857960887	68.053140732
83	76.292514932	19.5852772862
84	-25.2268100667	9.65722025635
85	33.3502735337	-29.7866853614
86	-25.9506898135	73.9497732933
87	-25.2268100667	9.65722025635
88	34.3273144388	40.2460428569
89	37.8423794856	26.7817249186
90	57.7533611811	66.169552016
91	34.3273144388	40.2460428569
92	-30.9697270126	92.1048039699
93	21.1591765163	-12.018176305
94	-28.4547780848	110.20910297
95	-30.9697270126	92.1048039699
96	-17.8071054425	-85.1952085971
97	156.666585183	-80.7645899949
98	146.927327878	-43.302486372
99	156.666585183	-80.7645899949
100	-32.2502418734	31.8803996073
101	-38.1495793169	69.5496569467
102	-20.6155667243	99.1315603452
103	-22.4371060859	-5.09495487908
104	-59.1460309667	37.3114749343
105	-32.2502418734	31.8803996073
106	-21.029367992	164.139778599
107	-27.6013942572	172.374689953
108	-21.029367992	164.139778599
109	122.943686808	29.9704955181
110	111.047266567	125.607477417
111	122.943686808	29.9704955181
112	-7.88085478134	105.627675679
113	6.61012850847	-144.887628191
114	-32.1397957807	72.9928115491
115	-59.237788359	48.4289411129
116	-32.1397957807	72.9928115491
117	-18.6442862412	-62.7310190957
118	-41.396332391	-54.2677114768
119	55.6096878382	-70.9989655256
120	35.9872593909	-56.0919051531
121	-18.6442862412	-62.7310190957
122	-61.7096772881	-81.1672159911
123	-51.3024244548	-84.297482447
124	-4.195877173	-113.111850188
125	-64.0275869371	-81.5402959033
126	-9.02325688841	-36.394141426
127	-61.7096772881	-81.1672159911
128	33.0123982865	-8.0845877739
129	-94.185808344	-27.1731911981
130	33.0123982865	-8.0845877739
131	3.95263286094	-6.03695914264
132	1.94257299873	-11.7295684436
133	-47.7685321008	-60.8226453061
134	6.07775369729	-13.7736874582
135	3.95263286094	-6.03695914264
136	-81.7795203193	67.7112734863
137	-159.288682363	72.5264627042
138	1.70490907164	-46.755246709
139	46.6387752165	-103.465185042
140	36.8275397385	-138.330763606
141	1.70490907164	-46.755246709
142	2.24661530346	-0.978152016026
143	-25.4987904039	-13.8890181645
144	48.8138778453	-29.2484103634
145	-11.9274433406	-38.4085737756
146	2.24661530346	-0.978152016026
147	-58.8775716452	55.0431761297
148	-159.910364594	-62.5371102635
149	-152.03964649	-86.4770973479
150	-195.623703194	-75.8893051099
151	-131.016909276	-71.7071988929
152	-167.878215634	-113.082121158
153	-159.910364594	-62.5371102635
154	-84.62782307	72.8100931759
155	-65.3410518366	83.4225652494
156	-43.418701264	58.5366924117
157	-110.478021617	36.7251955731
158	-84.98069706	69.67577357
159	-84.62782307	72.8100931759
160	3.21464708101	102.110234358
161	123.69262064	47.1522535808
162	3.21464708101	102.110234358
163	-152.59745412	87.9917569527
164	-145.887298078	51.3659175269
165	-176.535411619	45.0957422394
166	-103.918046148	25.3835525492
167	-96.9374230141	19.981139485
168	-175.080169349	71.2601534035
169	-145.887298078	51.3659175269
170	-25.9480624234	173.207351735
171	-82.2712804069	168.586099533
172	-43.6496048927	134.991403824
173	-50.3091498567	172.256552803
174	-79.8484799441	150.072283073
175	-25.9480624234	173.207351735
176	-34.5252124595	-93.2974905754
177	-54.6384049784	55.4259991233
178	-34.5252124595	-93.2974905754
179	78.3810151679	71.9555047743
180	37.9495874484	73.2827047872
181	88.5273495156	28.6297904662
182	-10.1226371932	-23.5360321242
183	37.9495874484	73.2827047872
184	-2.80955874185	138.730324252
185	9.96833623626	129.780024886
186	-34.3439735533	122.256209572
187	-2.80955874185	138.730324252
188	-3.99812127236	-64.2575318134
189	10.6916654138	-123.008072898
190	-3.45850135753	-88.1326641157
191	31.978874494	-94.3719730553
192	-3.99812127236	-64.2575318134
193	20.2132938916	46.6812433137
194	38.6109919884	35.5687263026
195	18.0925216036	73.5373205143
196	20.2132938916	46.6812433137
197	-42.8368175809	7.09508581182
198	-44.24009412	9.50572890677
199	-82.9074724952	-7.47255555437
200	-44.7830038844	5.75115721857
201	-41.2072704811	15.0054639273
202	-42.8368175809	7.09508581182
203	28.0632267126	15.3688395836
204	33.0802450716	12.0443887896
205	-28.4007937732	32.1370122601
206	69.2472106634	15.4742154315
207	28.0632267126	15.3688395836
208	80.048408532	160.294835705
209	132.048748066	202.375880125
210	69.5304655433	127.115567247
211	80.048408532	160.294835705
212	73.8440942863	113.688903863
213	67.8393224575	106.052192683
214	11.7855315619	123.382103604
215	89.4142913138	153.11951357
216	79.2178513333	110.294964971
217	73.8440942863	113.688903863
218	-123.436386579	-115.554164185
219	-66.1810015507	-59.1197676092
220	-123.436386579	-115.554164185
221	-7.63511744708	-49.4869829484
222	-55.8451914697	-27.8464892322
223	-6.84956596273	-60.0063213088
224	17.8700824604	-24.3520912436
225	-5.76777058694	-56.4741828869
226	-7.63511744708	-49.4869829484
EDGE_WEIGHT_SECTION
0	100	105	66	67	100	48	9	83	103	51	130	123	83	140	139	169	142	140	35	82	35	105	39	163	105	147	196	149	79	147	72	105	69	128	51	72	101	143	101	77	100	89	70	43	77	125	50	58	111	73	53	50	161	179	135	237	161	138	69	95	69	6	23	47	57	16	23	80	85	107	106	80	80	10	99	88	99	78	93	93	83	78	27	44	78	27	53	46	88	53	97	24	114	97	87	176	153	176	45	79	101	23	70	45	165	174	165	125	168	125	106	145	80	77	80	65	68	90	66	65	102	99	113	103	37	102	34	98	34	7	12	77	15	7	106	175	47	113	143	47	2	29	56	40	2	80	171	174	209	149	202	171	111	106	73	116	109	111	102	132	102	176	154	182	107	99	189	154	175	187	142	179	169	175	99	77	99	106	82	93	26	82	138	130	127	138	64	123	88	100	64	51	52	75	51	43	45	83	45	44	43	32	35	43	71	32	179	241	144	179	135	126	124	177	136	135	169	89	169	50	62	60	30	57	50	
100	0	10	85	57	0	100	107	153	161	94	165	190	153	57	46	83	49	57	90	48	90	148	89	183	148	233	269	247	162	233	126	91	122	129	107	126	187	236	187	176	199	189	170	137	176	137	52	46	29	39	89	52	237	248	223	318	237	173	104	21	104	100	102	54	90	84	102	26	30	13	17	53	26	99	88	94	88	166	180	176	136	166	74	144	66	74	122	127	146	122	71	124	85	71	151	276	252	276	58	53	84	85	31	58	133	137	133	211	212	211	98	215	60	28	60	131	113	187	162	131	132	138	182	133	116	132	133	76	133	106	108	116	112	106	19	76	131	203	224	131	102	88	156	116	102	29	133	150	165	128	181	133	24	41	45	26	21	24	105	210	105	76	59	89	29	31	90	59	138	120	96	128	101	138	151	33	151	167	127	177	106	127	123	127	90	123	141	198	160	186	141	107	127	108	107	61	59	57	61	57	61	120	126	61	160	120	201	268	175	201	173	165	124	205	177	173	168	110	168	127	83	136	128	133	127	
105	10	0	83	55	10	100	112	152	159	93	160	188	152	47	37	73	40	47	97	43	97	144	89	176	144	240	279	253	169	240	136	101	132	139	115	136	194	243	194	181	204	194	175	143	181	131	59	54	38	48	88	59	246	257	230	327	246	168	102	31	102	105	109	58	89	89	109	36	40	3	26	63	36	104	82	89	82	173	187	184	145	173	78	148	76	78	130	134	155	130	81	129	95	81	150	281	257	281	64	63	94	87	37	64	142	146	142	218	222	218	108	213	70	37	70	130	111	189	164	130	127	134	181	128	117	127	138	70	138	111	112	114	116	111	28	70	132	204	224	132	107	90	161	116	107	39	123	141	155	120	172	123	32	51	55	16	29	32	115	219	115	73	51	81	19	23	85	51	147	127	105	137	109	147	149	43	149	176	137	184	108	137	133	137	100	133	141	197	160	187	141	116	134	117	116	64	61	52	63	61	64	127	132	68	167	127	211	278	185	211	183	175	134	215	187	183	161	105	161	127	81	136	132	134	127	
66	85	83	0	29	85	26	75	71	76	19	83	105	71	97	104	124	107	97	89	40	89	63	27	109	63	211	262	202	145	211	133	142	130	174	111	133	167	202	167	133	154	139	123	108	133	64	66	74	111	87	14	66	227	245	199	302	227	92	19	95	19	71	86	52	11	59	86	83	92	83	100	104	83	74	34	23	34	144	158	159	144	144	52	92	110	52	117	112	151	117	126	82	144	126	67	220	205	220	68	103	135	44	69	68	198	206	198	191	230	191	145	130	107	80	107	51	28	121	97	51	50	53	98	51	49	50	94	36	94	67	63	31	67	67	102	145	62	127	143	62	68	37	107	47	68	86	106	109	144	83	137	106	107	115	91	86	104	107	147	198	147	152	120	141	73	64	155	120	207	201	167	204	182	207	66	87	66	171	142	158	49	142	178	175	155	178	63	114	79	110	63	110	117	129	110	41	43	34	39	49	41	98	101	70	136	98	236	301	203	236	196	186	169	236	197	196	107	29	107	54	4	59	76	58	54	
67	57	55	29	0	57	46	76	97	104	39	110	133	97	77	80	105	83	77	78	16	78	92	37	133	92	213	260	213	144	213	123	120	119	154	100	123	167	209	167	142	164	151	134	110	142	87	46	51	83	61	34	46	225	241	202	303	225	119	47	67	47	70	81	33	34	54	81	55	65	56	71	79	55	71	43	42	43	144	159	158	134	144	43	103	88	43	110	108	142	110	102	88	120	102	95	236	217	236	49	78	112	44	42	49	174	180	174	191	219	191	124	158	84	53	84	76	56	139	115	76	77	82	126	78	66	77	99	36	99	70	69	60	73	70	73	120	80	150	169	80	69	42	118	65	69	59	110	119	148	94	149	110	78	87	66	60	75	78	127	196	127	126	96	120	48	39	131	96	181	173	140	176	154	181	95	60	95	163	129	158	60	129	155	154	130	155	87	142	105	133	87	100	112	114	100	26	26	17	24	31	26	96	101	52	137	96	220	286	188	220	183	173	149	221	184	183	125	55	125	74	26	82	87	80	74	
100	0	10	85	57	0	100	107	153	161	94	165	190	153	57	46	83	49	57	90	48	90	148	89	183	148	233	269	247	162	233	126	91	122	129	107	126	187	236	187	176	199	189	170	137	176	137	52	46	29	39	89	52	237	248	223	318	237	173	104	21	104	100	102	54	90	84	102	26	30	13	17	53	26	99	88	94	88	166	180	176	136	166	74	144	66	74	122	127	146	122	71	124	85	71	151	276	252	276	58	53	84	85	31	58	133	137	133	211	212	211	98	215	60	28	60	131	113	187	162	131	132	138	182	133	116	132	133	76	133	106	108	116	112	106	19	76	131	203	224	131	102	88	156	116	102	29	133	150	165	128	181	133	24	41	45	26	21	24	105	210	105	76	59	89	29	31	90	59	138	120	96	128	101	138	151	33	151	167	127	177	106	127	123	127	90	123	141	198	160	186	141	107	127	108	107	61	59	57	61	57	61	120	126	61	160	120	201	268	175	201	173	165	124	205	177	173	168	110	168	127	83	136	128	133	127	
48	100	100	26	46	100	0	56	53	65	8	84	92	53	121	126	148	129	121	78	61	78	60	14	116	60	187	240	176	124	187	119	140	116	169	98	119	144	177	144	108	128	113	97	86	108	77	67	77	123	91	13	67	205	224	175	279	205	93	21	106	21	53	70	55	15	46	70	90	99	101	113	106	90	57	59	45	59	121	135	138	130	121	45	66	109	45	100	94	135	100	127	58	145	127	52	195	180	195	67	105	134	31	77	67	199	207	199	168	215	168	143	116	108	87	108	31	21	95	72	31	54	53	83	56	24	54	70	62	70	47	42	30	44	47	114	166	36	104	124	36	49	22	81	21	49	94	130	130	168	105	156	130	120	122	94	106	117	120	141	176	141	172	142	164	94	85	177	142	208	209	170	208	190	208	58	93	58	154	129	136	25	129	176	169	157	176	41	98	60	87	41	97	100	119	97	43	46	57	43	51	43	79	81	67	113	79	225	288	191	225	182	173	164	224	183	182	121	41	121	29	24	36	52	34	29	
9	107	112	75	76	107	56	0	86	108	59	135	126	86	149	147	177	150	149	34	91	34	110	48	170	110	138	187	141	70	138	66	105	64	126	47	66	92	134	92	69	92	82	63	34	69	132	56	64	117	79	62	56	152	170	126	228	152	144	77	101	77	7	18	55	66	24	18	86	91	114	112	84	86	10	108	97	108	69	84	84	76	69	35	40	80	35	46	38	81	46	99	18	115	99	91	169	145	169	51	83	101	32	77	51	165	174	165	116	160	116	105	147	82	83	82	70	75	86	64	70	108	104	116	110	42	108	26	107	26	9	15	84	16	9	112	182	49	112	143	49	7	38	50	45	7	86	180	183	218	158	211	180	117	110	77	124	115	117	100	123	100	183	162	190	115	107	196	162	175	190	143	180	173	175	104	83	104	99	77	84	31	77	137	128	128	137	67	125	91	99	67	46	45	72	46	52	54	92	54	52	52	23	26	48	62	23	174	235	139	174	129	119	121	171	129	129	177	97	177	54	71	64	28	60	54	
83	153	152	71	97	153	53	86	0	25	59	61	41	0	167	175	192	178	167	118	111	118	39	66	99	39	189	249	160	139	189	151	187	149	211	133	151	154	170	154	104	117	101	93	103	104	79	118	128	175	143	64	118	213	235	177	279	213	67	53	158	53	88	104	107	63	90	104	143	152	153	165	156	143	93	93	77	93	133	145	150	160	133	94	68	157	94	130	118	162	130	176	77	193	176	9	166	161	166	117	155	182	79	130	117	247	255	247	174	241	174	188	64	157	140	157	22	43	66	53	22	52	42	31	54	46	52	86	101	86	77	71	44	70	77	167	216	37	60	72	37	82	71	79	44	82	146	152	142	186	122	161	152	172	175	145	156	169	172	185	186	185	222	191	210	143	135	226	191	256	261	220	258	243	256	27	145	27	178	162	148	59	162	221	213	206	221	19	45	8	43	19	132	127	158	132	96	98	105	95	103	96	104	103	116	126	104	258	317	223	258	212	203	206	254	211	212	119	61	119	33	72	23	64	26	33	
103	161	159	76	104	161	65	108	25	0	70	37	30	25	166	177	189	180	166	138	116	138	22	79	75	22	213	273	181	164	213	173	205	171	231	154	173	178	193	178	128	140	124	117	126	128	63	132	142	186	156	73	132	237	259	201	302	237	43	57	169	57	109	126	120	71	108	126	155	164	159	175	171	155	113	89	75	89	157	169	174	183	157	110	92	174	110	152	141	185	152	192	100	210	192	17	184	182	184	132	170	199	95	141	132	264	272	264	198	264	198	206	55	173	152	173	38	48	87	76	38	40	30	26	42	66	40	109	99	109	99	93	45	92	99	176	218	60	73	74	60	103	86	103	63	103	159	138	126	171	108	142	138	182	187	159	161	179	182	204	210	204	227	193	209	148	139	226	193	273	274	235	273	255	273	11	158	11	201	184	172	78	184	239	232	222	239	42	44	26	59	42	154	150	178	154	108	111	109	108	116	108	127	126	132	150	127	280	340	246	280	235	226	227	277	234	235	98	57	98	54	78	44	87	48	54	
51	94	93	19	39	94	8	59	59	70	0	85	97	59	113	118	140	121	113	78	53	78	62	12	116	62	193	245	183	129	193	121	138	118	168	98	121	150	184	150	115	135	120	104	91	115	74	63	72	117	87	5	63	210	229	181	285	210	94	19	100	19	56	72	50	8	46	72	85	94	94	106	102	85	60	52	39	52	127	141	142	132	127	44	73	106	44	103	97	138	103	123	64	141	123	58	202	187	202	64	101	132	31	72	64	195	203	195	174	217	174	141	122	104	82	104	38	23	103	80	38	54	54	89	56	31	54	76	55	76	51	46	30	49	51	108	158	44	112	131	44	52	23	88	29	52	89	124	125	162	100	152	124	113	117	90	98	110	113	140	181	140	164	134	156	86	77	169	134	204	204	166	204	185	204	62	88	62	157	130	142	31	130	174	168	153	174	48	104	67	95	48	98	103	119	98	39	41	49	38	47	39	82	85	65	119	82	225	289	192	225	184	174	163	225	185	184	118	38	118	37	17	43	58	42	37	
130	165	160	83	110	165	84	135	61	37	85	0	56	61	158	172	177	173	158	162	117	162	25	97	38	25	249	309	218	197	249	201	223	199	253	181	201	213	230	213	164	177	161	153	159	164	37	147	156	193	170	86	147	273	294	237	339	273	9	67	177	67	135	152	134	83	130	152	165	175	160	181	186	165	140	81	71	81	192	204	209	211	192	129	127	191	129	181	172	216	181	207	131	225	207	52	220	219	220	149	185	216	115	152	149	279	287	279	234	295	234	226	74	188	163	188	67	63	124	113	67	33	32	57	33	94	33	142	93	142	126	120	55	121	126	183	211	92	108	101	92	130	106	139	90	130	169	111	95	140	82	107	111	188	197	173	159	185	188	225	245	225	222	186	197	146	139	218	186	288	283	249	286	264	288	34	170	34	232	212	207	104	212	259	253	237	259	76	72	63	95	76	180	180	203	180	122	125	109	121	130	122	157	157	150	184	157	308	370	274	308	264	254	248	306	264	264	62	55	62	84	87	77	120	80	84	
123	190	188	105	133	190	92	126	41	30	97	56	0	41	196	207	219	210	196	158	145	158	50	106	88	50	213	274	173	172	213	189	228	187	251	173	189	183	190	183	130	137	122	120	138	130	89	158	168	214	183	101	158	240	263	201	299	240	57	87	197	87	128	144	146	100	131	144	182	191	188	203	196	182	133	119	105	119	165	174	181	197	165	134	101	198	134	168	155	199	168	217	114	234	217	40	168	173	168	157	195	223	119	169	157	288	296	288	200	275	200	229	25	198	179	198	62	77	81	79	62	69	59	10	71	87	69	121	129	121	117	112	75	110	117	205	248	77	56	46	77	122	111	109	85	122	185	165	150	195	135	162	165	210	214	185	191	207	210	225	214	225	257	223	239	178	169	256	223	297	300	261	298	282	297	41	184	41	212	200	179	100	200	261	253	247	261	59	17	35	48	59	172	164	198	172	135	138	139	134	142	135	142	140	157	158	142	295	353	260	295	249	240	247	291	248	249	117	87	117	74	107	63	101	67	74	
83	153	152	71	97	153	53	86	0	25	59	61	41	0	167	175	192	178	167	118	111	118	39	66	99	39	189	249	160	139	189	151	187	149	211	133	151	154	170	154	104	117	101	93	103	104	79	118	128	175	143	64	118	213	235	177	279	213	67	53	158	53	88	104	107	63	90	104	143	152	153	165	156	143	93	93	77	93	133	145	150	160	133	94	68	157	94	130	118	162	130	176	77	193	176	9	166	161	166	117	155	182	79	130	117	247	255	247	174	241	174	188	64	157	140	157	22	43	66	53	22	52	42	31	54	46	52	86	101	86	77	71	44	70	77	167	216	37	60	72	37	82	71	79	44	82	146	152	142	186	122	161	152	172	175	145	156	169	172	185	186	185	222	191	210	143	135	226	191	256	261	220	258	243	256	27	145	27	178	162	148	59	162	221	213	206	221	19	45	8	43	19	132	127	158	132	96	98	105	95	103	96	104	103	116	126	104	258	317	223	258	212	203	206	254	211	212	119	61	119	33	72	23	64	26	33	
140	57	47	97	77	57	121	149	167	166	113	158	196	167	0	19	29	19	0	140	61	140	148	114	164	148	283	324	289	212	283	181	147	177	185	160	181	237	282	237	217	240	227	210	182	217	123	101	98	79	95	108	101	290	303	272	370	290	165	114	77	114	142	150	96	106	125	150	82	87	44	70	110	82	142	78	92	78	215	229	226	191	215	114	180	123	114	173	176	201	173	127	163	140	127	163	313	293	313	107	110	140	120	81	107	183	186	183	261	269	261	154	221	117	83	117	148	124	216	192	148	130	138	191	129	143	130	174	67	174	145	145	124	149	145	72	53	157	224	239	157	142	119	194	141	142	85	89	111	115	96	140	89	73	95	101	31	71	73	162	263	162	66	29	44	35	42	60	29	187	155	146	173	139	187	156	89	156	222	183	227	137	183	178	183	143	178	160	209	175	207	160	160	177	164	160	97	95	64	95	98	97	167	172	110	208	167	257	324	232	257	230	222	180	262	234	230	140	109	140	150	97	155	164	154	150	
139	46	37	104	80	46	126	147	175	177	118	172	207	175	19	0	37	3	19	134	65	134	160	117	180	160	277	315	287	206	277	172	133	168	170	152	172	231	279	231	216	239	227	209	179	216	138	95	90	63	85	113	95	283	293	266	363	283	179	122	64	122	140	145	93	113	123	145	72	75	34	55	98	72	140	91	103	91	209	223	220	181	209	112	180	111	112	166	170	191	166	113	163	124	113	171	313	291	313	100	98	126	120	73	100	165	167	165	255	257	255	140	232	105	73	105	155	132	219	195	155	142	150	201	141	146	142	172	79	172	145	145	133	149	145	57	41	160	230	247	160	141	121	194	145	141	75	108	130	134	114	159	108	57	79	91	23	55	57	149	255	149	50	16	44	33	42	51	16	169	136	129	154	120	169	167	79	167	212	173	221	139	173	162	167	127	162	166	218	183	213	166	152	171	154	152	96	94	70	95	95	96	163	168	104	203	163	243	309	219	243	218	210	166	248	222	218	158	121	158	154	104	161	164	160	154	
169	83	73	124	105	83	148	177	192	189	140	177	219	192	29	37	0	34	29	168	89	168	170	142	177	170	311	351	318	240	311	208	170	204	207	187	208	265	310	265	246	269	256	238	210	246	140	129	125	100	121	135	129	318	329	300	398	318	183	140	101	140	170	178	124	133	154	178	108	112	70	92	135	108	170	100	116	100	243	257	254	217	243	142	208	148	142	201	204	227	201	150	192	161	150	187	341	321	341	135	135	163	148	108	135	200	201	200	289	294	289	177	244	142	109	142	174	150	243	219	174	151	161	214	150	170	151	203	91	203	174	173	148	178	174	94	46	184	250	262	184	171	147	223	168	171	111	90	115	107	105	140	90	94	116	127	57	92	94	186	291	186	62	32	20	63	70	45	32	203	165	164	186	151	203	179	115	179	248	209	255	165	209	198	204	163	198	187	232	200	233	187	188	205	190	188	126	124	91	124	126	126	195	200	138	236	195	280	346	256	280	255	247	203	285	259	255	149	132	149	177	124	182	192	181	177	
142	49	40	107	83	49	129	150	178	180	121	173	210	178	19	3	34	0	19	137	68	137	162	120	181	162	280	318	290	209	280	175	136	171	173	155	175	234	282	234	219	242	230	212	182	219	139	98	93	66	88	116	98	286	296	269	366	286	180	125	67	125	143	148	96	115	126	148	75	78	37	58	101	75	143	92	105	92	212	226	223	184	212	115	183	114	115	169	173	194	169	116	166	127	116	174	316	294	316	103	101	129	123	76	103	168	170	168	258	260	258	143	235	108	76	108	157	135	222	198	157	144	152	203	143	149	144	175	81	175	148	148	135	152	148	60	38	163	233	250	163	144	124	197	148	144	78	107	129	132	114	158	107	60	82	94	26	58	60	152	258	152	49	14	41	36	45	49	14	171	137	131	156	122	171	169	82	169	215	176	224	142	176	165	170	129	165	169	220	186	216	169	155	174	157	155	99	97	73	98	98	99	166	171	107	206	166	246	312	222	246	221	213	169	251	225	221	158	123	158	157	106	164	167	163	157	
140	57	47	97	77	57	121	149	167	166	113	158	196	167	0	19	29	19	0	140	61	140	148	114	164	148	283	324	289	212	283	181	147	177	185	160	181	237	282	237	217	240	227	210	182	217	123	101	98	79	95	108	101	290	303	272	370	290	165	114	77	114	142	150	96	106	125	150	82	87	44	70	110	82	142	78	92	78	215	229	226	191	215	114	180	123	114	173	176	201	173	127	163	140	127	163	313	293	313	107	110	140	120	81	107	183	186	183	261	269	261	154	221	117	83	117	148	124	216	192	148	130	138	191	129	143	130	174	67	174	145	145	124	149	145	72	53	157	224	239	157	142	119	194	141	142	85	89	111	115	96	140	89	73	95	101	31	71	73	162	263	162	66	29	44	35	42	60	29	187	155	146	173	139	187	156	89	156	222	183	227	137	183	178	183	143	178	160	209	175	207	160	160	177	164	160	97	95	64	95	98	97	167	172	110	208	167	257	324	232	257	230	222	180	262	234	230	140	109	140	150	97	155	164	154	150	
35	90	97	89	78	90	78	34	118	138	78	162	158	118	140	134	168	137	140	0	90	0	138	66	194	138	143	184	161	72	143	45	71	42	93	22	45	97	147	97	92	115	108	89	51	92	152	39	44	92	54	79	39	150	164	133	230	150	171	97	79	97	31	18	47	83	32	18	65	67	100	89	53	65	26	119	112	119	76	90	87	56	76	37	73	47	37	33	37	64	33	65	51	81	65	122	193	165	193	34	52	67	47	61	34	131	140	131	121	142	121	71	180	50	62	50	100	99	119	98	100	132	131	148	134	72	132	54	114	54	41	47	108	49	41	89	165	82	146	177	82	36	56	80	75	36	63	188	196	226	170	225	188	94	82	51	112	93	94	67	123	67	162	148	178	105	99	180	148	141	157	109	146	140	141	134	60	134	85	53	87	60	53	103	95	94	103	99	158	123	133	99	22	37	42	22	53	53	94	55	47	53	33	39	30	70	33	148	212	114	148	107	97	89	147	108	107	195	116	195	85	85	95	62	92	85	
82	48	43	40	16	48	61	91	111	116	53	117	145	111	61	65	89	68	61	90	0	90	101	53	136	101	227	273	229	157	227	134	122	130	158	111	134	181	224	181	158	180	167	150	124	158	90	53	56	76	62	48	53	238	253	216	317	238	125	59	62	59	84	94	43	48	68	94	54	63	44	64	81	54	85	41	46	41	158	173	172	145	158	57	119	91	57	122	122	153	122	103	104	121	103	107	252	233	252	58	80	114	60	42	58	173	179	173	205	229	205	127	170	86	52	86	90	68	155	131	90	84	91	138	85	82	84	115	31	115	86	85	71	89	86	66	105	96	165	183	96	84	58	134	80	84	58	101	113	138	88	143	101	71	83	68	46	68	71	132	210	132	112	81	104	33	24	116	81	181	167	139	173	148	181	106	60	106	174	139	172	76	139	157	157	130	157	101	154	119	148	101	111	125	123	111	39	38	9	37	43	39	110	115	61	151	110	227	293	197	227	191	182	153	229	194	191	124	62	124	90	39	96	103	95	90	
35	90	97	89	78	90	78	34	118	138	78	162	158	118	140	134	168	137	140	0	90	0	138	66	194	138	143	184	161	72	143	45	71	42	93	22	45	97	147	97	92	115	108	89	51	92	152	39	44	92	54	79	39	150	164	133	230	150	171	97	79	97	31	18	47	83	32	18	65	67	100	89	53	65	26	119	112	119	76	90	87	56	76	37	73	47	37	33	37	64	33	65	51	81	65	122	193	165	193	34	52	67	47	61	34	131	140	131	121	142	121	71	180	50	62	50	100	99	119	98	100	132	131	148	134	72	132	54	114	54	41	47	108	49	41	89	165	82	146	177	82	36	56	80	75	36	63	188	196	226	170	225	188	94	82	51	112	93	94	67	123	67	162	148	178	105	99	180	148	141	157	109	146	140	141	134	60	134	85	53	87	60	53	103	95	94	103	99	158	123	133	99	22	37	42	22	53	53	94	55	47	53	33	39	30	70	33	148	212	114	148	107	97	89	147	108	107	195	116	195	85	85	95	62	92	85	
105	148	144	63	92	148	60	110	39	22	62	25	50	39	148	160	170	162	148	138	101	138	0	74	62	0	226	284	199	172	226	176	200	174	229	156	176	188	208	188	141	155	139	130	134	141	41	125	134	174	148	64	125	249	269	214	316	249	34	46	158	46	110	127	112	61	106	127	145	154	144	163	164	145	115	70	57	70	167	179	184	186	167	105	102	168	105	156	147	191	156	185	106	203	185	30	204	200	204	126	163	194	91	131	126	257	265	257	210	270	210	203	74	166	142	166	42	40	105	91	42	19	10	47	21	69	19	117	81	117	101	95	33	96	101	165	200	67	94	95	67	105	82	115	65	105	149	117	105	149	87	122	117	170	177	152	145	167	170	201	220	201	210	175	190	132	124	208	175	266	264	228	265	245	266	13	149	13	207	187	182	79	187	236	229	215	236	52	65	44	79	52	155	155	179	155	101	103	93	99	109	101	132	132	127	159	132	283	345	249	283	239	229	224	281	239	239	80	39	80	59	66	52	95	55	59	
39	89	89	27	37	89	14	48	66	79	12	97	106	66	114	117	142	120	114	66	53	66	74	0	128	74	184	235	178	118	184	109	126	106	156	86	109	140	177	140	108	129	115	98	81	108	86	53	63	109	78	14	53	200	218	172	275	200	106	31	92	31	44	60	41	18	34	60	77	86	90	100	92	77	48	61	49	61	117	131	132	120	117	32	67	95	32	91	85	126	91	113	55	131	113	66	199	181	199	53	91	120	19	64	53	185	193	185	164	205	164	129	130	94	74	94	44	34	102	78	44	66	66	96	68	29	66	67	61	67	40	36	42	40	40	101	157	43	115	137	43	41	11	82	28	41	80	133	135	171	110	163	133	107	109	80	96	104	107	128	171	128	161	133	157	85	76	168	133	194	195	156	194	177	194	72	79	72	145	118	131	23	118	162	156	143	162	52	111	73	98	52	86	91	107	86	30	32	51	29	37	30	71	74	53	109	71	213	277	180	213	172	162	151	213	173	172	130	50	130	38	24	47	51	45	38	
163	183	176	109	133	183	116	170	99	75	116	38	88	99	164	180	177	181	164	194	136	194	62	128	0	62	287	346	256	234	287	235	251	232	283	214	235	250	268	250	202	215	199	191	196	202	46	175	182	212	194	116	175	311	331	275	377	311	33	97	198	97	169	186	161	112	162	186	188	198	176	200	212	188	173	95	91	95	229	241	246	246	229	159	164	219	159	216	208	251	216	234	168	252	234	90	256	257	256	177	211	244	147	175	177	306	313	306	272	330	272	254	101	216	186	216	104	95	162	151	104	62	66	92	60	129	62	179	107	179	161	155	86	156	161	202	216	129	144	131	129	164	138	177	126	164	192	97	75	117	72	77	97	207	219	199	171	204	207	255	282	255	229	192	197	160	154	220	192	314	303	273	309	284	314	72	193	72	268	245	244	139	245	287	283	263	287	114	105	101	132	114	213	215	235	213	150	152	127	148	158	150	193	193	179	221	193	341	404	307	341	298	289	278	340	299	298	35	80	35	121	113	114	157	117	121	
105	148	144	63	92	148	60	110	39	22	62	25	50	39	148	160	170	162	148	138	101	138	0	74	62	0	226	284	199	172	226	176	200	174	229	156	176	188	208	188	141	155	139	130	134	141	41	125	134	174	148	64	125	249	269	214	316	249	34	46	158	46	110	127	112	61	106	127	145	154	144	163	164	145	115	70	57	70	167	179	184	186	167	105	102	168	105	156	147	191	156	185	106	203	185	30	204	200	204	126	163	194	91	131	126	257	265	257	210	270	210	203	74	166	142	166	42	40	105	91	42	19	10	47	21	69	19	117	81	117	101	95	33	96	101	165	200	67	94	95	67	105	82	115	65	105	149	117	105	149	87	122	117	170	177	152	145	167	170	201	220	201	210	175	190	132	124	208	175	266	264	228	265	245	266	13	149	13	207	187	182	79	187	236	229	215	236	52	65	44	79	52	155	155	179	155	101	103	93	99	109	101	132	132	127	159	132	283	345	249	283	239	229	224	281	239	239	80	39	80	59	66	52	95	55	59	
147	233	240	211	213	233	187	138	189	213	193	249	213	189	283	277	311	280	283	143	227	143	226	184	287	226	0	62	65	71	0	112	178	115	165	127	112	46	33	46	85	76	91	96	104	85	259	182	187	231	195	197	182	33	57	12	92	33	256	208	219	208	143	134	188	201	159	134	207	207	243	230	189	207	142	245	232	245	69	54	57	106	69	170	125	177	170	111	107	96	111	187	129	192	187	197	108	70	108	177	188	181	170	204	177	216	226	216	22	105	22	172	220	183	205	183	186	203	132	137	186	233	225	204	235	166	233	117	245	117	145	148	211	144	145	230	307	161	163	197	161	145	175	111	170	145	205	317	317	355	292	342	317	234	218	191	255	233	234	161	30	161	303	291	321	248	242	322	291	225	268	218	243	256	225	215	201	215	81	117	56	162	117	185	170	203	185	174	201	187	165	174	126	106	135	126	188	189	230	190	186	188	117	112	173	76	117	149	177	126	149	113	111	165	138	107	113	303	228	303	170	208	174	137	172	170	
196	269	279	262	260	269	240	187	249	273	245	309	274	249	324	315	351	318	324	184	273	184	284	235	346	284	62	0	121	118	62	143	198	147	174	164	143	97	92	97	145	137	152	156	155	145	315	223	226	261	231	249	223	36	22	73	53	36	316	261	253	261	192	179	231	253	207	179	243	242	281	264	220	243	190	295	284	295	119	106	103	134	119	217	182	207	217	151	152	124	151	212	182	212	212	257	160	125	160	218	219	203	219	243	218	220	229	220	75	85	75	191	282	213	242	213	243	257	194	197	243	290	282	265	292	221	290	170	294	170	195	199	266	197	195	263	340	218	225	259	218	194	225	170	224	194	241	367	370	405	345	396	367	265	246	225	294	266	265	179	65	179	333	328	358	289	283	355	328	228	278	231	250	270	228	275	237	275	103	143	104	215	143	194	179	219	194	233	262	247	227	233	164	148	163	164	234	235	276	236	230	234	165	161	214	127	165	131	134	122	131	113	116	175	119	107	113	359	281	359	227	258	232	192	229	227	
149	247	253	202	213	247	176	141	160	181	183	218	173	160	289	287	318	290	289	161	229	161	199	178	256	199	65	121	0	98	65	145	213	147	211	151	145	79	32	79	72	49	63	80	110	72	237	195	202	253	214	188	195	98	121	60	130	98	224	193	238	193	148	145	195	191	164	145	223	227	255	249	213	223	149	235	220	235	89	81	90	144	89	176	111	203	176	135	125	136	135	218	126	227	218	169	44	6	44	189	212	214	170	216	189	261	272	261	72	167	72	209	174	208	221	208	165	186	94	110	165	210	201	166	212	153	210	115	238	115	144	145	193	140	144	249	322	142	117	147	142	147	171	96	156	147	223	304	300	341	277	321	304	254	242	211	265	252	254	199	88	199	322	303	331	256	248	337	303	271	306	255	287	292	271	187	219	187	128	154	87	155	154	230	215	239	230	150	158	156	125	150	150	129	168	150	192	194	229	194	192	192	128	122	186	92	128	209	241	181	209	167	163	209	199	162	167	278	211	278	152	200	153	127	151	152	
79	162	169	145	144	162	124	70	139	164	129	197	172	139	212	206	240	209	212	72	157	72	172	118	234	172	71	118	98	0	71	47	116	50	115	57	47	25	78	25	51	64	67	57	39	51	200	111	116	161	125	132	111	82	100	61	160	82	204	145	149	145	75	63	117	136	90	63	136	137	172	160	120	136	73	178	167	178	10	19	15	47	10	101	72	109	101	41	36	40	41	122	67	130	122	147	138	103	138	106	119	117	102	133	106	164	175	164	49	103	49	112	187	114	134	114	130	142	102	93	130	175	169	162	177	106	175	55	177	55	78	83	151	80	78	159	236	105	136	172	105	77	108	64	109	77	134	250	253	288	228	280	250	164	149	120	184	163	164	101	53	101	233	220	250	177	171	251	220	174	209	158	189	195	174	163	130	163	43	56	15	99	56	133	119	142	133	122	165	141	131	122	56	35	71	56	118	119	160	120	115	118	48	44	102	15	48	131	183	98	131	84	77	112	125	81	84	244	165	244	113	141	120	77	117	113	
147	233	240	211	213	233	187	138	189	213	193	249	213	189	283	277	311	280	283	143	227	143	226	184	287	226	0	62	65	71	0	112	178	115	165	127	112	46	33	46	85	76	91	96	104	85	259	182	187	231	195	197	182	33	57	12	92	33	256	208	219	208	143	134	188	201	159	134	207	207	243	230	189	207	142	245	232	245	69	54	57	106	69	170	125	177	170	111	107	96	111	187	129	192	187	197	108	70	108	177	188	181	170	204	177	216	226	216	22	105	22	172	220	183	205	183	186	203	132	137	186	233	225	204	235	166	233	117	245	117	145	148	211	144	145	230	307	161	163	197	161	145	175	111	170	145	205	317	317	355	292	342	317	234	218	191	255	233	234	161	30	161	303	291	321	248	242	322	291	225	268	218	243	256	225	215	201	215	81	117	56	162	117	185	170	203	185	174	201	187	165	174	126	106	135	126	188	189	230	190	186	188	117	112	173	76	117	149	177	126	149	113	111	165	138	107	113	303	228	303	170	208	174	137	172	170	
72	126	136	133	123	126	119	66	151	173	121	201	189	151	181	172	208	175	181	45	134	45	176	109	235	176	112	143	145	47	112	0	69	4	71	23	0	69	123	69	90	108	107	92	55	90	195	82	83	120	88	122	82	111	122	103	192	111	210	140	111	140	66	49	92	126	75	49	100	99	138	122	78	100	62	164	156	164	56	65	57	11	56	82	91	66	82	21	34	20	21	76	75	83	76	156	184	150	184	77	77	70	90	100	77	119	130	119	90	97	90	65	208	72	99	72	136	140	133	117	136	173	170	179	175	108	173	69	158	69	75	81	149	81	75	121	198	114	164	199	114	72	98	91	111	72	98	233	240	271	215	270	233	124	107	82	151	124	124	55	86	55	193	185	215	146	142	214	185	129	162	111	143	148	129	170	94	170	41	13	59	97	13	88	75	95	88	132	186	155	155	132	23	25	24	23	97	97	139	99	92	97	47	49	73	55	47	108	170	73	108	64	54	68	105	64	64	238	159	238	119	129	129	88	125	119	
105	91	101	142	120	91	140	105	187	205	138	223	228	187	147	133	170	136	147	71	122	71	200	126	251	200	178	198	213	116	178	69	0	66	38	66	69	138	192	138	154	175	171	153	114	154	206	76	69	70	60	137	76	171	176	171	250	171	232	156	70	156	101	88	90	140	97	88	70	63	104	78	41	70	96	162	161	162	124	134	126	72	124	95	143	32	95	81	94	82	81	20	122	14	20	189	252	219	252	74	42	8	110	80	74	60	69	60	157	128	157	7	250	36	71	36	167	160	189	168	167	191	192	218	192	141	191	122	153	122	112	117	168	120	112	76	148	152	217	248	152	107	119	148	143	107	66	221	235	255	210	265	221	76	54	54	117	78	76	19	150	19	138	141	171	119	117	163	141	70	93	42	76	79	70	198	63	198	99	62	128	128	62	37	36	26	37	169	228	193	204	169	67	87	45	67	101	99	131	103	93	101	99	104	73	122	99	110	177	87	110	89	83	33	115	94	89	245	171	245	154	138	165	133	161	154	
69	122	132	130	119	122	116	64	149	171	118	199	187	149	177	168	204	171	177	42	130	42	174	106	232	174	115	147	147	50	115	4	66	0	71	20	4	72	126	72	91	109	108	92	55	91	192	78	79	116	84	119	78	115	126	107	196	115	207	137	107	137	64	47	88	123	72	47	96	95	134	118	74	96	59	160	153	160	58	68	60	15	58	78	90	62	78	20	34	24	20	73	73	80	73	154	186	153	186	73	73	67	87	96	73	118	128	118	93	100	93	62	206	68	95	68	134	137	133	116	134	170	168	177	172	106	170	68	155	68	73	79	146	79	73	117	194	112	164	198	112	69	95	91	109	69	94	229	237	267	211	266	229	120	103	78	147	120	120	52	90	52	189	181	211	142	138	210	181	128	159	108	140	145	128	168	90	168	45	13	62	95	13	87	74	92	87	130	184	153	154	130	20	25	21	20	94	94	135	96	88	94	45	48	69	56	45	110	172	75	110	66	57	67	108	67	66	235	156	235	117	126	127	86	123	117	
128	129	139	174	154	129	169	126	211	231	168	253	251	211	185	170	207	173	185	93	158	93	229	156	283	229	165	174	211	115	165	71	38	71	0	80	71	132	185	132	161	178	178	163	125	161	238	109	103	107	96	168	109	152	152	160	227	152	262	187	108	187	123	108	123	172	124	108	107	100	141	115	78	107	119	197	195	197	124	130	121	68	124	125	158	67	125	90	104	75	90	58	140	46	58	215	252	216	252	107	78	45	138	116	107	51	61	51	146	97	146	31	273	72	108	72	193	190	203	184	193	222	222	241	223	165	222	137	189	137	134	140	198	142	134	113	182	175	233	266	175	129	147	161	168	129	103	258	271	292	246	301	258	113	91	90	154	115	113	28	136	28	172	177	208	156	155	198	177	61	105	59	78	97	61	226	100	226	85	59	124	153	59	20	5	49	20	192	251	216	222	192	81	95	54	81	133	132	166	135	126	133	113	117	105	125	113	73	139	55	73	61	58	5	79	67	61	279	203	279	178	170	188	152	185	178	
51	107	115	111	100	107	98	47	133	154	98	181	173	133	160	152	187	155	160	22	111	22	156	86	214	156	127	164	151	57	127	23	66	20	80	0	23	82	134	82	88	109	105	87	48	88	172	59	62	104	69	100	59	131	144	117	212	131	189	117	93	117	46	29	69	104	52	29	81	81	118	104	63	81	41	141	133	141	63	76	70	34	63	59	78	52	59	17	28	43	17	67	60	79	67	138	188	156	188	54	62	65	67	79	54	123	133	123	105	120	105	64	193	57	79	57	116	119	124	104	116	152	150	163	154	88	152	57	135	57	56	62	128	63	56	103	180	96	153	186	96	52	76	82	91	52	79	210	217	248	192	247	210	107	92	64	130	107	107	57	104	57	177	165	196	125	119	196	165	133	158	108	142	143	133	150	75	150	64	32	72	77	32	94	83	92	94	114	171	138	142	114	1	22	26	1	74	74	116	76	69	74	33	38	50	59	33	128	191	94	128	86	76	76	127	87	86	216	136	216	101	107	111	72	107	101	
72	126	136	133	123	126	119	66	151	173	121	201	189	151	181	172	208	175	181	45	134	45	176	109	235	176	112	143	145	47	112	0	69	4	71	23	0	69	123	69	90	108	107	92	55	90	195	82	83	120	88	122	82	111	122	103	192	111	210	140	111	140	66	49	92	126	75	49	100	99	138	122	78	100	62	164	156	164	56	65	57	11	56	82	91	66	82	21	34	20	21	76	75	83	76	156	184	150	184	77	77	70	90	100	77	119	130	119	90	97	90	65	208	72	99	72	136	140	133	117	136	173	170	179	175	108	173	69	158	69	75	81	149	81	75	121	198	114	164	199	114	72	98	91	111	72	98	233	240	271	215	270	233	124	107	82	151	124	124	55	86	55	193	185	215	146	142	214	185	129	162	111	143	148	129	170	94	170	41	13	59	97	13	88	75	95	88	132	186	155	155	132	23	25	24	23	97	97	139	99	92	97	47	49	73	55	47	108	170	73	108	64	54	68	105	64	64	238	159	238	119	129	129	88	125	119	
101	187	194	167	167	187	144	92	154	178	150	213	183	154	237	231	265	234	237	97	181	97	188	140	250	188	46	97	79	25	46	69	138	72	132	82	69	0	55	0	54	57	67	63	59	54	218	136	141	186	149	153	136	61	81	36	136	61	220	165	174	165	98	88	142	157	113	88	161	162	197	185	144	161	96	200	188	200	23	9	12	66	23	124	86	133	124	65	61	57	65	145	86	152	145	161	122	85	122	131	143	139	124	158	131	182	193	182	24	100	24	133	194	139	159	139	147	161	106	104	147	193	186	173	195	124	193	74	199	74	100	104	170	101	100	184	261	121	140	176	121	99	130	75	128	99	159	272	274	310	249	300	272	188	173	145	209	188	188	122	32	122	258	245	275	202	196	276	245	192	230	179	208	217	192	179	155	179	50	77	10	119	77	151	136	164	151	137	173	153	138	137	81	60	93	81	142	143	184	144	140	142	71	67	127	31	71	135	179	105	135	91	85	130	127	86	91	263	185	263	131	163	136	95	133	131	
143	236	243	202	209	236	177	134	170	193	184	230	190	170	282	279	310	282	282	147	224	147	208	177	268	208	33	92	32	78	33	123	192	126	185	134	123	55	0	55	70	53	69	80	101	70	245	184	191	238	201	188	184	66	89	28	109	66	236	196	225	196	140	134	187	192	157	134	212	213	245	236	197	212	140	236	222	236	71	59	67	121	71	168	111	186	168	118	110	112	118	199	122	206	199	178	76	37	76	179	196	193	165	206	179	236	246	236	41	135	41	187	194	191	209	191	171	190	109	117	171	218	209	182	220	154	218	110	238	110	139	141	197	137	139	236	312	146	137	169	146	141	168	96	157	141	210	307	304	344	281	328	307	240	226	197	257	239	240	176	56	176	309	294	323	248	240	326	294	246	284	233	263	271	246	197	207	197	101	131	64	154	131	205	190	218	205	158	176	167	142	158	133	112	147	133	186	187	226	188	185	186	117	111	175	77	117	177	209	151	177	138	135	184	167	132	138	287	215	287	156	200	159	126	157	156	
