NAME:	instance_26-triangle
TYPE:	VRPRDL
DIMENSION:	208
CAPACITY:	750
TIME_HORIZON:	720
NUM_CUSTOMERS:	61
NODE_COORD_SECTION
1	0.0	0.0
2	-33.4859549373	-26.7942591354
3	-25.5630754426	-34.9830645613
4	-11.3604533685	-62.6690915693
5	-86.2155995431	32.9788211729
6	-33.4859549373	-26.7942591354
7	147.726984523	73.7296956758
8	90.3395061666	43.1934288157
9	109.19701369	87.5309953658
10	168.556144869	56.5891784315
11	147.726984523	73.7296956758
12	-15.388346494	-95.9402991072
13	-27.3305405999	-87.995507605
14	-25.4103195437	-112.382204618
15	-31.1903124821	-66.3305809029
16	-4.14483965542	-75.8664218692
17	-15.388346494	-95.9402991072
18	114.85968883	-81.9857905406
19	102.812655363	-94.485343654
20	134.846981969	-58.5747979666
21	87.102250873	-97.7283845844
22	114.85968883	-81.9857905406
23	-112.668905415	136.968840126
24	45.2337539958	-148.259971848
25	118.00424123	111.597403349
26	125.396520886	117.985705973
27	141.967038723	139.842633262
28	113.016662807	77.0973647549
29	118.00424123	111.597403349
30	80.9092588826	-58.7893281666
31	8.70336988162	22.8381234179
32	31.2951332614	-13.9893701864
33	25.0544938274	37.1716135046
34	90.1679471991	-67.2804161579
35	31.2951332614	-13.9893701864
36	-31.7106929424	137.256838511
37	-13.0534814718	142.867733588
38	-31.7106929424	137.256838511
39	-3.62826885927	28.4672565206
40	104.011118152	-8.65262208768
41	-12.1132077533	62.3536956353
42	-3.62826885927	28.4672565206
43	-42.5925842637	-142.582025894
44	-13.2017082557	122.098874035
45	28.5700278929	156.914681953
46	-83.2697491026	115.417094369
47	-69.7066212431	83.4043731219
48	4.15019240644	110.721477373
49	-13.2017082557	122.098874035
50	-125.860216074	89.9750738589
51	-73.6126208699	18.232224563
52	-131.834957264	116.201051692
53	-139.782310167	167.24243785
54	-125.860216074	89.9750738589
55	-55.1894288208	-83.3942493814
56	126.366837201	-23.2007122931
57	134.704335867	60.5643903544
58	126.545913432	-22.3937484171
59	166.797893125	-82.3968824302
60	126.366837201	-23.2007122931
61	17.7048716931	-123.654128569
62	87.7915407303	-133.925925931
63	4.50244780993	-132.265409844
64	69.5940530306	-155.624454958
65	-8.30380060346	-164.663020116
66	17.7048716931	-123.654128569
67	11.5954526994	-112.621165525
68	22.4059673209	-56.8768569889
69	-0.567433248467	-110.990604564
70	-14.3136756527	-47.3126239315
71	11.5954526994	-112.621165525
72	154.866189553	-49.9354802006
73	141.885829509	16.8684658058
74	146.191581163	-51.8156027834
75	133.323731031	-21.3031106973
76	154.866189553	-49.9354802006
77	-48.4416040616	6.27344633153
78	5.6048516202	4.65182164562
79	-51.0843140862	-9.41513890645
80	-2.04965299202	-41.8047304611
81	-40.73025347	-29.4566192774
82	-48.4416040616	6.27344633153
83	-59.8840418319	-106.801719059
84	-74.1556037257	-98.1767147049
85	-75.4362116957	-91.2979702773
86	-122.733082003	-148.865451524
87	-104.443013075	-45.1667724132
88	-74.1556037257	-98.1767147049
89	1.79772322718	-21.8852853264
90	-4.15544081007	47.3996405181
91	11.3479493059	-37.2189042356
92	-5.29623677074	-4.60950733059
93	47.6322062705	-34.2649533936
94	1.79772322718	-21.8852853264
95	-76.9721212667	52.3255802532
96	110.011182371	-1.12875270806
97	-89.4126673189	27.6357959174
98	-34.3651227039	71.2726440252
99	31.8113094278	-82.7634429177
100	-42.2347414129	-130.507146819
101	31.8113094278	-82.7634429177
102	-6.34777815469	-36.1701054425
103	-93.6082440867	48.8796240138
104	-6.34777815469	-36.1701054425
105	-120.1763491	91.9808206568
106	-129.988815202	91.7879220819
107	-95.4877707909	114.286434626
108	-98.2650131158	66.1534224442
109	-131.841634913	131.872064406
110	-120.1763491	91.9808206568
111	-49.3148945077	-135.348542509
112	-94.9795868544	-45.743611076
113	24.8731670551	-72.8131250419
114	43.8917427755	-59.9703688647
115	14.8090808405	-91.2279839385
116	14.7585637315	-68.713617902
117	24.8731670551	-72.8131250419
118	-23.6958742264	-71.3106717856
119	-17.4962744075	21.0618876249
120	56.0165214049	25.5853461207
121	62.5290513889	50.4793903971
122	87.5470901939	8.08387368518
123	67.6138402959	8.73238040613
124	93.9294298684	63.676987528
125	56.0165214049	25.5853461207
126	-0.0420846914902	8.16920781523
127	62.1850691166	23.5120464322
128	-0.0420846914902	8.16920781523
129	19.6411988738	-8.12187839653
130	-66.0630661523	-38.5189506524
131	24.8402584061	-91.2276596173
132	26.3558365904	-91.3119058474
133	87.5819801899	-72.3216540636
134	-45.9227370511	-102.118035491
135	24.8402584061	-91.2276596173
136	2.73432750751	-19.1198058782
137	86.7725265233	-95.4250467939
138	2.73432750751	-19.1198058782
139	-10.6473680117	167.306162962
140	-29.7650152864	158.850102529
141	-10.6473680117	167.306162962
142	16.3011427905	-61.714913758
143	-14.0815409081	6.41529604439
144	16.3011427905	-61.714913758
145	87.2908508229	-24.1506496578
146	-35.7250407325	74.4198834706
147	-40.5850016077	51.4424972594
148	-40.8698293396	43.2139863861
149	-23.3537525526	82.7877367796
150	-36.1361049626	80.9900097075
151	-35.7250407325	74.4198834706
152	126.172042647	-18.4748329557
153	25.7983686165	-18.0634840592
154	-115.773805869	83.1711973831
155	-90.1902064937	110.607451923
156	-124.042260457	59.7570395688
157	-173.193840771	31.7136236029
158	-115.773805869	83.1711973831
159	38.321163383	-148.590521548
160	38.2839359397	-129.073754932
161	16.5867871843	-177.176099226
162	38.321163383	-148.590521548
163	-13.8887660716	169.665590061
164	-27.212514037	135.766080093
165	-20.2063455781	162.845861044
166	-27.3637069574	122.956736284
167	-7.92347377622	143.414509014
168	-13.8887660716	169.665590061
169	-2.98329268591	11.8570679817
170	41.1375151151	57.6067535963
171	24.3207732116	9.6660689863
172	22.4822956678	27.7145304768
173	-2.98329268591	11.8570679817
174	-33.2230449481	18.8422300884
175	-44.9734484389	12.943797932
176	47.7584769634	5.93509890831
177	-33.2230449481	18.8422300884
178	13.3108094901	1.03114193663
179	-47.4925515938	16.6438474892
180	20.5234556343	-10.4978760394
181	7.82678948377	-13.2953154262
182	-26.7798577326	-27.7156237078
183	13.3108094901	1.03114193663
184	-45.0894397505	-31.4963515686
185	-114.498110294	20.2894613863
186	-45.0894397505	-31.4963515686
187	-4.87809327276	14.3900008844
188	-35.9849458431	-13.8298022438
189	0.354516921739	-50.305742377
190	49.0951065961	-28.0093595045
191	-2.95386661616	34.2561214013
192	-4.87809327276	14.3900008844
193	37.4532711422	120.368380557
194	-4.60930640881	25.8681642802
195	37.4532711422	120.368380557
196	-13.1084460091	-7.36751801038
197	-54.5346771353	-16.4906246987
198	-37.4192765159	-61.4811311594
199	-65.0404741715	4.60820711341
200	-95.2366929808	-23.8698024665
201	-59.6784775228	-33.3726590066
202	-54.5346771353	-16.4906246987
203	-66.3860740933	8.11243046752
204	-28.2406504285	-43.6131589654
205	-59.8469017576	-3.70223868506
206	-36.7415549394	23.4192936355
207	-49.2622384576	12.5291282549
208	-66.3860740933	8.11243046752
EDGE_WEIGHT_SECTION
0	43	43	64	92	43	165	100	140	177	165	97	92	115	73	76	97	140	139	147	131	140	176	154	162	172	199	136	162	99	24	34	45	112	34	140	143	140	29	104	63	29	148	122	159	142	108	111	122	154	76	176	217	154	100	128	147	129	186	128	125	160	132	170	165	125	113	61	111	49	113	163	143	155	135	163	49	7	52	42	50	49	122	123	118	193	114	123	22	47	39	7	58	22	93	110	93	79	88	137	88	37	105	37	151	159	148	118	186	151	144	105	77	74	92	70	77	75	27	61	80	88	68	113	61	8	66	8	21	76	94	95	113	112	94	19	129	19	167	161	167	64	15	64	91	82	65	59	86	89	82	128	31	142	142	137	176	142	153	134	178	153	170	138	163	125	143	170	12	71	26	36	12	38	47	48	38	13	50	23	15	39	13	55	116	55	15	39	50	56	34	15	126	26	126	15	57	72	65	98	68	57	67	52	60	43	51	67	
43	0	11	42	79	0	207	142	183	218	207	71	62	86	40	57	71	158	152	171	140	158	182	145	205	215	242	179	205	119	65	66	86	130	66	164	171	164	62	139	92	62	116	150	193	150	115	142	150	148	60	173	221	148	61	160	189	160	208	160	110	161	112	165	140	110	97	63	90	28	97	189	180	181	167	189	36	50	25	35	8	36	84	82	77	151	73	82	36	80	46	36	81	36	90	146	78	98	86	104	86	29	97	29	147	152	154	113	187	147	109	64	74	84	80	64	74	46	50	103	123	126	107	156	103	48	108	48	56	35	87	88	129	76	87	37	138	37	195	186	195	61	38	61	121	101	78	70	110	108	101	160	60	137	148	125	151	137	141	125	158	141	197	163	190	150	172	197	49	112	68	78	49	46	41	87	46	54	45	56	43	7	54	13	93	13	50	13	41	83	68	50	163	60	163	28	23	35	45	62	27	23	48	18	35	50	42	48	
43	11	0	31	90	11	204	139	182	214	204	62	53	77	32	46	62	147	141	162	129	147	193	134	205	215	242	178	205	109	67	61	88	120	61	172	178	172	67	132	98	67	109	157	199	161	126	149	157	159	71	184	232	159	57	152	186	152	198	152	99	150	102	154	131	99	86	53	80	17	86	181	175	172	159	181	47	50	36	24	16	47	80	80	75	150	79	80	30	85	37	37	73	30	101	140	89	106	75	97	75	19	108	19	158	163	165	124	198	158	103	70	63	73	69	53	63	36	57	102	123	121	103	155	102	50	105	50	52	41	76	77	118	70	76	32	127	32	202	193	202	50	43	50	113	109	87	79	118	116	109	152	54	148	159	136	162	148	130	114	148	130	205	170	198	158	179	205	52	114	67	79	52	54	52	83	54	53	56	52	40	7	53	20	104	20	53	24	30	75	73	53	167	64	167	30	34	29	56	71	34	34	59	9	46	59	53	59	
64	42	31	0	120	42	209	147	192	216	209	34	30	52	20	15	34	128	119	146	105	128	224	103	217	226	253	187	217	92	87	65	106	102	65	201	205	201	91	127	125	91	86	184	223	192	157	173	184	189	101	215	263	189	48	143	191	144	179	143	68	122	71	123	102	68	55	34	50	16	55	166	172	158	150	166	78	69	66	23	44	78	66	72	70	141	94	72	43	110	34	58	65	43	132	136	119	136	48	75	48	27	138	27	188	193	196	155	229	188	82	85	38	55	39	27	38	15	84	111	135	122	106	164	111	72	113	72	63	60	46	47	99	52	46	46	103	46	229	222	229	28	69	28	106	139	117	110	146	146	139	144	58	178	190	166	187	178	99	83	118	99	232	199	225	186	206	232	75	131	81	96	75	84	83	90	84	68	87	61	53	38	68	46	132	46	77	55	17	70	97	77	189	88	189	55	63	26	86	92	57	63	89	25	76	90	84	89	
92	79	90	120	0	79	237	177	202	256	237	147	134	157	113	135	147	231	228	239	217	231	107	223	218	227	251	203	218	190	95	126	111	202	126	117	132	117	83	194	79	83	181	115	169	82	53	119	115	69	19	95	144	69	120	219	222	219	278	219	187	240	188	243	212	187	174	140	167	107	174	255	228	247	225	255	46	96	54	112	76	46	142	132	125	185	80	132	104	83	120	89	149	104	21	198	6	64	164	169	164	105	18	105	68	73	82	35	109	68	172	79	152	160	159	142	152	121	69	142	150	175	155	182	142	90	148	90	113	74	166	167	203	141	166	103	215	103	154	138	154	139	77	139	183	65	49	46	80	69	65	218	123	58	78	46	87	58	219	203	233	219	154	118	145	107	135	154	86	129	112	109	86	55	46	136	55	105	42	115	105	84	105	76	31	76	83	68	119	148	83	83	151	82	151	83	58	106	35	58	71	58	31	95	45	50	42	31	
43	0	11	42	79	0	207	142	183	218	207	71	62	86	40	57	71	158	152	171	140	158	182	145	205	215	242	179	205	119	65	66	86	130	66	164	171	164	62	139	92	62	116	150	193	150	115	142	150	148	60	173	221	148	61	160	189	160	208	160	110	161	112	165	140	110	97	63	90	28	97	189	180	181	167	189	36	50	25	35	8	36	84	82	77	151	73	82	36	80	46	36	81	36	90	146	78	98	86	104	86	29	97	29	147	152	154	113	187	147	109	64	74	84	80	64	74	46	50	103	123	126	107	156	103	48	108	48	56	35	87	88	129	76	87	37	138	37	195	186	195	61	38	61	121	101	78	70	110	108	101	160	60	137	148	125	151	137	141	125	158	141	197	163	190	150	172	197	49	112	68	78	49	46	41	87	46	54	45	56	43	7	54	13	93	13	50	13	41	83	68	50	163	60	163	28	23	35	45	62	27	23	48	18	35	50	42	48	
165	207	204	209	237	207	0	65	41	27	0	235	238	254	227	213	235	159	174	133	182	159	268	244	48	50	66	35	48	148	148	146	128	152	146	190	175	190	158	93	160	158	288	168	145	235	217	148	168	274	227	283	302	274	256	99	19	98	157	99	236	216	251	242	285	236	231	181	237	202	231	124	57	126	96	124	207	158	215	189	215	207	275	280	277	350	279	280	174	154	176	172	147	174	226	84	242	182	195	279	195	189	243	189	268	278	247	246	286	268	287	270	191	169	212	195	191	224	173	104	88	89	103	55	104	162	99	162	152	241	206	205	158	261	206	172	180	172	184	197	184	189	175	189	115	183	190	191	171	184	183	95	153	263	241	272	324	263	247	230	283	247	188	186	190	182	171	188	163	108	139	133	163	189	202	121	189	153	203	153	165	202	153	220	267	220	163	204	192	142	155	163	120	160	120	180	221	229	223	261	233	221	223	211	221	190	206	223	
100	142	139	147	177	142	65	0	48	79	65	175	176	194	163	152	175	128	138	111	140	128	224	197	74	82	109	41	74	102	84	82	66	110	82	154	144	154	95	54	104	95	228	130	129	188	165	109	130	221	165	234	261	221	192	75	48	75	147	75	182	176	195	199	230	182	174	121	179	138	174	113	58	110	78	113	143	93	150	125	150	143	212	216	213	286	214	216	110	95	113	107	88	110	167	48	180	128	139	218	139	125	184	125	216	225	198	190	238	216	227	205	133	113	154	135	133	161	110	39	29	35	41	21	39	97	34	97	87	176	149	149	115	199	149	107	138	107	160	167	160	128	110	128	67	130	131	131	120	132	130	71	89	210	192	215	264	210	199	180	232	199	164	149	163	142	140	164	98	51	74	70	98	126	139	57	126	88	140	88	100	137	88	155	206	155	99	139	130	82	94	99	94	97	94	115	156	165	160	196	168	156	161	146	157	128	143	161	
140	183	182	192	202	183	41	48	0	67	41	221	222	240	208	198	221	170	182	148	186	170	227	244	26	34	61	11	26	149	120	128	98	156	128	149	134	149	127	96	124	127	275	127	106	194	179	108	127	235	195	242	261	235	237	112	37	111	179	112	230	222	243	246	278	230	222	168	227	183	222	145	78	144	111	145	177	133	187	171	190	177	257	261	257	331	251	261	153	120	158	147	136	153	189	89	207	144	187	265	187	169	206	169	229	239	206	208	245	229	273	243	181	161	202	182	181	207	143	82	60	82	89	28	82	135	79	135	131	215	197	197	161	244	197	151	184	151	144	156	144	175	147	175	114	146	154	156	133	145	146	107	134	225	201	234	287	225	246	228	280	246	148	145	150	141	130	148	135	74	115	105	135	158	171	102	158	129	172	132	143	178	129	195	233	195	135	177	175	130	124	135	79	129	79	155	193	209	193	232	207	193	192	190	192	159	175	192	
177	218	214	216	256	218	27	79	67	0	27	239	243	257	234	217	239	148	164	120	174	148	292	239	75	75	87	59	75	145	163	154	145	147	154	216	201	216	174	92	180	174	290	193	172	259	240	173	193	296	244	306	327	296	263	90	34	89	139	90	235	206	250	234	283	235	230	185	238	210	230	107	48	111	85	107	222	170	228	197	226	222	280	287	285	356	291	287	184	173	183	184	151	184	245	82	259	203	195	281	195	198	262	198	291	300	270	266	310	291	290	282	193	170	213	198	193	231	189	117	106	94	112	75	117	175	111	175	162	253	206	205	152	266	206	182	172	182	211	223	211	193	189	193	114	205	209	210	194	206	205	86	161	285	264	292	342	285	243	227	279	243	215	211	217	207	197	215	177	127	151	149	177	205	218	131	205	165	219	163	175	212	165	231	285	231	178	216	199	146	173	178	146	176	146	192	234	237	239	274	245	234	240	220	236	207	222	240	
165	207	204	209	237	207	0	65	41	27	0	235	238	254	227	213	235	159	174	133	182	159	268	244	48	50	66	35	48	148	148	146	128	152	146	190	175	190	158	93	160	158	288	168	145	235	217	148	168	274	227	283	302	274	256	99	19	98	157	99	236	216	251	242	285	236	231	181	237	202	231	124	57	126	96	124	207	158	215	189	215	207	275	280	277	350	279	280	174	154	176	172	147	174	226	84	242	182	195	279	195	189	243	189	268	278	247	246	286	268	287	270	191	169	212	195	191	224	173	104	88	89	103	55	104	162	99	162	152	241	206	205	158	261	206	172	180	172	184	197	184	189	175	189	115	183	190	191	171	184	183	95	153	263	241	272	324	263	247	230	283	247	188	186	190	182	171	188	163	108	139	133	163	189	202	121	189	153	203	153	165	202	153	220	267	220	163	204	192	142	155	163	120	160	120	180	221	229	223	261	233	221	223	211	221	190	206	223	
97	71	62	34	147	71	235	175	221	239	235	0	14	19	34	23	0	131	118	155	103	131	252	80	246	255	282	215	246	103	121	94	139	109	94	234	238	234	125	148	158	125	54	218	256	221	186	207	218	216	128	241	291	216	42	159	216	159	183	159	43	110	41	104	69	43	32	54	21	49	32	176	193	167	166	176	107	103	94	56	71	107	46	59	60	120	102	59	76	143	65	92	88	76	160	157	144	168	49	44	49	60	164	60	215	220	225	182	255	215	52	94	46	69	31	41	46	26	117	141	166	146	134	193	141	105	142	105	94	77	41	42	106	31	41	79	102	79	263	255	263	47	102	47	125	171	149	141	179	178	171	161	88	205	219	190	203	205	75	63	87	75	265	232	259	219	239	265	108	163	112	129	108	116	112	120	116	101	116	93	86	69	101	71	153	71	111	84	48	93	130	111	223	122	223	89	89	41	112	107	77	89	116	54	102	121	113	116	
92	62	53	30	134	62	238	176	222	243	238	14	0	24	22	26	14	142	130	165	115	142	240	94	247	256	283	216	247	112	116	94	135	119	94	225	231	225	119	153	151	119	57	210	251	211	176	201	210	203	115	229	278	203	28	166	220	167	194	166	57	124	55	118	79	57	46	59	35	43	46	186	199	177	173	186	97	98	82	53	60	97	38	48	48	113	88	48	72	137	64	86	92	72	148	162	131	159	59	45	59	56	152	56	202	207	213	169	243	202	52	80	54	76	42	46	54	17	109	141	165	150	136	194	141	100	143	100	93	63	52	54	116	23	52	75	114	75	255	246	255	51	95	51	131	162	140	132	170	169	162	168	88	192	208	176	189	192	89	77	99	89	257	223	250	210	232	257	103	160	110	125	103	107	102	120	107	97	106	91	82	60	97	59	139	59	105	75	47	97	125	105	218	116	218	82	76	28	100	93	63	76	103	44	90	112	103	103	
115	86	77	52	157	86	254	194	240	257	254	19	24	0	46	42	19	144	129	169	113	144	264	79	265	274	301	234	265	119	139	113	157	124	113	249	255	249	142	166	175	142	35	234	274	235	200	224	234	226	139	252	301	226	42	176	235	176	194	176	45	115	36	104	55	45	37	73	25	66	37	191	211	182	183	191	121	121	106	74	84	121	35	51	54	104	104	51	94	161	84	110	107	94	172	175	154	183	64	25	64	79	175	79	225	229	237	192	266	225	33	96	64	87	45	59	64	41	133	160	185	165	153	212	160	123	161	123	113	84	55	56	120	23	55	97	113	97	279	270	279	66	119	66	143	186	164	156	194	193	186	178	107	215	232	198	206	215	73	66	77	73	281	247	274	234	256	281	126	182	131	147	126	131	126	139	131	119	130	112	104	84	119	83	160	83	128	99	67	112	148	128	241	139	241	106	100	52	124	113	86	100	127	68	114	136	127	127	
73	40	32	20	113	40	227	163	208	234	227	34	22	46	0	29	34	146	137	166	122	146	219	112	231	241	268	203	231	112	97	81	118	121	81	203	210	203	99	147	130	99	77	189	231	189	154	180	189	182	94	208	257	182	29	163	208	164	198	163	75	137	75	135	101	75	63	54	54	25	63	186	192	178	170	186	75	80	60	38	38	75	50	53	51	123	76	53	55	117	52	67	85	55	127	155	111	137	65	65	65	39	131	39	181	186	191	148	222	181	71	67	56	75	52	46	56	9	88	126	149	140	124	180	126	81	129	81	77	45	61	63	119	39	61	58	121	58	234	225	234	48	75	48	126	140	118	110	149	147	140	164	75	171	186	157	173	171	107	94	121	107	236	202	229	189	211	236	83	143	93	108	83	85	80	107	85	80	84	76	65	39	80	38	120	38	85	53	35	89	104	85	199	96	199	62	55	8	79	77	44	55	82	23	69	90	81	82	
76	57	46	15	135	57	213	152	198	217	213	23	26	42	29	0	23	119	109	140	94	119	239	88	223	232	259	193	223	87	99	71	117	95	71	215	218	215	104	127	138	104	77	198	235	207	172	186	198	204	116	230	278	204	52	140	195	141	171	140	53	109	57	109	89	53	40	33	35	30	40	161	173	152	147	161	93	81	81	34	59	93	64	73	73	139	105	73	54	123	42	71	66	54	147	136	134	150	37	67	37	40	153	40	203	208	211	170	244	203	75	96	29	50	24	20	29	20	98	118	143	124	111	170	118	84	119	84	72	72	33	34	92	49	33	57	93	57	243	236	243	25	83	25	105	153	132	124	160	160	153	142	65	193	205	181	200	193	84	68	103	84	245	213	239	200	219	245	88	141	90	107	88	99	98	97	99	79	102	70	64	53	79	60	146	60	90	70	26	72	110	90	201	101	201	69	78	36	101	105	70	78	104	40	91	104	99	104	
97	71	62	34	147	71	235	175	221	239	235	0	14	19	34	23	0	131	118	155	103	131	252	80	246	255	282	215	246	103	121	94	139	109	94	234	238	234	125	148	158	125	54	218	256	221	186	207	218	216	128	241	291	216	42	159	216	159	183	159	43	110	41	104	69	43	32	54	21	49	32	176	193	167	166	176	107	103	94	56	71	107	46	59	60	120	102	59	76	143	65	92	88	76	160	157	144	168	49	44	49	60	164	60	215	220	225	182	255	215	52	94	46	69	31	41	46	26	117	141	166	146	134	193	141	105	142	105	94	77	41	42	106	31	41	79	102	79	263	255	263	47	102	47	125	171	149	141	179	178	171	161	88	205	219	190	203	205	75	63	87	75	265	232	259	219	239	265	108	163	112	129	108	116	112	120	116	101	116	93	86	69	101	71	153	71	111	84	48	93	130	111	223	122	223	89	89	41	112	107	77	89	116	54	102	121	113	116	
140	158	147	128	231	158	159	128	170	148	159	131	142	144	146	119	131	0	17	31	32	0	315	96	194	200	223	159	194	41	149	108	149	29	108	264	258	264	162	74	192	162	169	241	254	279	247	222	241	294	213	316	356	294	170	60	144	61	52	60	106	59	121	86	148	106	108	96	119	134	108	51	102	43	63	51	186	139	181	123	163	186	176	189	190	247	222	189	128	176	113	143	82	128	233	81	231	214	83	164	83	130	245	130	291	299	287	258	326	291	173	213	90	74	100	101	90	139	167	122	142	94	102	147	122	146	118	146	120	186	90	89	29	162	90	129	31	129	278	280	278	101	155	101	64	217	204	199	215	222	217	65	109	282	281	277	309	282	101	90	136	101	282	260	279	249	256	282	150	157	129	143	150	178	186	111	178	131	190	118	127	151	131	167	251	167	153	166	119	85	165	153	216	161	216	148	181	153	200	218	181	181	202	148	191	183	189	202	
139	152	141	119	228	152	174	138	182	164	174	118	130	129	137	109	118	17	0	48	16	17	314	79	207	214	238	172	207	42	150	108	153	30	108	268	264	268	162	86	194	162	153	246	262	280	246	228	246	293	209	315	355	293	158	75	158	76	65	75	90	42	105	70	131	90	93	89	105	126	93	68	118	60	79	68	182	138	175	117	157	182	163	177	178	232	213	177	124	177	108	141	82	124	232	94	227	215	72	149	72	124	242	124	290	298	286	257	325	290	158	204	81	68	88	92	81	129	166	129	150	104	109	158	129	145	125	145	120	178	78	77	27	149	78	125	16	125	285	286	285	93	154	93	72	218	203	198	217	223	218	80	108	281	280	274	303	281	84	73	119	84	289	264	285	253	262	289	149	164	130	146	149	177	182	115	177	131	186	117	125	145	131	161	245	161	152	160	112	85	166	152	224	161	224	145	175	144	194	210	173	175	197	140	185	182	186	197	
147	171	162	146	239	171	133	111	148	120	133	155	165	169	166	140	155	31	48	0	62	31	314	127	171	177	198	137	171	54	150	113	146	46	113	257	250	257	164	59	190	164	196	233	240	278	249	214	233	300	222	319	355	300	192	36	119	37	40	36	134	89	150	117	178	134	135	112	145	150	135	22	76	13	37	22	194	144	192	138	178	194	200	213	213	273	239	213	138	174	125	150	91	138	239	63	240	213	106	191	106	143	252	143	296	304	287	264	327	296	199	230	111	91	124	121	111	159	172	115	131	82	95	129	115	150	110	150	126	202	115	113	49	186	115	138	61	138	269	273	269	119	162	119	59	216	207	203	212	220	216	41	116	288	281	284	320	288	132	120	167	132	272	253	270	243	247	272	155	149	130	141	155	185	193	108	185	135	197	124	135	164	135	182	261	182	158	177	135	91	166	158	204	163	204	156	194	172	209	232	196	194	211	164	202	190	197	211	
131	140	129	105	217	140	182	140	186	174	182	103	115	113	122	94	103	32	16	62	0	32	307	66	211	218	243	176	211	39	144	101	148	30	101	263	260	263	155	90	188	155	137	241	261	273	239	224	241	283	198	306	348	283	143	84	165	85	81	84	74	36	90	60	117	74	77	77	89	113	77	83	127	75	89	83	171	131	163	105	145	171	147	161	163	216	198	161	114	171	97	131	75	114	222	99	216	208	57	133	57	112	232	112	281	288	279	247	317	281	142	189	67	57	73	78	67	114	158	127	150	105	108	161	127	137	123	137	112	164	63	61	25	133	63	115	2	115	282	281	282	79	145	79	73	211	196	190	211	217	211	88	101	271	273	263	290	271	70	58	106	70	286	260	281	248	259	286	142	162	124	141	142	167	172	111	167	123	176	110	116	133	123	147	233	147	145	149	99	79	160	145	223	154	223	135	163	129	183	197	160	163	186	127	173	173	175	186	
140	158	147	128	231	158	159	128	170	148	159	131	142	144	146	119	131	0	17	31	32	0	315	96	194	200	223	159	194	41	149	108	149	29	108	264	258	264	162	74	192	162	169	241	254	279	247	222	241	294	213	316	356	294	170	60	144	61	52	60	106	59	121	86	148	106	108	96	119	134	108	51	102	43	63	51	186	139	181	123	163	186	176	189	190	247	222	189	128	176	113	143	82	128	233	81	231	214	83	164	83	130	245	130	291	299	287	258	326	291	173	213	90	74	100	101	90	139	167	122	142	94	102	147	122	146	118	146	120	186	90	89	29	162	90	129	31	129	278	280	278	101	155	101	64	217	204	199	215	222	217	65	109	282	281	277	309	282	101	90	136	101	282	260	279	249	256	282	150	157	129	143	150	178	186	111	178	131	190	118	127	151	131	167	251	167	153	166	119	85	165	153	216	161	216	148	181	153	200	218	181	181	202	148	191	183	189	202	
176	182	193	224	107	182	268	224	227	292	268	252	240	264	219	239	252	315	314	314	307	315	0	325	232	239	254	233	232	274	166	208	169	287	208	81	100	81	153	260	124	153	288	100	143	36	68	120	100	49	125	28	41	49	227	287	259	286	354	287	291	336	293	343	319	291	279	235	272	209	279	325	281	319	291	325	146	176	159	210	181	146	249	238	231	286	182	238	195	140	213	177	233	195	92	261	112	102	262	276	262	203	90	203	46	48	28	72	20	46	279	184	250	250	261	241	250	226	149	201	195	237	220	219	201	170	208	170	195	181	266	266	288	248	266	193	305	193	106	86	106	236	163	236	256	99	111	117	104	94	99	284	206	54	34	78	121	54	323	305	339	323	104	85	96	86	105	104	165	173	186	173	165	142	141	206	142	185	137	197	191	186	185	181	117	181	162	169	218	230	150	162	151	154	151	175	164	212	141	162	178	164	137	199	150	136	140	137	
154	145	134	103	223	145	244	197	244	239	244	80	94	79	112	88	80	96	79	127	66	96	325	0	270	278	304	235	270	96	174	135	187	93	135	294	296	294	183	151	217	183	88	276	305	293	258	262	276	292	204	318	365	292	120	149	227	150	138	149	37	45	44	25	56	37	49	94	59	117	49	147	191	139	155	147	180	158	169	116	147	180	113	129	133	168	182	129	133	201	116	152	114	133	234	161	221	233	67	89	67	123	241	123	291	296	297	258	331	291	95	174	78	88	65	85	78	103	180	174	199	162	159	217	174	162	173	162	142	156	60	60	87	102	60	135	67	135	320	315	320	91	165	91	131	236	217	209	240	242	236	153	132	281	292	268	283	281	7	20	41	7	323	292	317	279	296	323	166	206	159	177	166	184	185	154	184	152	189	140	140	140	152	148	232	148	169	157	107	120	188	169	268	180	268	152	165	120	188	187	155	165	192	128	179	190	186	192	
162	205	205	217	218	205	48	74	26	75	48	246	247	265	231	223	246	194	207	171	211	194	232	270	0	10	37	35	0	174	141	153	119	181	153	152	135	152	147	121	139	147	300	132	100	201	190	114	132	245	213	249	264	245	260	135	54	134	200	135	256	247	269	271	304	256	248	194	252	206	248	166	98	166	134	166	197	155	208	195	212	197	281	284	280	354	272	284	176	138	183	169	162	176	204	113	223	158	213	290	213	192	221	192	239	249	213	221	251	239	298	265	207	187	228	208	207	231	163	106	83	108	115	54	106	157	104	157	155	237	223	223	186	269	223	174	209	174	140	155	140	201	169	201	139	158	169	173	144	157	158	130	159	235	208	247	302	235	272	254	306	272	144	147	147	146	130	144	157	94	138	127	157	177	190	127	177	152	191	156	166	201	152	217	249	217	157	199	200	156	144	157	81	150	81	177	215	232	212	252	229	215	211	213	212	178	194	211	
172	215	215	226	227	215	50	82	34	75	50	255	256	274	241	232	255	200	214	177	218	200	239	278	10	0	27	43	10	182	151	162	129	188	162	158	141	158	157	128	148	157	309	139	104	209	198	121	139	253	223	257	270	253	270	141	58	140	204	141	264	254	277	278	312	264	256	202	261	216	256	170	102	171	140	170	206	165	217	204	222	206	291	294	290	364	281	294	186	148	192	179	170	186	213	120	232	166	221	299	221	202	229	202	247	256	221	230	258	247	307	274	215	195	236	216	215	241	173	116	92	116	123	62	116	167	113	167	165	247	231	231	194	278	231	184	216	184	145	160	145	209	178	209	147	167	178	182	153	166	167	136	168	244	215	256	310	244	280	262	314	280	148	154	152	153	136	148	167	104	148	137	167	187	200	136	187	162	200	166	176	211	162	227	258	227	166	208	209	164	153	166	88	159	88	187	224	242	221	262	239	224	221	223	221	188	204	221	
199	242	242	253	251	242	66	109	61	87	66	282	283	301	268	259	282	223	238	198	243	223	254	304	37	27	0	69	37	208	177	189	156	213	189	174	155	174	183	153	172	183	336	156	115	226	219	141	156	272	248	274	283	272	297	164	80	163	223	164	291	279	304	303	339	291	283	229	288	243	283	190	123	192	161	190	232	192	244	231	249	232	318	321	317	391	308	321	213	173	219	206	197	213	236	145	256	189	248	326	248	229	252	229	266	276	238	251	274	266	334	301	242	222	263	243	242	268	199	143	119	143	150	89	143	194	140	194	192	274	258	258	219	305	258	211	241	211	155	173	155	236	205	236	173	189	202	207	175	188	189	159	195	264	234	278	333	264	306	288	341	306	159	169	164	170	150	159	193	130	175	164	193	213	226	163	213	189	226	193	203	238	189	253	282	253	193	235	236	191	179	193	106	186	106	214	251	269	247	288	266	251	246	250	247	213	230	246	
136	179	178	187	203	179	35	41	11	59	35	215	216	234	203	193	215	159	172	137	176	159	233	235	35	43	69	0	35	139	118	122	97	146	122	157	142	157	126	86	126	126	269	134	116	200	182	114	134	239	195	248	268	239	232	101	27	100	168	101	222	212	235	236	270	222	215	162	220	178	215	134	67	133	100	134	176	129	185	165	186	176	252	256	252	326	249	256	148	120	153	143	129	148	192	78	208	147	179	259	179	164	209	164	233	243	212	211	251	233	267	241	174	154	195	176	174	201	142	77	57	74	82	23	77	132	74	132	126	212	190	189	152	239	190	146	174	146	153	164	153	169	145	169	104	149	156	157	136	149	149	96	129	228	206	237	290	228	238	219	272	238	157	152	158	148	138	157	133	74	111	103	133	157	170	97	157	125	171	127	138	174	125	191	234	191	133	174	170	123	124	133	87	128	87	151	191	204	192	231	204	191	192	185	191	159	174	192	
162	205	205	217	218	205	48	74	26	75	48	246	247	265	231	223	246	194	207	171	211	194	232	270	0	10	37	35	0	174	141	153	119	181	153	152	135	152	147	121	139	147	300	132	100	201	190	114	132	245	213	249	264	245	260	135	54	134	200	135	256	247	269	271	304	256	248	194	252	206	248	166	98	166	134	166	197	155	208	195	212	197	281	284	280	354	272	284	176	138	183	169	162	176	204	113	223	158	213	290	213	192	221	192	239	249	213	221	251	239	298	265	207	187	228	208	207	231	163	106	83	108	115	54	106	157	104	157	155	237	223	223	186	269	223	174	209	174	140	155	140	201	169	201	139	158	169	173	144	157	158	130	159	235	208	247	302	235	272	254	306	272	144	147	147	146	130	144	157	94	138	127	157	177	190	127	177	152	191	156	166	201	152	217	249	217	157	199	200	156	144	157	81	150	81	177	215	232	212	252	229	215	211	213	212	178	194	211	
99	119	109	92	190	119	148	102	149	145	148	103	112	119	112	87	103	41	42	54	39	41	274	96	174	182	208	139	174	0	109	67	111	13	67	226	222	226	121	55	153	121	149	204	222	239	206	186	204	253	172	275	315	253	138	58	131	58	89	58	91	75	106	97	138	91	88	59	97	96	88	74	97	66	64	74	145	98	141	85	125	145	149	160	160	223	185	160	87	136	73	102	41	87	192	65	190	174	55	143	55	90	204	90	250	258	246	217	285	250	151	176	58	37	74	67	58	105	126	88	111	67	69	123	88	105	84	105	79	148	65	64	15	134	65	88	37	88	244	244	244	65	114	65	35	177	163	158	176	182	177	61	68	241	240	236	270	241	99	82	135	99	247	223	243	211	221	247	109	123	89	104	109	137	145	73	137	90	149	77	86	112	90	129	211	129	112	125	81	44	125	112	184	120	184	107	142	118	159	180	143	142	161	110	151	142	148	161	
24	65	67	87	95	65	148	84	120	163	148	121	116	139	97	99	121	149	150	150	144	149	166	174	141	151	177	118	141	109	0	43	22	121	43	121	122	121	14	100	45	14	172	102	136	130	99	88	102	150	82	169	207	150	124	126	132	126	190	126	147	175	155	188	188	147	135	81	134	73	135	163	133	156	132	163	59	18	68	65	72	59	146	146	142	216	132	146	45	28	60	31	69	45	91	104	98	65	108	161	108	61	106	61	146	155	138	115	178	146	168	124	97	90	114	92	97	99	26	47	61	80	61	95	47	17	53	17	33	97	115	115	124	136	115	42	142	42	146	141	146	85	28	85	91	68	57	54	68	73	68	124	44	138	132	138	182	138	174	154	200	174	149	119	143	106	122	149	16	48	20	15	16	42	55	43	42	22	56	35	36	62	22	76	123	76	16	58	73	65	16	16	102	14	102	37	74	96	76	114	89	74	77	76	74	45	59	77	
34	66	61	65	126	66	146	82	128	154	146	94	94	113	81	71	94	108	108	113	101	108	208	135	153	162	189	122	153	67	43	0	52	79	0	164	163	164	55	73	88	55	148	143	171	173	140	128	143	188	109	208	249	188	110	96	127	96	152	96	110	133	121	147	156	110	101	44	102	56	101	129	115	121	102	129	81	32	82	43	74	81	130	134	131	204	139	134	31	71	31	37	26	31	127	80	127	108	69	138	69	44	139	44	184	193	180	152	218	184	146	130	59	48	79	57	59	79	60	47	72	60	43	100	47	38	49	38	13	100	77	77	81	117	77	29	99	29	186	183	186	50	49	50	57	111	97	92	111	116	111	95	7	176	174	171	208	176	135	115	163	135	189	161	184	149	162	189	43	72	25	43	43	72	80	26	72	23	84	11	23	60	23	78	149	78	46	67	48	23	59	46	134	54	134	45	85	83	97	126	93	85	99	66	91	77	84	99	
45	86	88	106	111	86	128	66	98	145	128	139	135	157	118	117	139	149	153	146	148	149	169	187	119	129	156	97	119	111	22	52	0	123	52	115	112	115	30	91	45	30	191	93	120	133	105	76	93	160	100	175	210	160	145	118	112	117	185	118	161	182	170	198	204	161	150	94	150	93	150	156	119	150	123	156	79	38	89	83	93	79	167	167	163	237	153	167	63	31	76	52	75	63	103	93	115	69	120	180	120	79	119	79	155	164	142	127	182	155	187	146	110	99	129	106	110	118	45	33	40	69	51	74	33	38	40	38	46	118	128	128	126	156	128	61	146	61	134	133	134	99	50	99	87	71	67	66	67	75	71	115	55	148	136	151	198	148	186	167	214	186	138	112	133	101	111	138	38	26	28	10	38	61	74	39	61	38	75	48	53	83	38	98	140	98	38	80	91	69	28	38	84	32	84	58	96	117	95	135	110	96	96	97	94	63	78	96	
112	130	120	102	202	130	152	110	156	147	152	109	119	124	121	95	109	29	30	46	30	29	287	93	181	188	213	146	181	13	121	79	123	0	79	238	234	238	134	60	165	134	153	216	232	251	219	198	216	266	184	287	328	266	146	57	135	58	78	57	92	66	108	90	138	92	91	69	101	106	91	67	99	58	63	67	157	111	152	96	136	157	155	167	167	228	195	167	99	148	84	114	54	99	205	69	202	186	60	147	60	101	217	101	263	271	259	230	297	263	155	186	66	47	79	75	66	114	139	99	121	75	79	131	99	117	95	117	92	158	70	68	6	140	70	100	28	100	255	256	255	74	127	74	43	189	176	171	188	194	189	61	81	254	253	248	281	254	96	81	132	96	259	235	255	224	232	259	122	134	101	117	122	150	157	85	150	102	161	90	98	123	102	140	222	140	125	137	91	57	137	125	195	133	195	119	153	128	171	190	153	153	173	120	162	155	160	173	
34	66	61	65	126	66	146	82	128	154	146	94	94	113	81	71	94	108	108	113	101	108	208	135	153	162	189	122	153	67	43	0	52	79	0	164	163	164	55	73	88	55	148	143	171	173	140	128	143	188	109	208	249	188	110	96	127	96	152	96	110	133	121	147	156	110	101	44	102	56	101	129	115	121	102	129	81	32	82	43	74	81	130	134	131	204	139	134	31	71	31	37	26	31	127	80	127	108	69	138	69	44	139	44	184	193	180	152	218	184	146	130	59	48	79	57	59	79	60	47	72	60	43	100	47	38	49	38	13	100	77	77	81	117	77	29	99	29	186	183	186	50	49	50	57	111	97	92	111	116	111	95	7	176	174	171	208	176	135	115	163	135	189	161	184	149	162	189	43	72	25	43	43	72	80	26	72	23	84	11	23	60	23	78	149	78	46	67	48	23	59	46	134	54	134	45	85	83	97	126	93	85	99	66	91	77	84	99	
140	164	172	201	117	164	190	154	149	216	190	234	225	249	203	215	234	264	268	257	263	264	81	294	152	158	174	157	152	226	121	164	115	238	164	0	19	0	112	199	77	112	279	24	63	56	66	45	24	105	126	102	112	105	221	225	183	225	296	225	265	296	272	309	303	265	253	201	250	185	253	264	211	259	229	264	131	137	147	181	167	131	244	238	232	300	196	238	162	94	179	144	189	162	96	198	123	66	228	267	228	175	108	175	99	108	68	97	100	99	272	193	217	211	232	210	217	208	117	142	128	176	162	146	142	132	147	132	154	179	234	235	241	239	234	159	261	159	37	22	37	204	132	204	200	63	86	94	55	56	63	222	165	100	64	121	177	100	293	274	318	293	37	5	28	15	24	37	128	108	139	122	128	118	125	153	118	143	121	156	155	165	143	169	143	169	125	151	190	184	107	125	71	114	71	146	154	198	137	173	172	154	134	181	144	114	125	134	
143	171	178	205	132	171	175	144	134	201	175	238	231	255	210	218	238	258	264	250	260	258	100	296	135	141	155	142	135	222	122	163	112	234	163	19	0	19	115	191	81	115	287	21	44	75	82	36	21	124	139	121	129	124	230	216	169	216	288	216	268	294	275	309	307	268	256	203	253	190	256	255	200	251	220	255	140	139	156	184	174	140	253	247	241	311	209	247	165	96	181	147	187	165	111	189	138	75	230	275	230	179	124	179	118	127	87	115	119	118	280	206	219	210	235	213	219	214	122	136	119	168	156	133	136	135	141	135	154	188	237	237	237	247	237	162	258	162	25	23	25	206	136	206	194	72	95	103	61	66	72	213	166	119	83	139	195	119	296	276	321	296	27	16	21	25	5	27	131	101	138	121	131	126	134	149	126	144	130	157	157	171	144	177	159	177	128	158	193	181	109	128	55	117	55	150	163	206	148	186	181	163	145	187	153	122	134	145	
140	164	172	201	117	164	190	154	149	216	190	234	225	249	203	215	234	264	268	257	263	264	81	294	152	158	174	157	152	226	121	164	115	238	164	0	19	0	112	199	77	112	279	24	63	56	66	45	24	105	126	102	112	105	221	225	183	225	296	225	265	296	272	309	303	265	253	201	250	185	253	264	211	259	229	264	131	137	147	181	167	131	244	238	232	300	196	238	162	94	179	144	189	162	96	198	123	66	228	267	228	175	108	175	99	108	68	97	100	99	272	193	217	211	232	210	217	208	117	142	128	176	162	146	142	132	147	132	154	179	234	235	241	239	234	159	261	159	37	22	37	204	132	204	200	63	86	94	55	56	63	222	165	100	64	121	177	100	293	274	318	293	37	5	28	15	24	37	128	108	139	122	128	118	125	153	118	143	121	156	155	165	143	169	143	169	125	151	190	184	107	125	71	114	71	146	154	198	137	173	172	154	134	181	144	114	125	134	
29	62	67	91	83	62	158	95	127	174	158	125	119	142	99	104	125	162	162	164	155	162	153	183	147	157	183	126	147	121	14	55	30	134	55	112	115	112	0	114	35	0	175	94	132	118	86	83	94	137	70	155	194	137	123	140	142	140	203	140	154	186	161	198	193	154	142	89	139	76	142	177	146	170	146	177	50	26	61	70	69	50	146	144	139	213	125	144	51	19	67	33	81	51	77	117	86	53	116	164	116	65	92	65	133	141	125	102	165	133	170	118	105	100	121	99	105	102	16	60	70	93	74	104	60	21	66	21	43	91	123	123	136	137	123	48	153	48	139	133	139	92	24	92	105	56	44	40	58	62	56	138	55	125	119	124	170	125	182	163	207	182	142	110	135	97	115	142	17	53	34	26	17	31	44	56	31	32	45	46	43	60	32	73	111	73	14	53	79	77	6	14	101	3	101	37	68	95	66	106	83	68	66	76	65	33	48	66	
104	139	132	127	194	139	93	54	96	92	93	148	153	166	147	127	148	74	86	59	90	74	260	151	121	128	153	86	121	55	100	73	91	60	73	199	191	199	114	0	136	114	198	175	182	224	196	155	175	250	179	266	301	250	175	27	76	26	97	27	144	126	159	150	192	144	139	95	146	124	139	66	46	60	32	66	153	99	155	111	146	153	191	199	197	266	211	199	103	122	97	109	62	103	191	10	196	160	103	190	103	114	206	114	245	254	233	215	273	245	199	202	102	79	122	108	102	142	125	59	72	23	40	73	59	105	53	105	84	173	114	113	66	176	114	102	88	102	210	214	210	103	119	103	23	162	156	154	157	166	162	24	79	238	227	238	279	238	154	137	190	154	214	195	212	185	189	214	109	91	82	89	109	140	150	58	140	91	153	84	96	132	91	151	220	151	111	140	112	58	115	111	145	114	145	117	158	151	169	199	165	158	171	137	164	144	154	171	
63	92	98	125	79	92	160	104	124	180	160	158	151	175	130	138	158	192	194	190	188	192	124	217	139	148	172	126	139	153	45	88	45	165	88	77	81	77	35	136	0	35	207	60	103	88	61	51	60	117	76	131	165	117	152	163	147	162	230	163	188	220	195	232	227	188	176	124	173	110	176	201	161	195	167	201	67	60	81	104	96	67	176	172	166	238	141	172	85	17	102	67	114	85	66	137	84	24	151	195	151	99	83	99	112	121	98	86	138	112	201	136	140	134	155	133	140	134	42	77	76	113	96	106	77	55	84	55	77	114	157	158	168	168	157	82	186	82	105	98	105	127	56	127	132	27	30	35	23	30	27	160	89	106	92	112	164	106	216	197	241	216	107	75	101	62	81	107	51	53	64	49	51	48	59	82	48	66	58	80	78	91	66	99	110	99	48	80	113	109	30	48	76	37	76	70	89	126	78	120	106	89	77	107	81	46	62	77	
29	62	67	91	83	62	158	95	127	174	158	125	119	142	99	104	125	162	162	164	155	162	153	183	147	157	183	126	147	121	14	55	30	134	55	112	115	112	0	114	35	0	175	94	132	118	86	83	94	137	70	155	194	137	123	140	142	140	203	140	154	186	161	198	193	154	142	89	139	76	142	177	146	170	146	177	50	26	61	70	69	50	146	144	139	213	125	144	51	19	67	33	81	51	77	117	86	53	116	164	116	65	92	65	133	141	125	102	165	133	170	118	105	100	121	99	105	102	16	60	70	93	74	104	60	21	66	21	43	91	123	123	136	137	123	48	153	48	139	133	139	92	24	92	105	56	44	40	58	62	56	138	55	125	119	124	170	125	182	163	207	182	142	110	135	97	115	142	17	53	34	26	17	31	44	56	31	32	45	46	43	60	32	73	111	73	14	53	79	77	6	14	101	3	101	37	68	95	66	106	83	68	66	76	65	33	48	66	
148	116	109	86	181	116	288	228	275	290	288	54	57	35	77	77	54	169	153	196	137	169	288	88	300	309	336	269	300	149	172	148	191	153	148	279	287	279	175	198	207	175	0	266	307	261	228	257	266	247	164	274	324	247	61	207	270	207	218	207	63	131	48	113	41	63	62	108	53	99	62	218	243	209	213	218	149	155	133	109	113	149	40	54	61	80	115	54	128	193	118	143	141	128	198	208	177	213	95	12	95	112	198	112	247	250	262	216	288	247	10	110	97	120	77	94	97	74	165	195	220	199	187	247	195	156	196	156	148	107	85	86	148	41	85	131	138	131	311	301	311	100	152	100	176	216	194	186	226	223	216	209	142	237	258	218	217	237	81	82	69	81	313	278	306	265	288	313	159	216	166	181	159	161	155	174	161	153	159	146	138	116	153	111	178	111	161	129	102	147	181	161	274	172	274	138	127	81	149	130	111	127	153	100	140	166	155	153	
